,bt_pt-O,bt_pt-A,bt_pt-B,bt_pt-AB
0,1.0,0.0,0.0,0.0
1,1.0,0.0,0.0,0.0
2,1.0,0.0,0.0,0.0
3,1.0,0.0,0.0,0.0
4,1.0,0.0,0.0,0.0
5,1.0,0.0,0.0,0.0
6,1.0,0.0,0.0,0.0
7,1.0,0.0,0.0,0.0
8,1.0,0.0,0.0,0.0
9,1.0,0.0,0.0,0.0
10,1.0,0.0,0.0,0.0
11,1.0,0.0,0.0,0.0
12,1.0,0.0,0.0,0.0
13,1.0,0.0,0.0,0.0
14,1.0,0.0,0.0,0.0
15,1.0,0.0,0.0,0.0
16,1.0,0.0,0.0,0.0
17,1.0,0.0,0.0,0.0
18,1.0,0.0,0.0,0.0
19,1.0,0.0,0.0,0.0
20,1.0,0.0,0.0,0.0
21,1.0,0.0,0.0,0.0
22,1.0,0.0,0.0,0.0
23,1.0,0.0,0.0,0.0
24,1.0,0.0,0.0,0.0
25,1.0,0.0,0.0,0.0
26,1.0,0.0,0.0,0.0
27,1.0,0.0,0.0,0.0
28,1.0,0.0,0.0,0.0
29,1.0,0.0,0.0,0.0
30,1.0,0.0,0.0,0.0
31,1.0,0.0,0.0,0.0
32,1.0,0.0,0.0,0.0
33,1.0,0.0,0.0,0.0
34,1.0,0.0,0.0,0.0
35,1.0,0.0,0.0,0.0
36,1.0,0.0,0.0,0.0
37,1.0,0.0,0.0,0.0
38,1.0,0.0,0.0,0.0
39,1.0,0.0,0.0,0.0
40,1.0,0.0,0.0,0.0
41,1.0,0.0,0.0,0.0
42,1.0,0.0,0.0,0.0
43,1.0,0.0,0.0,0.0
44,1.0,0.0,0.0,0.0
45,1.0,0.0,0.0,0.0
46,1.0,0.0,0.0,0.0
47,1.0,0.0,0.0,0.0
48,1.0,0.0,0.0,0.0
49,1.0,0.0,0.0,0.0
50,1.0,0.0,0.0,0.0
51,1.0,0.0,0.0,0.0
52,1.0,0.0,0.0,0.0
53,1.0,0.0,0.0,0.0
54,1.0,0.0,0.0,0.0
55,1.0,0.0,0.0,0.0
56,1.0,0.0,0.0,0.0
57,1.0,0.0,0.0,0.0
58,1.0,0.0,0.0,0.0
59,1.0,0.0,0.0,0.0
60,1.0,0.0,0.0,0.0
61,1.0,0.0,0.0,0.0
62,1.0,0.0,0.0,0.0
63,1.0,0.0,0.0,0.0
64,1.0,0.0,0.0,0.0
65,1.0,0.0,0.0,0.0
66,1.0,0.0,0.0,0.0
67,1.0,0.0,0.0,0.0
68,1.0,0.0,0.0,0.0
69,1.0,0.0,0.0,0.0
70,1.0,0.0,0.0,0.0
71,1.0,0.0,0.0,0.0
72,1.0,0.0,0.0,0.0
73,1.0,0.0,0.0,0.0
74,1.0,0.0,0.0,0.0
75,1.0,0.0,0.0,0.0
76,1.0,0.0,0.0,0.0
77,1.0,0.0,0.0,0.0
78,1.0,0.0,0.0,0.0
79,1.0,0.0,0.0,0.0
80,1.0,0.0,0.0,0.0
81,1.0,0.0,0.0,0.0
82,1.0,0.0,0.0,0.0
83,1.0,0.0,0.0,0.0
84,1.0,0.0,0.0,0.0
85,1.0,0.0,0.0,0.0
86,1.0,0.0,0.0,0.0
87,1.0,0.0,0.0,0.0
88,1.0,0.0,0.0,0.0
89,1.0,0.0,0.0,0.0
90,1.0,0.0,0.0,0.0
91,1.0,0.0,0.0,0.0
92,1.0,0.0,0.0,0.0
93,1.0,0.0,0.0,0.0
94,1.0,0.0,0.0,0.0
95,1.0,0.0,0.0,0.0
96,1.0,0.0,0.0,0.0
97,1.0,0.0,0.0,0.0
98,1.0,0.0,0.0,0.0
99,1.0,0.0,0.0,0.0
100,0.985785746124511,0.01421425387548908,0.0,0.0
101,0.9715743079284901,0.02842569207150993,0.0,0.0
102,0.95736568457539,0.042634315424610054,0.0,0.0
103,0.9431598752289944,0.05684012477100559,0.0,0.0
104,0.9289568790534185,0.07104312094658151,0.0,0.0
105,0.9147566952131083,0.07103608732240978,0.014207217464481956,0.0
106,0.9005593228728407,0.07102905509082809,0.028411622036331238,0.0
107,0.8863647611977233,0.07102202425142291,0.04261321455085375,0.0
108,0.8721730093531944,0.07101499480378087,0.056811995843024696,0.0
109,0.8580335494086793,0.07100796674748874,0.07095848384383195,0.0
110,0.8580475978427589,0.07100094008213349,0.07095146207510762,0.0
111,0.8581111166081234,0.07094444169593826,0.07094444169593826,0.0
112,0.8581251545881771,0.07098689092258224,0.07088795448924066,0.0
113,0.857990799821932,0.07107879507345304,0.07093040510461493,0.0
114,0.8580048469261585,0.07117068104258371,0.07082447203125773,0.0
115,0.8579694377132684,0.07126254883536917,0.07076801345136244,0.0
116,0.857934035504129,0.07125550116204322,0.07081046333382782,0.0
117,0.8577503090234858,0.07139678615574784,0.07085290482076638,0.0
118,0.8575736602728891,0.07158394304923868,0.07084239667787226,0.0
119,0.8575947802876773,0.07157332806089664,0.07083189165142603,0.0
120,0.8567615658362989,0.07236061684460261,0.07087781731909845,0.0
121,0.8554907581298804,0.07363843036473262,0.07087081150538697,0.0
122,0.8535777821703894,0.07560782763391975,0.07081439019569084,0.0
123,0.8515590255472649,0.0775806690715027,0.07086030538123239,0.0
124,0.8489624505928853,0.08013833992094861,0.070899209486166,0.0
125,0.8453445295134601,0.08332921709063966,0.07122746357125216,9.878982464806126e-05
126,0.8421728395061728,0.08548148148148148,0.07219753086419753,0.00014814814814814815
127,0.8372655478775913,0.08884501480750247,0.07354392892398816,0.00034550839091806513
128,0.8325604341391218,0.09121854958066107,0.07567834237789837,0.0005426739023186975
129,0.8276542235810445,0.09359435869618818,0.07806104837516643,0.0006903693476009665
130,0.8224685883222469,0.09588568612958857,0.0806109879280611,0.0010347376201034738
131,0.8158140908867116,0.09950273250947762,0.0833046132637487,0.0013785633400620354
132,0.8087606312374023,0.10255149697654982,0.08662307654490929,0.002064795241138587
133,0.802368433983588,0.10628470345437571,0.08908653137437963,0.0022603311876566263
134,0.7961408160259242,0.10998183335788285,0.09127510188049295,0.0026022487356999065
135,0.7903803680981595,0.11337423312883435,0.09349693251533742,0.0027484662576687116
136,0.7829730921923247,0.11699259912757928,0.09665245307062686,0.0033818556094691956
137,0.7754612636421475,0.12034454069397543,0.10013213918660989,0.0040620564772671655
138,0.7688884542031396,0.12377133356154335,0.1029390190229351,0.004401193212382024
139,0.7622049552851488,0.12705859355910668,0.10604505693202365,0.004691394223720862
140,0.7549655946513103,0.12991069249914597,0.10980430432872969,0.005319408520814016
141,0.7481589856132651,0.13274811021702024,0.11348451597171422,0.005608388198000487
142,0.7421665610837679,0.1345938307100044,0.1172944788265679,0.00594512937965986
143,0.7379108838568298,0.13591429267104943,0.11994156318480642,0.006233260287314342
144,0.7337033250572027,0.1365561559807215,0.12341171315904775,0.00632880580302809
145,0.7302769260719326,0.13739232004672214,0.1259064583637514,0.006424295517593809
146,0.7272417651924293,0.13847126940106066,0.12776723592662872,0.006519729479881282
147,0.723938317847935,0.13961181106192538,0.12988276499489226,0.006567106095247361
148,0.7217547784640825,0.1407032731871018,0.1309274840717864,0.006614464277029327
149,0.7206146962991782,0.14141905364003307,0.13135242912026454,0.006613820940524243
150,0.7188001361271816,0.14269045651222714,0.13180028197773347,0.0067091253828576985
151,0.7170425821504958,0.14403072136885087,0.13221854948473655,0.00670814699591678
152,0.7143967737233371,0.14581410038384918,0.13293814683445895,0.006850979058354793
153,0.7117112741050178,0.14742313110215186,0.13391946373925293,0.0069461310535775
154,0.7090617715617715,0.14884421134421136,0.1351010101010101,0.006993006993006993
155,0.70595087855548,0.15051936705174254,0.13634598582661878,0.007183768566158625
156,0.7024063652241412,0.15243547448088493,0.13778381525325054,0.007374345041723268
157,0.6994278510473235,0.1545287044220326,0.1384309542280838,0.007612490302560124
158,0.6964277058795018,0.15675439872037225,0.13911104648344724,0.007706848916678785
159,0.6930904157379592,0.1596084891946894,0.13945149723810446,0.00784959782924702
160,0.6898856810695602,0.16188723115675258,0.14028289091261384,0.007944196861073435
161,0.6853546356814331,0.1646090534979424,0.14185427257322683,0.008182038247397725
162,0.6810816040245731,0.1672229478063174,0.14313355584578918,0.008561892323320273
163,0.6766412066131683,0.16953495117470754,0.14502562119307744,0.008798221019046698
164,0.6730601990530486,0.1717557251908397,0.1461493864141463,0.009034689341965408
165,0.6682599459250675,0.17443993820007725,0.14798184627269215,0.009318269602162997
166,0.6633548760490017,0.1775827143821742,0.14927172759718338,0.009790681971640782
167,0.6591500433651344,0.17967620699624168,0.15095885130577238,0.010214898332851498
168,0.6546277569103341,0.18246171626697485,0.15246075315419436,0.010449773668496582
169,0.6509143407122233,0.1850818094321463,0.15327237728585177,0.010731472569778633
170,0.6472879399884593,0.18700711675322176,0.15464512406231967,0.011059819195999231
171,0.6442917547568711,0.1886892177589852,0.15563136651931578,0.011387660964827984
172,0.641313742437338,0.19067511764140976,0.15634303274752712,0.011668107173725151
173,0.6395527401861983,0.1919090123812266,0.15663691333141377,0.01190133410116134
174,0.6381345360330103,0.19273582189809038,0.15718261203339412,0.01194703003550523
175,0.6366906474820144,0.19347721822541966,0.15774580335731414,0.012086330935251799
176,0.6357142857142857,0.1950143815915628,0.15699904122722916,0.012272291466922339
177,0.6342983128834356,0.19627108895705522,0.15711273006134968,0.01231786809815951
178,0.6336496070538624,0.19747939428790492,0.15650757140118843,0.012363427257044278
179,0.6340295075684997,0.19812224564092737,0.15534585169572715,0.012502395094845756
180,0.6347313990232691,0.19802738676625492,0.1545532892846883,0.01268792492578761
181,0.6359938750119629,0.19753086419753085,0.1535553641496794,0.012919896640826873
182,0.6385380788365863,0.19670876387294298,0.1517412935323383,0.013011863758132415
183,0.6406369548584545,0.19515110941086458,0.15106159143075745,0.013150344299923488
184,0.6439567794989481,0.19210174029451138,0.15074584050487666,0.013195639701663799
185,0.6469744766274734,0.18999139661600228,0.14974667813784534,0.013287448618678902
186,0.64970374617737,0.1894590978593272,0.14745795107033638,0.013379204892966361
187,0.6519102196752626,0.18915950334288442,0.1453199617956065,0.013610315186246419
188,0.654573228947871,0.18803704410922284,0.1436413977468016,0.01374832919610464
189,0.65635886423288,0.18821283703173466,0.1415413982343116,0.01388690050107373
190,0.6584144247281053,0.18665331043693953,0.14090822362144628,0.014024041213508873
191,0.6614995707335687,0.1842506915959172,0.14022703424592198,0.014022703424592197
192,0.6650138266425097,0.18141508534375894,0.13941069896061792,0.014160389053113379
193,0.6663013959693173,0.17914145504788223,0.14007337176616322,0.014483777216637286
194,0.6668730060473311,0.17684872148945288,0.1415646873958383,0.014713585067377744
195,0.6665873506876695,0.1764146004854138,0.14205491838385761,0.014943130443059059
196,0.6651760228353949,0.17768791627021885,0.14210275927687915,0.015033301617507136
197,0.6635113922846406,0.17894686771631071,0.14246301669599962,0.015078723303049041
198,0.66058099177483,0.18123900537250986,0.14291827128797605,0.015261731564684067
199,0.6578759800427655,0.18384414350201947,0.14278926110715134,0.015490615348063673
200,0.6550348953140578,0.18530123913972368,0.14380667521245785,0.015857190333760623
201,0.6510656476954478,0.1870698248445436,0.14596288033417193,0.015901647125836617
202,0.6481665955125469,0.18851098145249276,0.14714671979507613,0.016175703239884254
203,0.6459765754658827,0.1894826686898383,0.14822893451562427,0.01631182132865475
204,0.6441264275221532,0.19011514950480973,0.14917310335023456,0.016585319622802446
205,0.6427251622684418,0.19121618420429243,0.14942909935092624,0.016629554176339604
206,0.6411154774868614,0.19184697694237962,0.1501349367927655,0.016902608777993468
207,0.6405074075827141,0.19240781937804705,0.15009229895394519,0.0169924740852937
208,0.6391425732267071,0.19348885629110868,0.15028628211801448,0.017082288364169782
209,0.6389401466761296,0.19384906553110953,0.1501301159214573,0.017080671871303525
210,0.6381519837329171,0.19473211330212323,0.14980848347283302,0.017307419492126542
211,0.6382727143735515,0.19491084519699192,0.14964763751596272,0.017168802913493826
212,0.6384881025592507,0.19447466767585977,0.1500070958891149,0.017030133875774636
213,0.6393737287734733,0.19436166690317394,0.14923608154770351,0.017028522775649212
214,0.640853398930886,0.19400160840153272,0.14820947064667203,0.01693552202090922
215,0.6411711839553474,0.19336833640792772,0.14852655976538479,0.01693391987134005
216,0.640928649108705,0.1933897583810109,0.14861222752848835,0.01706936498179583
217,0.6421983635245708,0.1932554509766826,0.14766116445159155,0.016885021047155085
218,0.6438881264492925,0.19274998816904074,0.14679854242581988,0.01656334295584686
219,0.6441143073429221,0.1924205147615443,0.1468584405753217,0.01660673732021196
220,0.6446621237932992,0.1925989021389362,0.14627105811092184,0.016467915956842702
221,0.6463068181818182,0.19180871212121212,0.14573863636363638,0.016145833333333335
222,0.6473095869647594,0.19154982948086396,0.14522546419098142,0.015915119363395226
223,0.6480007580064431,0.19082812203903735,0.14539511085844228,0.015776009096077317
224,0.647064393939394,0.1909564393939394,0.14597537878787878,0.016003787878787878
225,0.6477019927107492,0.19041984190845837,0.14578501443650305,0.016093150944289297
226,0.6478966545213647,0.19046041735674063,0.1454597075663654,0.016183220555529267
227,0.6474901830912617,0.1908028575483749,0.14547949094005772,0.016227468420305625
228,0.6475041400520464,0.190962857818784,0.14539862786846464,0.016134374260704992
229,0.6471506266256798,0.19073066918893355,0.14580279025774415,0.016315913927642468
230,0.6461101915346418,0.19148734925514305,0.1461338377867108,0.016268621423504374
231,0.6450255343294874,0.1920276149044827,0.14668053716663515,0.016266313599394743
232,0.6441839580280758,0.1927494446282554,0.14661814056813346,0.016448456775535285
233,0.6429516250944822,0.19335789871504158,0.14701436130007559,0.016676114890400606
234,0.6420878601794993,0.19404818138875768,0.14718941898913557,0.016674539442607463
235,0.6409687470493816,0.19478802757057878,0.14734208290057596,0.016901142479463695
236,0.639743347801472,0.19522551424797133,0.14785808643140216,0.017173051519154558
237,0.6382236469922685,0.1960211201206864,0.14826513294361682,0.017490099943428247
238,0.6381504524886877,0.19617269984917043,0.14814291101055807,0.01753393665158371
239,0.6377474081055607,0.19622997172478793,0.14844486333647502,0.01757775683317625
240,0.6377993588534792,0.1964925513860079,0.14835941919668114,0.017348670563831794
241,0.6374693569677541,0.19658683763907223,0.14864227795587404,0.01730152743729964
242,0.6379147812971342,0.19673831070889894,0.14800150829562594,0.017345399698340876
243,0.6384724186704385,0.19684111268269683,0.14752475247524752,0.017161716171617162
244,0.6389046003016591,0.19664404223227752,0.1472002262443439,0.017251131221719458
245,0.6385014137606032,0.19660697455230913,0.14759660697455232,0.017295004712535342
246,0.6382186616399623,0.1968426013195099,0.1476908576814326,0.017247879359095192
247,0.6384854771784232,0.1970954356846473,0.14749151263674085,0.016927574500188607
248,0.6391640720822719,0.19638645155203321,0.14779696197754505,0.016652514388149825
249,0.6400132087932824,0.19600905745825078,0.14737239362203983,0.01660534012642702
250,0.6403094923570485,0.19602755236837138,0.1471504057369315,0.016512549537648614
251,0.6411042944785276,0.19579990561585653,0.1467673430863615,0.016328456819254364
252,0.6409288276382858,0.19643194260902397,0.14640362469322257,0.016235605059467622
253,0.6407400415329432,0.19638474608268833,0.14668680385123656,0.01618840853313196
254,0.6407061266874351,0.19578967242518644,0.14740866610025488,0.016095534787123573
255,0.6400660689004247,0.19589428975932044,0.14789995280792828,0.016139688532326567
256,0.6403359758399396,0.19535673839184597,0.14816912042280106,0.016138165345413364
257,0.6394904458598726,0.1958008964378391,0.1485255956593536,0.016183062042934654
258,0.6401642051620818,0.19567781814750154,0.14806775822205445,0.016090218468362196
259,0.639811320754717,0.19584905660377358,0.1481132075471698,0.016226415094339624
260,0.6397301632229455,0.19591470893480517,0.1482215303330503,0.01613359750919898
261,0.6396132987502947,0.19533128979014383,0.14878566375854752,0.01626974770101391
262,0.6387933066226726,0.1954748998350224,0.1492811689842093,0.016450624558095688
263,0.6380561840120663,0.19574849170437406,0.14974547511312217,0.016449849170437406
264,0.6379870894783961,0.1957781651981341,0.14964896574471093,0.016585779578758893
265,0.6375070661390616,0.19653288110043338,0.14933107216883362,0.016628980591671377
266,0.6377125630034387,0.19657072872014697,0.14913561637382824,0.016581091902586085
267,0.6369546782248187,0.1969282954866673,0.14967492697634976,0.016442099312164327
268,0.6370618168111571,0.19694685261967584,0.14964191481341876,0.01634941575574821
269,0.6366933584550165,0.19717381064531322,0.1496938294865756,0.016439001413094678
270,0.6363208213629727,0.19742853106014224,0.14976687232138652,0.016483775255498517
271,0.6363936125111875,0.1970888878421028,0.1501719346177399,0.016345565028969805
272,0.6366718463059754,0.19725008240335265,0.1495974007628196,0.016480670527852334
273,0.6358585620791939,0.19746692405480484,0.15019539526343048,0.016479118602570744
274,0.6358289021693097,0.19726130535033645,0.15020469624958827,0.01670509623076561
275,0.6355034599632821,0.19794755919597043,0.15007296521206986,0.016476015628677683
276,0.6364621108651627,0.19747562756087222,0.14986106532284652,0.01620119625111854
277,0.6370059823825899,0.19765415233878186,0.14927693249799803,0.01606293278063027
278,0.6367833419701324,0.19819098318179676,0.14905544824987044,0.015970226598200406
279,0.6367575714756724,0.19805944138288353,0.14916866845650228,0.016014318684941832
280,0.6364706436272894,0.19831442158293705,0.14906539855925421,0.01614953623051933
281,0.6368943923913555,0.19883233673901785,0.14817081783511465,0.016102453034511983
282,0.6371039871957821,0.1985595254907499,0.14818999199736385,0.01614649531610413
283,0.6377289204839697,0.19815451249941152,0.1480627089120098,0.01605385810460901
284,0.6379253541676472,0.19800442415399822,0.14792676613168917,0.016143455546665412
285,0.6374841228771698,0.1977231029778426,0.14846873970927224,0.016324034435715295
286,0.6377663828385943,0.197958319612363,0.14799830644023146,0.016276991108811215
287,0.637894538783574,0.19836304623923987,0.14746695517192718,0.01627545980525895
288,0.6379886165859165,0.1982689684368973,0.14751399407309845,0.01622842090408768
289,0.6379204892966361,0.19840037638202776,0.1475888026346742,0.016090331686661963
290,0.6376429613592507,0.19880453711112156,0.1476914387913588,0.01586106273826893
291,0.6375570507693031,0.19921893379758152,0.1472733261186656,0.015950689314449724
292,0.6370349466158695,0.19966135177084804,0.14721791072856405,0.0160857908847185
293,0.6366630593328001,0.20020702959582176,0.1472733261186656,0.015856584952712558
294,0.6358846497624312,0.20092204920731993,0.14729265653667029,0.015900644493578586
295,0.6362738179251941,0.2005175252881675,0.1474006116207951,0.015808045165843332
296,0.6356023898010067,0.2005927459189914,0.14799830644023146,0.01580655783977043
297,0.6352426224878807,0.2008754177060291,0.1483503553442839,0.015531604461806372
298,0.6360555424805837,0.19990586020240056,0.1485996705107084,0.015438926806307367
299,0.6362994682603171,0.19928473954166862,0.1488871111947673,0.015528681003246905
300,0.6353583360783022,0.20022587172368358,0.14893416780386806,0.015481624394146158
301,0.6351656626506024,0.2007718373493976,0.14867281626506024,0.01538968373493976
302,0.6352038414461915,0.2012051595894925,0.1483852744562659,0.01520572450805009
303,0.6365177268232968,0.2005744149912896,0.14784123546306324,0.015066622722350393
304,0.6358373340864163,0.20097900781323544,0.14798079638520192,0.015202861715146381
305,0.6365434424299505,0.20070638097480575,0.14782199199434895,0.01492818460089475
306,0.6365819209039548,0.2012241054613936,0.14722222222222223,0.014971751412429379
307,0.6362609432363739,0.20149675232985031,0.14718064576861528,0.0150616586651605
308,0.6366459627329193,0.20125164690382083,0.14695087521174477,0.015151515151515152
309,0.6375270537310624,0.2004328596969982,0.14688999717700196,0.015150089394937423
310,0.6373000940733773,0.20028222013170272,0.14717779868297273,0.015239887111947318
311,0.6360857707138154,0.20140129784632746,0.14718329728204646,0.01532963415781059
312,0.6361327941314775,0.20140129784632746,0.14718329728204646,0.015282610740148594
313,0.6356968215158925,0.20147639646417154,0.14754560842580403,0.015281173594132029
314,0.6354019746121298,0.20206864127879642,0.1472496473906911,0.0152797367183827
315,0.6356330482188176,0.20208666228028951,0.14686530688974528,0.015414982611147664
316,0.6359620265062506,0.20199266848388006,0.1466773192969264,0.015367985712942945
317,0.6351376750305422,0.2028474767409078,0.14660276289822385,0.015412085330326097
318,0.6351338656646313,0.20305307656176608,0.14626585251291685,0.015547205260685768
319,0.6335931630353118,0.2041228399699474,0.1466472577009767,0.015636739293764086
320,0.6322286894479909,0.2042808862185505,0.14771873826511453,0.015771686068343973
321,0.6320135109776693,0.20425971101519985,0.14772940514167762,0.01599737286545318
322,0.6314875645236978,0.2045987799155326,0.14809948381041765,0.01581417175035195
323,0.631183704120905,0.2050126724866235,0.14812728808786257,0.015676335304609032
324,0.6306695464362851,0.2058409240304254,0.14804206967790404,0.015447459855385481
325,0.6305307656176609,0.20638797557538752,0.14786284640676373,0.015218412400187882
326,0.6307085134373238,0.20644615673745537,0.1478105619244503,0.015034767900770532
327,0.6298262094880226,0.20699859088774072,0.14805072804133396,0.015124471582902772
328,0.6298365890308039,0.20698722764838468,0.14796205860255446,0.01521412471825695
329,0.6297774438914452,0.20724950699596206,0.1477603530847967,0.015212696027796038
330,0.630093896713615,0.20699530516431924,0.14769953051643192,0.015211267605633802
331,0.6297009249260529,0.20733367763744776,0.14780036621437626,0.015165031222123104
332,0.6302398723184528,0.20724780547340751,0.14730319673285452,0.015209125475285171
333,0.6305164319248826,0.20727699530516433,0.14708920187793428,0.01511737089201878
334,0.6294888043937473,0.20804581514340703,0.14730319673285452,0.01516218372999108
335,0.6295826878843356,0.2082335821245834,0.14706848800638408,0.01511524198469699
336,0.6294835680751174,0.20816901408450705,0.14737089201877934,0.014976525821596243
337,0.6291654932882756,0.20848587252417158,0.14728245564629683,0.015066178541255984
338,0.6290004692632567,0.20891600187705303,0.14697325199436884,0.015110276865321445
339,0.6285767895675016,0.20935359789848954,0.14682427995121494,0.015245332582793883
340,0.6278426407839828,0.2104843625451306,0.14624654194213907,0.015426454728747596
341,0.6280061881768318,0.21035113215507947,0.14617223758848624,0.015470442079602456
342,0.6283691932686448,0.21028453569587024,0.14587727933248956,0.01546899170299536
343,0.6282634169205531,0.21068666510428874,0.14558237637684557,0.015467541598312632
344,0.6286838776179544,0.21074825469709038,0.1449655624795015,0.01560230520545378
345,0.629104023230762,0.21095030677720014,0.1442087021685167,0.015736967823521148
346,0.6289408347777206,0.21094298964725722,0.1445167939288893,0.015599381646132946
347,0.6288727443168503,0.21110850714787907,0.14473869228966488,0.015280056245605812
348,0.6282153399240968,0.21140420746849084,0.1449655624795015,0.01541489012791079
349,0.6276879831342235,0.21166549543218552,0.14523307566174748,0.015413445771843523
350,0.6275115919629057,0.21184019483864924,0.1451454264437263,0.015502786754718749
351,0.6266210964932816,0.21218221826864553,0.14555924902851258,0.015637436209560374
352,0.6260124537665621,0.2126504049815066,0.145746523713657,0.015590617538274263
353,0.6245612392942388,0.21331960499836197,0.14639397201291712,0.015725183694482146
354,0.6240228432336282,0.21335954688011982,0.1470299115292796,0.015587698356972336
355,0.6242804324425516,0.21317920157251838,0.14690878457434361,0.015631581410586418
356,0.6227951153324288,0.2134936602255182,0.1479904552472746,0.01572076919477846
357,0.6221525796342205,0.2141821413536648,0.14785537209411104,0.015809906918003647
358,0.6226556288293345,0.21425564753753332,0.14728029558954212,0.015808428043590103
359,0.6225735534870668,0.21474343982412647,0.14696664951588007,0.015716357172926704
360,0.6227491698236752,0.21500397549225947,0.14653196763481596,0.015714887049249334
361,0.6226441565729786,0.21512416405555815,0.1465182621708834,0.0157134172005799
362,0.6215799073944156,0.21626677891585988,0.14653196763481596,0.015621346054908563
363,0.6217189912506433,0.21611378842464793,0.1467739671548215,0.01539325316988724
364,0.6220932952790904,0.21602021241753613,0.14654002713704206,0.015346465166331353
365,0.6205751695113397,0.2171148000935235,0.14673836801496376,0.015571662380173018
366,0.6211908767994018,0.21658253879229764,0.14647597681809685,0.015750607590203778
367,0.6208878504672897,0.21691588785046728,0.1464018691588785,0.015794392523364485
368,0.6205624065769806,0.21669469357249627,0.1468142750373692,0.01592862481315396
369,0.6211470203624136,0.21679432094152812,0.14608630674388193,0.01597235195217635
370,0.6208909226746357,0.21666044079193125,0.14643257377661562,0.016016062756817332
371,0.6203098749299981,0.2167724472652604,0.14667724472652605,0.01624043307821542
372,0.6200924326595397,0.21726343307968815,0.14658512674478316,0.016059007515988984
373,0.6210211892093718,0.2163259591150938,0.14650424717632782,0.016148604499206572
374,0.6198162056257872,0.2171479218174185,0.14670896114195084,0.016326911414843496
375,0.621098306350021,0.21653524938179444,0.14617645686558112,0.01618998740260346
376,0.6205867263653747,0.21701413180355394,0.14607527633972295,0.01632386549134835
377,0.6202088967639653,0.21747645248531194,0.1459479623239765,0.016366688426746247
378,0.6189699370776043,0.2185504544395246,0.1459799580517362,0.016499650431134934
379,0.6183309258655235,0.21918829504682913,0.14589254927542986,0.01658822981221751
380,0.6182402533886068,0.2194326703619172,0.14560529135031908,0.016721784899156922
381,0.6185749568945431,0.21925532410643553,0.14571974462929307,0.01644997436972832
382,0.6185394043901757,0.2197884140373771,0.14531388358111572,0.0163582979913315
383,0.6184376019005916,0.2197326128476266,0.14529277495691062,0.016537010294871198
384,0.6185442183206817,0.21939179434638847,0.14543845759791366,0.016625529735016065
385,0.6178566438451866,0.21931908155186064,0.146290345116669,0.016533929486283825
386,0.6174840482511295,0.21941223045037492,0.14661636626146896,0.016487355037026686
387,0.6171362048894062,0.21979045401629801,0.14654249126891736,0.016530849825378346
388,0.616648819777457,0.2206341077331347,0.14614274407560873,0.016574328413799525
389,0.616588273645974,0.22106831835328086,0.1459507288222419,0.016392679178503237
390,0.6172678612985804,0.2205259483360484,0.1455899464742844,0.016616243891086804
391,0.6159571993486858,0.22163293789253316,0.14561525936264247,0.016794603396138637
392,0.6169094039365316,0.22139500255921082,0.14503745754036573,0.016658135963891863
393,0.6161681938694823,0.22121959160891205,0.14582073584817898,0.01679147867342667
394,0.6165046285528213,0.22137972740382378,0.145415639391543,0.01670000465181188
395,0.6161714790533315,0.2211373041335379,0.1458129911191705,0.016878225693960105
396,0.6151201152362809,0.22136517819803914,0.14636866316620975,0.017146043399470286
397,0.6154310945851731,0.22156634905879619,0.14603764815245177,0.016964908203578898
398,0.6136690981740464,0.22222738465827255,0.1470055289690099,0.01709798819867119
399,0.612826823944643,0.22254214461524172,0.14735522221706218,0.01727580922305299
400,0.6129451641361378,0.22250081255513768,0.1472349909458142,0.01731903236291034
401,0.6139161131497051,0.22230479817920015,0.14668586557666402,0.017093223094430766
402,0.6135128859995357,0.22303227304388204,0.1462735082423961,0.017181332714186207
403,0.6122098421541319,0.22298050139275766,0.14758588672237696,0.01722376973073352
404,0.6110466465537248,0.22399628684149456,0.1476444650731028,0.017312601531677883
405,0.6113999257333829,0.224006683995544,0.14737281841812105,0.0172205718529521
406,0.6110260336906586,0.22386189614367255,0.14780268225903753,0.017309387906631397
407,0.6109332219592557,0.22344424335235974,0.14835955264745465,0.017262982040929974
408,0.6103817785406133,0.22368604165700237,0.1485364382799091,0.0173957415224753
409,0.6103149204582348,0.22369092342655722,0.1485552618153147,0.017438894299893325
410,0.6100287596251971,0.22353650616940346,0.14908618610260693,0.017348548102792467
411,0.6102119371145017,0.22376292723646987,0.14858785883225897,0.017437276816769466
412,0.6097560975609756,0.22414912362051378,0.14861355837892978,0.017481220439580822
413,0.6093264729059472,0.22453993417698048,0.14856533630000462,0.01756825661706763
414,0.6091911424071157,0.2238024645603632,0.14921708514778098,0.01778930788474011
415,0.6080292646786442,0.22481015002778293,0.14919429523985922,0.01796629005371365
416,0.607387520829476,0.22537493056841326,0.14913904832438438,0.018098500277726345
417,0.6069345430978613,0.22493287658550135,0.1501249884269975,0.018007591889639848
418,0.6071097944825032,0.22500462877244953,0.1498796519163118,0.01800592482873542
419,0.6074139207700852,0.22482413920770086,0.14971306923361719,0.018048870788596814
420,0.6068585708996668,0.2254720473898556,0.149666790077749,0.018002591632728618
421,0.6073611111111111,0.22532407407407407,0.14953703703703702,0.017777777777777778
422,0.6076189594519533,0.22491205332345862,0.1496482132938345,0.017820773930753563
423,0.6080755695499167,0.22453232080014818,0.1497962585664012,0.017595851083533988
424,0.6077215072678456,0.2251643366354967,0.14943060827701138,0.017683547819646327
425,0.6064489267209474,0.22557364914877867,0.1500277572168764,0.017949666913397482
426,0.6060493941356027,0.22601979465359356,0.14989362686152993,0.01803718434927389
427,0.6062077898047923,0.22624664631325747,0.14964381533906929,0.017901748542880933
428,0.6068486811661268,0.22609902822767236,0.14937528921795465,0.017677001388246183
429,0.6071957769957399,0.22601407668086682,0.14947212446749397,0.01731802185589924
430,0.6077777777777778,0.22560185185185186,0.14925925925925926,0.017361111111111112
431,0.6080029640607633,0.22568543905150057,0.1491756206002223,0.017135976287513895
432,0.6085305423053767,0.22548974204603345,0.1488445329504932,0.017135182698096607
433,0.6075082164514188,0.22617229088552515,0.14900708234967366,0.0173124103133824
434,0.607422146129286,0.2260422932765721,0.14909074082643098,0.017444819767710888
435,0.6068273278134974,0.2267449928303807,0.14885054812896065,0.017577131227161293
436,0.6072072905583569,0.22727482999491141,0.14803164176342692,0.017486237683304807
437,0.6071230342275671,0.2277058279370953,0.14764107308048102,0.017530064754856613
438,0.6063450955001619,0.22804421218147344,0.14803681265319335,0.017573879665171346
439,0.6056364056364056,0.22785862785862787,0.1484869484869485,0.018018018018018018
440,0.6040733385674041,0.22865191890269246,0.14912483258670853,0.018149909943194938
441,0.6047768640857433,0.2286796636792017,0.14857248452369953,0.017970987711355448
442,0.6041108545034642,0.2289607390300231,0.14891454965357967,0.018013856812933025
443,0.6039722863741339,0.22928406466512702,0.14877598152424942,0.017967667436489608
444,0.6039174019494619,0.2294082320875872,0.14884279576846676,0.017831570194484225
445,0.6041753267747448,0.22904253845087988,0.14890767170107616,0.017874463073299155
446,0.6035095820826599,0.22955437543292542,0.14901870237820364,0.017917340106211037
447,0.6035183304090868,0.22970726752239357,0.148859543817527,0.017914858250992705
448,0.601856127066211,0.23016899067319235,0.15010619632468372,0.017868685935912825
449,0.601662817551963,0.2308083140877598,0.14988452655889145,0.01764434180138568
450,0.6016992196518447,0.23091840975204322,0.14965138292468946,0.017730987671422636
451,0.5998892426969403,0.2325441875490332,0.1496146568831049,0.017951912870921592
452,0.5999538638985006,0.23197231833910034,0.15003460207612457,0.01803921568627451
453,0.5995847750865052,0.23234140715109572,0.150080738177624,0.017993079584775088
454,0.5997969449443906,0.2324980386727583,0.14989155014075406,0.017813466242097006
455,0.5995847750865052,0.23215686274509803,0.15035755478662052,0.01790080738177624
456,0.6,0.23123414071510956,0.15091118800461362,0.017854671280276818
457,0.60003690547585,0.23162799280343221,0.15048207777829034,0.017853023942427458
458,0.600433559337669,0.23158525898251925,0.15008532816751996,0.01789585351229187
459,0.5996771962185843,0.23145031127507493,0.15093382522480978,0.017938667281531012
460,0.5991333609920251,0.23141105425713362,0.15138523947817267,0.0180703452726686
461,0.6005719293390527,0.231400765647341,0.15026982150269821,0.017757483510908167
462,0.600433559337669,0.23107790231077902,0.15077717817443845,0.0177113601771136
463,0.6010792860107929,0.23103177897698446,0.15022369816890366,0.017665236843319033
464,0.6003411553178738,0.23143239131437002,0.15038495228435758,0.017841501083398645
465,0.598552928706392,0.2328217890225356,0.15065210378358448,0.017973178487487904
466,0.5994102197852832,0.23217988296548864,0.15039395475279915,0.018015942496429065
467,0.6007743005945523,0.23164492787021246,0.14974420426787113,0.017836567267364153
468,0.601161665053243,0.23168764117457244,0.14944913105610105,0.01770156271608353
469,0.6018719166397714,0.23103877541610954,0.14952279957582185,0.017566508368297293
470,0.6020379933603837,0.23100331980818886,0.14943747694577647,0.017521209885651052
471,0.6008850781358042,0.23210252155073066,0.14944913105610105,0.017563269257364126
472,0.600156747037942,0.23226222857406298,0.15010833986445993,0.017472684523535106
473,0.5995758805089434,0.23289692052369537,0.15010141987829614,0.017425779089065094
474,0.6000737701138826,0.23242196505140855,0.1501682880722947,0.017335976762414128
475,0.5994375806749032,0.2325742209109349,0.15065461921445694,0.01733357919970496
476,0.5986259682773885,0.23376982663223903,0.15040575433419404,0.017198450756178534
477,0.5981286873156342,0.2339140855457227,0.15062684365781712,0.01733038348082596
478,0.5984513274336283,0.23396017699115043,0.15030420353982302,0.01728429203539823
479,0.5997879793510325,0.2330844395280236,0.14988938053097345,0.0172382005899705
480,0.5992442048020646,0.2337434904834324,0.14977648739573252,0.01723581731877045
481,0.5997326326464758,0.2337620430553635,0.14944913105610105,0.01705619324205965
482,0.5992808077082661,0.23323037204370475,0.1505232584943064,0.01696556175372274
483,0.5997972723921857,0.23341319572429045,0.14955768521931442,0.017231846664209363
484,0.6004881643179516,0.2326609560652114,0.14944275582573455,0.017408123791102514
485,0.59983429991715,0.23271656080272485,0.14982049157691246,0.01762864770321274
486,0.5999907969814099,0.23256027977176513,0.14973311246088716,0.01771581078593779
487,0.5999171956941761,0.23249608979666941,0.14978378875701537,0.017802925752139112
488,0.5994571717729322,0.2326340969730426,0.15015180789401048,0.01775692336001472
489,0.5983621641516378,0.23339160839160839,0.15057968347442033,0.017666543982333457
490,0.5984632373240084,0.23332106377104997,0.15063955093402043,0.01757614797092114
491,0.5983893235158767,0.23359410952600093,0.15057524160147262,0.017441325356649794
492,0.5991994110610104,0.23355111806386308,0.14976534462133062,0.017484126253795897
493,0.599613508788074,0.23341308548817521,0.14953529032851753,0.017438115395233274
494,0.6007823285780027,0.23285780027611597,0.1490566037735849,0.017303267372296365
495,0.6007819687212511,0.2325206991720331,0.14921803127874886,0.017479300827966882
496,0.6011127459996322,0.23215927901416222,0.14911716019863896,0.017610814787566674
497,0.6007263699889666,0.2327602059580728,0.14885987495402722,0.017653549098933432
498,0.6007630780546106,0.23306058655879378,0.14852440930403604,0.01765192608255953
499,0.6010481794777491,0.23299006987863186,0.14840014711290916,0.01756160353070982
500,0.600441298152064,0.23352027213386045,0.14847844074652938,0.017559988967546198
501,0.5997425997425997,0.23377459091744807,0.14892443463872035,0.017558374701231845
502,0.599751769789464,0.2339799577089271,0.14880022064907603,0.01746805185253287
503,0.5996691480562448,0.234261556842202,0.14846980976013235,0.017599485341420824
504,0.5993843043558169,0.234148134534093,0.14886969307112663,0.017597868038963425
505,0.5995131137752056,0.23402691654035185,0.1487758945386064,0.017684075145836205
506,0.5993293831243397,0.2341647145285012,0.14886775986403933,0.017638142483119748
507,0.5979897191114375,0.23480815127593171,0.14921057462823573,0.01799155498439508
508,0.5972381520392714,0.2352617332660458,0.14937835481947057,0.018121759875212185
509,0.5972018348623853,0.2351834862385321,0.1494954128440367,0.018119266055045873
510,0.5962667400476976,0.23550724637681159,0.15006420840212806,0.018161805173362685
511,0.5948299569163077,0.2359061325511046,0.15083875698964158,0.01842515354294619
512,0.5946565235323771,0.23605700930296503,0.1508180193391687,0.018468447825489207
513,0.5947394950281812,0.23626449159144022,0.1505292581221647,0.018466755258213813
514,0.5950394278378874,0.23633779570878416,0.15046763249587383,0.01815514395745461
515,0.5951496813826617,0.23637280520790355,0.150369045981754,0.01810846742768074
516,0.5939963336388634,0.23716773602199817,0.15059578368469295,0.018240146654445462
517,0.5936955924127187,0.23760652432878218,0.15037111701640246,0.018326766242096584
518,0.5931031324418392,0.23832203700311413,0.15007327349331379,0.01850155706173292
519,0.5912315225847787,0.23930254908242185,0.1507024850121276,0.018763443320671824
520,0.5904744475454088,0.2394656174223361,0.15121013862835705,0.018849796403898066
521,0.590619995424388,0.23912148249828413,0.15149851292610386,0.018760009151223975
522,0.5899794097460536,0.23967055593685654,0.15163578128574698,0.018714253031342942
523,0.590778097982709,0.2398334934357989,0.15058780476647912,0.018800603815013035
524,0.5914475188657672,0.23951520695174938,0.15019437457123255,0.01884289961125086
525,0.5917341014035569,0.23983907100077723,0.1494536643350249,0.018973163260640972
526,0.5916091586307756,0.23979708422832594,0.149490425483296,0.019103331657602488
527,0.5916464835717223,0.2396380752182059,0.14961385550427272,0.01910158570579902
528,0.5916921811451812,0.23977516793858247,0.14947676278389618,0.019055888132340174
529,0.591102178778605,0.2398940300552688,0.1497739003334399,0.019229890832686246
530,0.5915177551300215,0.24052831223435858,0.1490334079795256,0.01892052465609433
531,0.5922778158556089,0.24002741603838246,0.1487320082248115,0.018962759881197166
532,0.5923895664885113,0.23996162806632862,0.1485998812297291,0.019048924215430998
533,0.5915711611341948,0.23998904159627416,0.14921693073375644,0.01922286653577462
534,0.590898717422064,0.2399014103792962,0.14984709480122324,0.019352777397416587
535,0.5901519645872313,0.2402226988545612,0.1502304568064619,0.019394879751745538
536,0.5894967376922025,0.24104576356253138,0.15002053200711776,0.01943696673814847
537,0.5885357289434082,0.241461078936568,0.1503488531168772,0.019654339003146518
538,0.5878036552572808,0.24242286130987648,0.14990200993573674,0.019871473497105874
539,0.5875301946128253,0.24287862905063579,0.14976527961350897,0.019825896723029944
540,0.5873826237578631,0.24300300847843923,0.1498769258820312,0.019737441881666516
541,0.5867663142544659,0.24325555960627052,0.15015493984688297,0.019823186292380605
542,0.5863356866317467,0.24349806422227283,0.15012525620587566,0.02004099294010476
543,0.5861534957868367,0.24354361193350035,0.1503074470507857,0.019995445228877248
544,0.5857045299339859,0.24356931481903027,0.15055770544047348,0.020168449806510357
545,0.585161583978152,0.24374146563495677,0.1508420573509331,0.020254893035958125
546,0.5841674249317561,0.24385805277525022,0.15154686078252957,0.02042766151046406
547,0.5832651205093224,0.24447476125511597,0.15165984538426558,0.020600272851296043
548,0.5841863427505573,0.2439379464082617,0.15149447249897638,0.020381238342204632
549,0.5843458475540387,0.24386803185437997,0.15158134243458476,0.020204778156996585
550,0.583750341188245,0.24451824219816212,0.15139659721590393,0.020334819397689018
551,0.5833750398107285,0.24464261340370352,0.15173574775922472,0.020246599026343327
552,0.5832385976081124,0.2445545905143013,0.15174389522986675,0.02046291664771952
553,0.5827086456771614,0.24465040207169142,0.15178774249239016,0.020853209758756985
554,0.582530886627907,0.24509447674418605,0.15148074127906977,0.020893895348837208
555,0.5822244425269085,0.24587855942595033,0.15100594940733003,0.02089104863981107
556,0.5818008445715842,0.2459701221450302,0.15129637197475368,0.020932661308631886
557,0.5812031782065834,0.24640181611804768,0.15146424517593643,0.020930760499432464
558,0.5807184051587121,0.24690068570909587,0.15158258026429317,0.020798328867898824
559,0.5805587099704747,0.2473313649784238,0.15148762207585736,0.02062230297524415
560,0.5798609533330304,0.24787567592129778,0.1518607715726814,0.02040259917299041
561,0.5793156722860908,0.24773935565956287,0.1525878129686009,0.020357159085745445
562,0.5800118165704676,0.24719356451392993,0.1525701040767168,0.020224514838885606
563,0.5798918722456954,0.24751260733269728,0.15224206078778793,0.020353459633819453
