,btrf_pt-O+,btrf_pt-A+,btrf_pt-B+,btrf_pt-AB+,btrf_pt-O-,btrf_pt-A-,btrf_pt-B-,btrf_pt-AB-
0,1.0,0.0,0.0,0.0,0.0,0.0,0.0,0.0
1,1.0,0.0,0.0,0.0,0.0,0.0,0.0,0.0
2,1.0,0.0,0.0,0.0,0.0,0.0,0.0,0.0
3,1.0,0.0,0.0,0.0,0.0,0.0,0.0,0.0
4,1.0,0.0,0.0,0.0,0.0,0.0,0.0,0.0
5,1.0,0.0,0.0,0.0,0.0,0.0,0.0,0.0
6,1.0,0.0,0.0,0.0,0.0,0.0,0.0,0.0
7,1.0,0.0,0.0,0.0,0.0,0.0,0.0,0.0
8,1.0,0.0,0.0,0.0,0.0,0.0,0.0,0.0
9,1.0,0.0,0.0,0.0,0.0,0.0,0.0,0.0
10,1.0,0.0,0.0,0.0,0.0,0.0,0.0,0.0
11,1.0,0.0,0.0,0.0,0.0,0.0,0.0,0.0
12,1.0,0.0,0.0,0.0,0.0,0.0,0.0,0.0
13,1.0,0.0,0.0,0.0,0.0,0.0,0.0,0.0
14,1.0,0.0,0.0,0.0,0.0,0.0,0.0,0.0
15,1.0,0.0,0.0,0.0,0.0,0.0,0.0,0.0
16,1.0,0.0,0.0,0.0,0.0,0.0,0.0,0.0
17,1.0,0.0,0.0,0.0,0.0,0.0,0.0,0.0
18,1.0,0.0,0.0,0.0,0.0,0.0,0.0,0.0
19,1.0,0.0,0.0,0.0,0.0,0.0,0.0,0.0
20,1.0,0.0,0.0,0.0,0.0,0.0,0.0,0.0
21,1.0,0.0,0.0,0.0,0.0,0.0,0.0,0.0
22,1.0,0.0,0.0,0.0,0.0,0.0,0.0,0.0
23,1.0,0.0,0.0,0.0,0.0,0.0,0.0,0.0
24,1.0,0.0,0.0,0.0,0.0,0.0,0.0,0.0
25,1.0,0.0,0.0,0.0,0.0,0.0,0.0,0.0
26,1.0,0.0,0.0,0.0,0.0,0.0,0.0,0.0
27,1.0,0.0,0.0,0.0,0.0,0.0,0.0,0.0
28,1.0,0.0,0.0,0.0,0.0,0.0,0.0,0.0
29,1.0,0.0,0.0,0.0,0.0,0.0,0.0,0.0
30,1.0,0.0,0.0,0.0,0.0,0.0,0.0,0.0
31,1.0,0.0,0.0,0.0,0.0,0.0,0.0,0.0
32,1.0,0.0,0.0,0.0,0.0,0.0,0.0,0.0
33,1.0,0.0,0.0,0.0,0.0,0.0,0.0,0.0
34,1.0,0.0,0.0,0.0,0.0,0.0,0.0,0.0
35,1.0,0.0,0.0,0.0,0.0,0.0,0.0,0.0
36,1.0,0.0,0.0,0.0,0.0,0.0,0.0,0.0
37,1.0,0.0,0.0,0.0,0.0,0.0,0.0,0.0
38,1.0,0.0,0.0,0.0,0.0,0.0,0.0,0.0
39,1.0,0.0,0.0,0.0,0.0,0.0,0.0,0.0
40,1.0,0.0,0.0,0.0,0.0,0.0,0.0,0.0
41,1.0,0.0,0.0,0.0,0.0,0.0,0.0,0.0
42,1.0,0.0,0.0,0.0,0.0,0.0,0.0,0.0
43,1.0,0.0,0.0,0.0,0.0,0.0,0.0,0.0
44,1.0,0.0,0.0,0.0,0.0,0.0,0.0,0.0
45,1.0,0.0,0.0,0.0,0.0,0.0,0.0,0.0
46,1.0,0.0,0.0,0.0,0.0,0.0,0.0,0.0
47,1.0,0.0,0.0,0.0,0.0,0.0,0.0,0.0
48,1.0,0.0,0.0,0.0,0.0,0.0,0.0,0.0
49,1.0,0.0,0.0,0.0,0.0,0.0,0.0,0.0
50,1.0,0.0,0.0,0.0,0.0,0.0,0.0,0.0
51,1.0,0.0,0.0,0.0,0.0,0.0,0.0,0.0
52,1.0,0.0,0.0,0.0,0.0,0.0,0.0,0.0
53,1.0,0.0,0.0,0.0,0.0,0.0,0.0,0.0
54,1.0,0.0,0.0,0.0,0.0,0.0,0.0,0.0
55,1.0,0.0,0.0,0.0,0.0,0.0,0.0,0.0
56,1.0,0.0,0.0,0.0,0.0,0.0,0.0,0.0
57,1.0,0.0,0.0,0.0,0.0,0.0,0.0,0.0
58,1.0,0.0,0.0,0.0,0.0,0.0,0.0,0.0
59,1.0,0.0,0.0,0.0,0.0,0.0,0.0,0.0
60,1.0,0.0,0.0,0.0,0.0,0.0,0.0,0.0
61,1.0,0.0,0.0,0.0,0.0,0.0,0.0,0.0
62,1.0,0.0,0.0,0.0,0.0,0.0,0.0,0.0
63,1.0,0.0,0.0,0.0,0.0,0.0,0.0,0.0
64,1.0,0.0,0.0,0.0,0.0,0.0,0.0,0.0
65,1.0,0.0,0.0,0.0,0.0,0.0,0.0,0.0
66,1.0,0.0,0.0,0.0,0.0,0.0,0.0,0.0
67,1.0,0.0,0.0,0.0,0.0,0.0,0.0,0.0
68,1.0,0.0,0.0,0.0,0.0,0.0,0.0,0.0
69,1.0,0.0,0.0,0.0,0.0,0.0,0.0,0.0
70,1.0,0.0,0.0,0.0,0.0,0.0,0.0,0.0
71,1.0,0.0,0.0,0.0,0.0,0.0,0.0,0.0
72,1.0,0.0,0.0,0.0,0.0,0.0,0.0,0.0
73,1.0,0.0,0.0,0.0,0.0,0.0,0.0,0.0
74,1.0,0.0,0.0,0.0,0.0,0.0,0.0,0.0
75,1.0,0.0,0.0,0.0,0.0,0.0,0.0,0.0
76,1.0,0.0,0.0,0.0,0.0,0.0,0.0,0.0
77,1.0,0.0,0.0,0.0,0.0,0.0,0.0,0.0
78,1.0,0.0,0.0,0.0,0.0,0.0,0.0,0.0
79,1.0,0.0,0.0,0.0,0.0,0.0,0.0,0.0
80,1.0,0.0,0.0,0.0,0.0,0.0,0.0,0.0
81,1.0,0.0,0.0,0.0,0.0,0.0,0.0,0.0
82,1.0,0.0,0.0,0.0,0.0,0.0,0.0,0.0
83,1.0,0.0,0.0,0.0,0.0,0.0,0.0,0.0
84,1.0,0.0,0.0,0.0,0.0,0.0,0.0,0.0
85,1.0,0.0,0.0,0.0,0.0,0.0,0.0,0.0
86,1.0,0.0,0.0,0.0,0.0,0.0,0.0,0.0
87,1.0,0.0,0.0,0.0,0.0,0.0,0.0,0.0
88,1.0,0.0,0.0,0.0,0.0,0.0,0.0,0.0
89,1.0,0.0,0.0,0.0,0.0,0.0,0.0,0.0
90,1.0,0.0,0.0,0.0,0.0,0.0,0.0,0.0
91,1.0,0.0,0.0,0.0,0.0,0.0,0.0,0.0
92,1.0,0.0,0.0,0.0,0.0,0.0,0.0,0.0
93,1.0,0.0,0.0,0.0,0.0,0.0,0.0,0.0
94,1.0,0.0,0.0,0.0,0.0,0.0,0.0,0.0
95,1.0,0.0,0.0,0.0,0.0,0.0,0.0,0.0
96,1.0,0.0,0.0,0.0,0.0,0.0,0.0,0.0
97,1.0,0.0,0.0,0.0,0.0,0.0,0.0,0.0
98,1.0,0.0,0.0,0.0,0.0,0.0,0.0,0.0
99,1.0,0.0,0.0,0.0,0.0,0.0,0.0,0.0
100,0.985785746124511,0.01421425387548908,0.0,0.0,0.0,0.0,0.0,0.0
101,0.9715743079284901,0.02842569207150993,0.0,0.0,0.0,0.0,0.0,0.0
102,0.95736568457539,0.042634315424610054,0.0,0.0,0.0,0.0,0.0,0.0
103,0.9431598752289944,0.05684012477100559,0.0,0.0,0.0,0.0,0.0,0.0
104,0.9289568790534185,0.07104312094658151,0.0,0.0,0.0,0.0,0.0,0.0
105,0.9147566952131083,0.07103608732240978,0.014207217464481956,0.0,0.0,0.0,0.0,0.0
106,0.9005593228728407,0.07102905509082809,0.028411622036331238,0.0,0.0,0.0,0.0,0.0
107,0.8863647611977233,0.07102202425142291,0.04261321455085375,0.0,0.0,0.0,0.0,0.0
108,0.8721730093531944,0.07101499480378087,0.056811995843024696,0.0,0.0,0.0,0.0,0.0
109,0.8580335494086793,0.07100796674748874,0.07095848384383195,0.0,0.0,0.0,0.0,0.0
110,0.8580475978427589,0.07100094008213349,0.07095146207510762,0.0,0.0,0.0,0.0,0.0
111,0.8581111166081234,0.07094444169593826,0.07094444169593826,0.0,0.0,0.0,0.0,0.0
112,0.8581251545881771,0.07098689092258224,0.07088795448924066,0.0,0.0,0.0,0.0,0.0
113,0.857990799821932,0.07107879507345304,0.07093040510461493,0.0,0.0,0.0,0.0,0.0
114,0.8580048469261585,0.07117068104258371,0.07082447203125773,0.0,0.0,0.0,0.0,0.0
115,0.8579694377132684,0.07126254883536917,0.07076801345136244,0.0,0.0,0.0,0.0,0.0
116,0.857934035504129,0.07125550116204322,0.07081046333382782,0.0,0.0,0.0,0.0,0.0
117,0.8577503090234858,0.07139678615574784,0.07085290482076638,0.0,0.0,0.0,0.0,0.0
118,0.8575736602728891,0.07158394304923868,0.07084239667787226,0.0,0.0,0.0,0.0,0.0
119,0.8575947802876773,0.07157332806089664,0.07083189165142603,0.0,0.0,0.0,0.0,0.0
120,0.8567615658362989,0.07236061684460261,0.07087781731909845,0.0,0.0,0.0,0.0,0.0
121,0.8554907581298804,0.07363843036473262,0.07087081150538697,0.0,0.0,0.0,0.0,0.0
122,0.8535777821703894,0.07560782763391975,0.07081439019569084,0.0,0.0,0.0,0.0,0.0
123,0.8515590255472649,0.0775806690715027,0.07086030538123239,0.0,0.0,0.0,0.0,0.0
124,0.8489624505928853,0.08013833992094861,0.070899209486166,0.0,0.0,0.0,0.0,0.0
125,0.8453445295134601,0.08332921709063966,0.07122746357125216,9.878982464806126e-05,0.0,0.0,0.0,0.0
126,0.8421728395061728,0.08548148148148148,0.07219753086419753,0.00014814814814814815,0.0,0.0,0.0,0.0
127,0.8372655478775913,0.08884501480750247,0.07354392892398816,0.00034550839091806513,0.0,0.0,0.0,0.0
128,0.8325604341391218,0.09121854958066107,0.07567834237789837,0.0005426739023186975,0.0,0.0,0.0,0.0
129,0.8276542235810445,0.09359435869618818,0.07806104837516643,0.0006903693476009665,0.0,0.0,0.0,0.0
130,0.8224685883222469,0.09588568612958857,0.0806109879280611,0.0010347376201034738,0.0,0.0,0.0,0.0
131,0.8158140908867116,0.09950273250947762,0.0833046132637487,0.0013785633400620354,0.0,0.0,0.0,0.0
132,0.8087606312374023,0.10255149697654982,0.08662307654490929,0.002064795241138587,0.0,0.0,0.0,0.0
133,0.802368433983588,0.10628470345437571,0.08908653137437963,0.0022603311876566263,0.0,0.0,0.0,0.0
134,0.7961408160259242,0.10998183335788285,0.09127510188049295,0.0026022487356999065,0.0,0.0,0.0,0.0
135,0.7903803680981595,0.11337423312883435,0.09349693251533742,0.0027484662576687116,0.0,0.0,0.0,0.0
136,0.7829730921923247,0.11699259912757928,0.09665245307062686,0.0033818556094691956,0.0,0.0,0.0,0.0
137,0.7754612636421475,0.12034454069397543,0.10013213918660989,0.0040620564772671655,0.0,0.0,0.0,0.0
138,0.7688884542031396,0.12377133356154335,0.1029390190229351,0.004401193212382024,0.0,0.0,0.0,0.0
139,0.7622049552851488,0.12705859355910668,0.10604505693202365,0.004691394223720862,0.0,0.0,0.0,0.0
140,0.7549655946513103,0.12991069249914597,0.10980430432872969,0.005319408520814016,0.0,0.0,0.0,0.0
141,0.7481589856132651,0.13274811021702024,0.11348451597171422,0.005608388198000487,0.0,0.0,0.0,0.0
142,0.7421665610837679,0.1345938307100044,0.1172944788265679,0.00594512937965986,0.0,0.0,0.0,0.0
143,0.7379108838568298,0.13591429267104943,0.11994156318480642,0.006233260287314342,0.0,0.0,0.0,0.0
144,0.7337033250572027,0.1365561559807215,0.12341171315904775,0.00632880580302809,0.0,0.0,0.0,0.0
145,0.7302769260719326,0.13739232004672214,0.1259064583637514,0.006424295517593809,0.0,0.0,0.0,0.0
146,0.7272417651924293,0.13847126940106066,0.12776723592662872,0.006519729479881282,0.0,0.0,0.0,0.0
147,0.723938317847935,0.13961181106192538,0.12988276499489226,0.006567106095247361,0.0,0.0,0.0,0.0
148,0.7217547784640825,0.1407032731871018,0.1309274840717864,0.006614464277029327,0.0,0.0,0.0,0.0
149,0.7206146962991782,0.14141905364003307,0.13135242912026454,0.006613820940524243,0.0,0.0,0.0,0.0
150,0.7188001361271816,0.14269045651222714,0.13180028197773347,0.0067091253828576985,0.0,0.0,0.0,0.0
151,0.7170425821504958,0.14403072136885087,0.13221854948473655,0.00670814699591678,0.0,0.0,0.0,0.0
152,0.7143967737233371,0.14581410038384918,0.13293814683445895,0.006850979058354793,0.0,0.0,0.0,0.0
153,0.7117112741050178,0.14742313110215186,0.13391946373925293,0.0069461310535775,0.0,0.0,0.0,0.0
154,0.7090617715617715,0.14884421134421136,0.1351010101010101,0.006993006993006993,0.0,0.0,0.0,0.0
155,0.70595087855548,0.15051936705174254,0.13634598582661878,0.007183768566158625,0.0,0.0,0.0,0.0
156,0.7024063652241412,0.15243547448088493,0.13778381525325054,0.007374345041723268,0.0,0.0,0.0,0.0
157,0.6994278510473235,0.1545287044220326,0.1384309542280838,0.007612490302560124,0.0,0.0,0.0,0.0
158,0.6964277058795018,0.15675439872037225,0.13911104648344724,0.007706848916678785,0.0,0.0,0.0,0.0
159,0.6930904157379592,0.1596084891946894,0.13945149723810446,0.00784959782924702,0.0,0.0,0.0,0.0
160,0.6898856810695602,0.16188723115675258,0.14028289091261384,0.007944196861073435,0.0,0.0,0.0,0.0
161,0.6853546356814331,0.1646090534979424,0.14185427257322683,0.008182038247397725,0.0,0.0,0.0,0.0
162,0.6810816040245731,0.1672229478063174,0.14313355584578918,0.008561892323320273,0.0,0.0,0.0,0.0
163,0.6766412066131683,0.16953495117470754,0.14502562119307744,0.008798221019046698,0.0,0.0,0.0,0.0
164,0.6730601990530486,0.1717557251908397,0.1461493864141463,0.009034689341965408,0.0,0.0,0.0,0.0
165,0.6682599459250675,0.17443993820007725,0.14798184627269215,0.009318269602162997,0.0,0.0,0.0,0.0
166,0.6633548760490017,0.1775827143821742,0.14927172759718338,0.009790681971640782,0.0,0.0,0.0,0.0
167,0.6591500433651344,0.17967620699624168,0.15095885130577238,0.010214898332851498,0.0,0.0,0.0,0.0
168,0.6546277569103341,0.18246171626697485,0.15246075315419436,0.010449773668496582,0.0,0.0,0.0,0.0
169,0.6509143407122233,0.1850818094321463,0.15327237728585177,0.010731472569778633,0.0,0.0,0.0,0.0
170,0.6472879399884593,0.18700711675322176,0.15464512406231967,0.011059819195999231,0.0,0.0,0.0,0.0
171,0.6442917547568711,0.1886892177589852,0.15563136651931578,0.011387660964827984,0.0,0.0,0.0,0.0
172,0.641313742437338,0.19067511764140976,0.15634303274752712,0.011668107173725151,0.0,0.0,0.0,0.0
173,0.6395527401861983,0.1919090123812266,0.15663691333141377,0.01190133410116134,0.0,0.0,0.0,0.0
174,0.6381345360330103,0.19273582189809038,0.15718261203339412,0.01194703003550523,0.0,0.0,0.0,0.0
175,0.6366906474820144,0.19347721822541966,0.15774580335731414,0.012086330935251799,0.0,0.0,0.0,0.0
176,0.6357142857142857,0.1950143815915628,0.15699904122722916,0.012272291466922339,0.0,0.0,0.0,0.0
177,0.6342983128834356,0.19627108895705522,0.15711273006134968,0.01231786809815951,0.0,0.0,0.0,0.0
178,0.6336496070538624,0.19747939428790492,0.15650757140118843,0.012363427257044278,0.0,0.0,0.0,0.0
179,0.6340295075684997,0.19812224564092737,0.15534585169572715,0.012502395094845756,0.0,0.0,0.0,0.0
180,0.6347313990232691,0.19802738676625492,0.1545532892846883,0.01268792492578761,0.0,0.0,0.0,0.0
181,0.6359938750119629,0.19753086419753085,0.1535553641496794,0.012919896640826873,0.0,0.0,0.0,0.0
182,0.6385380788365863,0.19670876387294298,0.1517412935323383,0.013011863758132415,0.0,0.0,0.0,0.0
183,0.6406369548584545,0.19515110941086458,0.15106159143075745,0.013150344299923488,0.0,0.0,0.0,0.0
184,0.6439567794989481,0.19210174029451138,0.15074584050487666,0.013195639701663799,0.0,0.0,0.0,0.0
185,0.6469744766274734,0.18999139661600228,0.14974667813784534,0.013287448618678902,0.0,0.0,0.0,0.0
186,0.64970374617737,0.1894590978593272,0.14745795107033638,0.013379204892966361,0.0,0.0,0.0,0.0
187,0.6519102196752626,0.18915950334288442,0.1453199617956065,0.013610315186246419,0.0,0.0,0.0,0.0
188,0.654573228947871,0.18803704410922284,0.1436413977468016,0.01374832919610464,0.0,0.0,0.0,0.0
189,0.65635886423288,0.18821283703173466,0.1415413982343116,0.01388690050107373,0.0,0.0,0.0,0.0
190,0.6584144247281053,0.18665331043693953,0.14090822362144628,0.014024041213508873,0.0,0.0,0.0,0.0
191,0.6614995707335687,0.1842506915959172,0.14022703424592198,0.014022703424592197,0.0,0.0,0.0,0.0
192,0.6650138266425097,0.18141508534375894,0.13941069896061792,0.014160389053113379,0.0,0.0,0.0,0.0
193,0.6663013959693173,0.17914145504788223,0.14007337176616322,0.014483777216637286,0.0,0.0,0.0,0.0
194,0.6668730060473311,0.17684872148945288,0.1415646873958383,0.014713585067377744,0.0,0.0,0.0,0.0
195,0.6665873506876695,0.1764146004854138,0.14205491838385761,0.014943130443059059,0.0,0.0,0.0,0.0
196,0.6651760228353949,0.17768791627021885,0.14210275927687915,0.015033301617507136,0.0,0.0,0.0,0.0
197,0.6635113922846406,0.17894686771631071,0.14246301669599962,0.015078723303049041,0.0,0.0,0.0,0.0
198,0.66058099177483,0.18123900537250986,0.14291827128797605,0.015261731564684067,0.0,0.0,0.0,0.0
199,0.6578759800427655,0.18384414350201947,0.14278926110715134,0.015490615348063673,0.0,0.0,0.0,0.0
200,0.6550348953140578,0.18530123913972368,0.14380667521245785,0.015857190333760623,0.0,0.0,0.0,0.0
201,0.6510656476954478,0.1870698248445436,0.14596288033417193,0.015901647125836617,0.0,0.0,0.0,0.0
202,0.6481665955125469,0.18851098145249276,0.14714671979507613,0.016175703239884254,0.0,0.0,0.0,0.0
203,0.6459765754658827,0.1894826686898383,0.14822893451562427,0.01631182132865475,0.0,0.0,0.0,0.0
204,0.6441264275221532,0.19011514950480973,0.14917310335023456,0.016585319622802446,0.0,0.0,0.0,0.0
205,0.6427251622684418,0.19121618420429243,0.14942909935092624,0.016629554176339604,0.0,0.0,0.0,0.0
206,0.6411154774868614,0.19184697694237962,0.1501349367927655,0.016902608777993468,0.0,0.0,0.0,0.0
207,0.6405074075827141,0.19240781937804705,0.15009229895394519,0.0169924740852937,0.0,0.0,0.0,0.0
208,0.6391425732267071,0.19348885629110868,0.15028628211801448,0.017082288364169782,0.0,0.0,0.0,0.0
209,0.6389401466761296,0.19384906553110953,0.1501301159214573,0.017080671871303525,0.0,0.0,0.0,0.0
210,0.6381519837329171,0.19473211330212323,0.14980848347283302,0.017307419492126542,0.0,0.0,0.0,0.0
211,0.6382727143735515,0.19491084519699192,0.14964763751596272,0.017168802913493826,0.0,0.0,0.0,0.0
212,0.6384881025592507,0.19447466767585977,0.1500070958891149,0.017030133875774636,0.0,0.0,0.0,0.0
213,0.6393737287734733,0.19436166690317394,0.14923608154770351,0.017028522775649212,0.0,0.0,0.0,0.0
214,0.640853398930886,0.19400160840153272,0.14820947064667203,0.01693552202090922,0.0,0.0,0.0,0.0
215,0.6411711839553474,0.19336833640792772,0.14852655976538479,0.01693391987134005,0.0,0.0,0.0,0.0
216,0.640928649108705,0.1933897583810109,0.14861222752848835,0.01706936498179583,0.0,0.0,0.0,0.0
217,0.6421983635245708,0.1932554509766826,0.14766116445159155,0.016885021047155085,0.0,0.0,0.0,0.0
218,0.6438881264492925,0.19274998816904074,0.14679854242581988,0.01656334295584686,0.0,0.0,0.0,0.0
219,0.6441143073429221,0.1924205147615443,0.1468584405753217,0.01660673732021196,0.0,0.0,0.0,0.0
220,0.6446621237932992,0.1925989021389362,0.14627105811092184,0.016467915956842702,0.0,0.0,0.0,0.0
221,0.6463068181818182,0.19180871212121212,0.14573863636363638,0.016145833333333335,0.0,0.0,0.0,0.0
222,0.6473095869647594,0.19154982948086396,0.14522546419098142,0.015915119363395226,0.0,0.0,0.0,0.0
223,0.6480007580064431,0.19082812203903735,0.14539511085844228,0.015776009096077317,0.0,0.0,0.0,0.0
224,0.647064393939394,0.1909564393939394,0.14597537878787878,0.016003787878787878,0.0,0.0,0.0,0.0
225,0.6477019927107492,0.19041984190845837,0.14578501443650305,0.016093150944289297,0.0,0.0,0.0,0.0
226,0.6478966545213647,0.19046041735674063,0.1454597075663654,0.016183220555529267,0.0,0.0,0.0,0.0
227,0.6474901830912617,0.1908028575483749,0.14547949094005772,0.016227468420305625,0.0,0.0,0.0,0.0
228,0.6475041400520464,0.190962857818784,0.14539862786846464,0.016134374260704992,0.0,0.0,0.0,0.0
229,0.6471506266256798,0.19073066918893355,0.14580279025774415,0.016315913927642468,0.0,0.0,0.0,0.0
230,0.6461101915346418,0.19148734925514305,0.1461338377867108,0.016268621423504374,0.0,0.0,0.0,0.0
231,0.6450255343294874,0.1920276149044827,0.14668053716663515,0.016266313599394743,0.0,0.0,0.0,0.0
232,0.6441839580280758,0.1927494446282554,0.14661814056813346,0.016448456775535285,0.0,0.0,0.0,0.0
233,0.6428908833254605,0.19333963155408598,0.14700047236655645,0.016674539442607463,9.44733112895607e-05,0.0,0.0,0.0
234,0.6419968828224626,0.1940206867236575,0.14716856373683465,0.016672176828980305,9.445992537665895e-05,4.7229962688329476e-05,0.0,0.0
235,0.640726757904672,0.1947144879660217,0.14728645587541292,0.016894761680037753,0.00023596035865974517,9.438414346389807e-05,4.719207173194903e-05,0.0
236,0.6394115150657802,0.19512425142641582,0.1477813929362946,0.01716414391474513,0.0003300796906681756,0.00014146272457207527,4.715424152402509e-05,0.0
237,0.6376224566691786,0.19583647324792766,0.14812547098718915,0.017473624717407685,0.0005651846269781462,0.0003296910324039186,4.709871891484552e-05,0.0
238,0.6371294117647058,0.19585882352941175,0.14790588235294116,0.017505882352941177,0.0009411764705882353,0.0004235294117647059,0.00023529411764705883,0.0
239,0.6364576964680431,0.19583313737478247,0.14814466444057753,0.017542209471852515,0.0011287212528805907,0.0005173305742369374,0.00037624041762686355,0.0
240,0.6359704790109528,0.19592911201993138,0.147934000846143,0.017298923518074556,0.0017392939406759742,0.0006111032764537207,0.0005170873877685328,0.0
241,0.6352532180776097,0.19590341069247394,0.14812552851639577,0.017241379310344827,0.0021140655830123086,0.0006577092924927182,0.0007046885276707696,0.0
242,0.635190313042662,0.19589806166987375,0.14736940911437554,0.017271319284742105,0.002628244238982494,0.0007039939925845966,0.000891725723940489,4.693293283897311e-05
243,0.6350590883511537,0.19578878259238416,0.1467360720315138,0.017069968111048585,0.0034233727255674356,0.0009379103357719002,0.0009379103357719002,4.689551678859501e-05
244,0.6350730884557722,0.19546476761619191,0.14631746626686656,0.01714767616191904,0.0037481259370314842,0.0009838830584707645,0.0011712893553223389,9.37031484257871e-05
245,0.634108672251603,0.19525436420648665,0.14658117658070857,0.017176019094865914,0.0044929096269948985,0.000982823980905134,0.0013104319745401787,9.360228389572705e-05
246,0.6332351428437836,0.19530555945200356,0.14653761630897275,0.01711319960723804,0.005283583485294805,0.0009819048954972647,0.001449478655257867,9.351475195212044e-05
247,0.6328161510421535,0.19534535937938124,0.14618188615758482,0.016777268903635855,0.006075334143377886,0.0010748668099822413,0.0016356668847555846,9.346667912889055e-05
248,0.6329238099687018,0.1944690988928855,0.14635399635633203,0.01648993319942075,0.006680057924977811,0.0012612696781426635,0.0017284065959732797,9.342738356612322e-05
249,0.6331140043865789,0.19389612207755844,0.14578375099164684,0.01642633813990387,0.007606514536375939,0.0013066405338559896,0.0017732978673759858,9.333146670399925e-05
250,0.6328157784305497,0.19373338928521472,0.14542826502541148,0.01631929873642001,0.008252902503846691,0.0014454236023686297,0.0019116892805520586,9.325313563668579e-05
251,0.633215251235201,0.19339050992821852,0.14496131257574346,0.016127528665983035,0.008809546005406918,0.0014449519903048382,0.001957676890090426,9.322270905192505e-05
252,0.6328347080479053,0.19395125588331236,0.14455473228016216,0.016030569924041196,0.009087096323221026,0.001444615312922317,0.0020038212405051495,9.320098793047206e-05
253,0.6322947231148992,0.19379628335894927,0.14475338829118345,0.015975036095198174,0.00945461319919892,0.001490382376228401,0.002095850216571189,0.0001397233477714126
254,0.6320838183934808,0.19315483119906868,0.14542491268917346,0.015878928987194414,0.00959254947613504,0.0015832363213038416,0.002142025611175786,0.00013969732246798603
255,0.631336405529954,0.19322254806125774,0.14588279104408136,0.015919564306661083,0.00968207419820323,0.0016757436112274822,0.0021412279476795606,0.00013964530093562352
256,0.6313683524868562,0.19262085330107476,0.14609407714139488,0.015912157446610526,0.009910203322011818,0.001721490717908156,0.0021867584795049553,0.0001861071046387196
257,0.6304772536980184,0.19304121313610567,0.146432226253605,0.015954972555586568,0.010000930319099452,0.0017210903339845568,0.0021862498837101124,0.00018606381989022235
258,0.6311113178583058,0.19291063869377123,0.14597385681723032,0.015862678513280923,0.010001395543564218,0.0017211703958691911,0.002232869702749221,0.00018607247522910175
259,0.6307370378981633,0.1930713787491281,0.14601255521971634,0.015996279934898862,0.01004417577307603,0.0017205301092769125,0.002232039060683562,0.0001860032550569635
260,0.6306561875087198,0.1931358415104869,0.1461191461656513,0.015904757475701064,0.009998604845835465,0.001767195275077896,0.00223224666325629,0.0001860205552713575
261,0.6305146204267584,0.19255264748268328,0.1466691460183162,0.01603830598298545,0.01004137418065176,0.0017665380502998465,0.00223141648458928,0.00018595137371577332
262,0.6296812563888115,0.1926865532943035,0.14715175169593903,0.016215965059009387,0.010082706068209274,0.001765635164018214,0.002230275996654586,0.00018585633305454884
263,0.6288674161479142,0.19292948062807766,0.14758896218526432,0.016212951779243704,0.010127287930874291,0.0018117625197435659,0.002276317011985506,0.000185821796896776
264,0.6286271414643205,0.19290589163842334,0.14745345652072983,0.0163424485816426,0.010353312595756534,0.0018570964297321137,0.0022749431264218393,0.0001857096429732114
265,0.6280397252645257,0.19361425654353073,0.14711342119918322,0.016382030814924817,0.010488212363096343,0.0019027287915351773,0.0022739929459810655,0.00018563207722294413
266,0.628038597142327,0.19358879198367043,0.14687326034514753,0.016329560215253294,0.010716273891259974,0.0019020226387084802,0.002365930599369085,0.00018556318426424197
267,0.6272908643808287,0.1939405187212917,0.1474040736788382,0.016192641395629377,0.01071776550828191,0.0019022873845868326,0.002366259917412889,0.00018558901313042267
268,0.6271626698826476,0.19388654390277843,0.14731666589359432,0.016095366204369403,0.010946704392597059,0.0019481423071571037,0.0024583700542696787,0.00018553736258639084
269,0.6266864481431684,0.19407482961657935,0.14734109138114887,0.016180629607306783,0.01108071769669433,0.0019472390931429366,0.002503593119755204,0.0001854513422040892
270,0.6260019459759997,0.1942269378677663,0.14733818282907843,0.016216466663577817,0.011444192188296344,0.002038641523421211,0.002548301904276514,0.00018533104758374646
271,0.6259556132141036,0.1938562757725988,0.14770884492424594,0.016077468377890005,0.011536857712088218,0.002038641523421211,0.0026409674280683873,0.00018533104758374646
272,0.6260012037594334,0.19394416408167045,0.1470901430621788,0.016204453909903237,0.011806102134358072,0.0020834297884161305,0.002685309505069679,0.0001851937589703227
273,0.625,0.19409477971121808,0.14763050721954832,0.016197704553868937,0.012125138837467605,0.0020825620140688633,0.002684191040355424,0.00018511662347278786
274,0.6246590541352688,0.19379594101058667,0.14756599325042763,0.016411631454856457,0.01248208589524294,0.0021265775969673156,0.0027737968656095418,0.00018491979104063612
275,0.6240177498382177,0.19436997319034852,0.14736063603586946,0.016178237958768604,0.012896366829989831,0.0022649533142276045,0.0027271886844781362,0.00018489414810021263
276,0.6246071362543908,0.19379737474579406,0.14706969865039748,0.015899426881124053,0.01317249029395452,0.0024496210020336475,0.0028193751155481603,0.00018487705675725643
277,0.6248787024629177,0.19389122498960307,0.1464350076244166,0.01575712767432189,0.013492906982117277,0.002495263619980592,0.0028649323044221617,0.00018483434222078463
278,0.6242841307962312,0.1943007574358027,0.14612968778865693,0.015656752263070384,0.013809347866247922,0.0025863661555514503,0.0030482172547570663,0.00018474043968224645
279,0.6239442470115845,0.19407393732404116,0.14616698204643006,0.015692066275903447,0.014169012784418702,0.0026307287580191073,0.0031384132551806896,0.0001846125444223935
280,0.6233802167396818,0.19423564676043348,0.14599953885174083,0.015817385289370534,0.014387825685958035,0.002813004380908462,0.0031819229882407195,0.00018445930366612866
281,0.6235077206729661,0.19465314588614888,0.14505646462318506,0.0157640009218714,0.014657755243143581,0.0029038949066605207,0.00327264346623646,0.00018437427978796957
282,0.6234855115861243,0.1943151978624407,0.14502234302298797,0.01580135440180587,0.014972128806375823,0.0029022895840051595,0.0033169023817201824,0.00018427235454001014
283,0.623894620486367,0.19385593220338984,0.14485077376565955,0.01570560058953574,0.015198968312453943,0.002901621223286662,0.0034082535003684598,0.00018422991893883567
284,0.6239182470999816,0.19365678512244522,0.14467869637267539,0.01578898913643896,0.015328668753452403,0.003038114527711287,0.003406370834100534,0.00018412815319462345
285,0.6233210671573137,0.19333026678932844,0.1451701931922723,0.015961361545538177,0.015547378104875805,0.0030818767249310027,0.0034038638454461823,0.0001839926402943882
286,0.6234823399558499,0.19352465047829287,0.14468359087564386,0.01591243561442237,0.015636497424576894,0.003127299484915379,0.0034492273730684325,0.0001839587932303164
287,0.6233509538037233,0.19384049643760054,0.14410480349344978,0.015904389795449322,0.01599632268444036,0.0031716846701907607,0.0034474833371638705,0.0001838657779820731
288,0.6232137113449433,0.19367734227817857,0.14409778063686074,0.015852593851950557,0.016174240683729264,0.003308367412580986,0.0034921656021688185,0.00018379818958783257
289,0.6230871743026515,0.19378705022747117,0.14415697808005146,0.01571618951334957,0.016221680988925142,0.0033546252470015164,0.003492486558522127,0.00018381508202748036
290,0.6227533900252815,0.19416226154906918,0.14424270282693633,0.015490691794989658,0.01622615490691795,0.0034015168926683523,0.003539416226154907,0.0001838657779820731
291,0.6226449774836872,0.19455932359158165,0.14382869221578898,0.0155776123518059,0.01626688723462917,0.003400422755261465,0.003538277731826119,0.00018380663541953864
292,0.622140560404226,0.19499310978410656,0.14377583830960036,0.015709692237023426,0.016352779053743684,0.003399173174092788,0.003445107946715664,0.00018373909049150208
293,0.6217433258282405,0.1955153241740569,0.14382208335247898,0.015484997472774892,0.016403988420714055,0.0034462160547718604,0.0034002665073749024,0.00018379818958783257
294,0.6209573686144799,0.19620543917677324,0.14383498713708195,0.015527379639838294,0.016400220507166482,0.003537302462330026,0.0033535464902609336,0.00018375597206909226
295,0.6211647988241779,0.1957560169024435,0.14390042256108765,0.015432665809296343,0.016626860187396657,0.003582583134300937,0.003352930369281646,0.00018372221201543268
296,0.6204822043628013,0.19582089552238807,0.1444776119402985,0.015430539609644087,0.016578645235361653,0.0036280137772675084,0.0033983926521239955,0.00018369690011481055
297,0.6200385887541345,0.19606762219772142,0.1447997059904447,0.01515986769570011,0.016629915472252847,0.003675119441381845,0.0034454244762954795,0.00018375597206909226
298,0.6206880712874925,0.19507601855679574,0.14500941619585686,0.015065913370998116,0.01676542189150705,0.0037205456800330715,0.003490882366450783,0.0001837306508658307
299,0.6207023181087905,0.19439981638742254,0.14523754877209089,0.01514803764057838,0.01703006655955933,0.0037181546935965114,0.003580445260500344,0.00018361257746155613
300,0.6197273603525038,0.19529994951117638,0.1452701152063157,0.015100748152568046,0.017074402166429522,0.0038096112360582,0.0035342176527286915,0.00018359572221967227
301,0.6193666819642037,0.1957778797613584,0.14497475906379073,0.015006883891693438,0.01720972923359339,0.003946764570904085,0.003533731069297843,0.0001835704451583295
302,0.6193711269221942,0.1961900390176727,0.1446867110397062,0.014826715630020656,0.017305485425751665,0.0039017672710580675,0.0035345421161349553,0.00018361257746155613
303,0.6207070707070707,0.19559228650137742,0.14416896235078053,0.014692378328741965,0.01721763085399449,0.0039026629935720843,0.0035353535353535356,0.00018365472910927456
304,0.6198210598761184,0.19591649460885524,0.14425326909841707,0.014819912824042212,0.01752695572378986,0.003945859142005047,0.003532920394585914,0.00018352833218628124
305,0.6203873691940518,0.1956122636313567,0.14407013034698,0.014549293188911327,0.017532586744997247,0.004038920506700936,0.003625849091242886,0.00018358729575913347
306,0.6203716448726773,0.19610002294104154,0.14347327368662538,0.01459050240880936,0.017572837806836432,0.004083505391144758,0.003624684560679055,0.00018352833218628124
307,0.6197790105909862,0.19627710788134428,0.14336802530833065,0.014671496034111229,0.01769749209114667,0.004172206684700381,0.0038054192838476,0.00022924212553298795
308,0.6201585919237292,0.1960397854883806,0.14314525370124215,0.014759132786359262,0.017555117568868312,0.0042627308979236375,0.0038502085529632853,0.0002291790805335289
309,0.6209899175068744,0.19523373052245646,0.14307974335472043,0.014757103574702108,0.017506874427131072,0.0042163153070577455,0.003941338221814849,0.00027497708524289643
310,0.6205175177467369,0.19500801465536982,0.14330203801236546,0.014838561941836501,0.017815433936340736,0.004259216853675292,0.003984428669567209,0.00027478818410808336
311,0.6193681318681319,0.1961080586080586,0.1433150183150183,0.014926739926739927,0.017765567765567765,0.004212454212454212,0.00402930402930403,0.0002747252747252747
312,0.619215452922598,0.19604522360049434,0.14326909873209137,0.014876184373140477,0.018034512747745687,0.0043484231244564475,0.00398224012450222,0.00022886437497139195
313,0.6186793575252826,0.19608291767720679,0.14359584496407815,0.0148720999405116,0.018029561158650988,0.0043929895208895805,0.004118427675833982,0.0002288015375463323
314,0.6184788577704557,0.19668680212337544,0.14332784184514002,0.014872780523521874,0.017938861431447923,0.004393190554640308,0.004072853743364452,0.00022881200805418268
315,0.6185684884518637,0.19666133089412302,0.14292247884747314,0.01500114337983078,0.018111136519551794,0.004436313743425566,0.004024697004344844,0.0002744111593871484
316,0.6189735614307932,0.19659683469033026,0.1427591254231086,0.014957460433629128,0.017930655932668557,0.004436922513951148,0.004070990760223219,0.0002744488152959473
317,0.6182026069060141,0.19743882917905328,0.14269380288131717,0.01500114337983078,0.017836725360164646,0.004436313743425566,0.004116167390807226,0.0002744111593871484
318,0.6183181672687366,0.19767707714115873,0.1423933421738534,0.015135580044812292,0.017787736064749187,0.004389775481274864,0.0040239608578352916,0.000274360967579679
319,0.6169920892587681,0.19877452101147744,0.14280488362522292,0.015227033700672184,0.01751337509716951,0.004389775481274864,0.0040239608578352916,0.000274360967579679
320,0.6157257142857143,0.19894857142857142,0.14386285714285715,0.01536,0.017371428571428572,0.004434285714285714,0.004022857142857143,0.00027428571428571427
321,0.6157221206581353,0.1989945155393053,0.14392138939670931,0.015585009140767825,0.017138939670932357,0.00443327239488117,0.003930530164533821,0.0002742230347349177
322,0.6151490217590053,0.19930517462058878,0.1442676906198574,0.015405010056683124,0.017233497897238985,0.004434083013347961,0.0039312488571951,0.00027427317608337906
323,0.6148500365764448,0.19970738844184346,0.14429407461594734,0.015270665691294805,0.01728237015362107,0.004526335040234089,0.0038405267008046816,0.00022860277980980248
324,0.6145118492085277,0.20056729801445694,0.14424924512764206,0.015051697319059384,0.01706469027358404,0.004483484307804922,0.0038429865495470767,0.00022874919937780218
325,0.6144269498352252,0.2011168070303918,0.14408641523251556,0.014829732698645185,0.01711827169534969,0.004485536433540827,0.0037074331746612963,0.0002288538996704504
326,0.6148209214985801,0.20124576348813777,0.14408720344416964,0.014656041036914903,0.01685444719245214,0.004488412567555189,0.0036182101309883666,0.00022900064120179536
327,0.6141057934508816,0.20183192122738722,0.14435539271811312,0.01474696588046714,0.016716281199908405,0.004442408976414014,0.0035722463934050835,0.0002289901534234028
328,0.6145141338708938,0.20195171118339672,0.14436248682824027,0.014844000549777797,0.016126815412104274,0.004398222385119347,0.00357355568790947,0.00022907408255829934
329,0.6144859813084113,0.20221733553234378,0.144172622319956,0.014843320505772403,0.016171889316474255,0.004352208172988822,0.003527579256001466,0.00022906358805204326
330,0.6149088243379456,0.20200678090350957,0.1441400164940896,0.014844680656098232,0.016219188124255476,0.004306790066892697,0.0033904517547878677,0.00018326766242096582
331,0.6144120207063998,0.20229969306885337,0.14421182830180035,0.014796829905172018,0.016262769710018783,0.004397819414540291,0.003435796417609602,0.00018324247560584544
332,0.614997022582566,0.2022353533965462,0.14374055242545006,0.014841280747560808,0.01616966698731162,0.004443222939856168,0.003389675232467592,0.00018322568824149146
333,0.6154621694697768,0.20232803262911875,0.1435772879336419,0.014756427294807754,0.0160395948856606,0.0042161220842307865,0.003437056046927272,0.00018330965583612116
334,0.61434854315558,0.20304196444933115,0.14376030786146235,0.014797507788161994,0.016080263881253436,0.004306395455378413,0.0034817665383910573,0.0001832508704416346
335,0.6143275925247343,0.20318798094540125,0.14350494686698426,0.01474899230487358,0.01626053499450348,0.004305606449248809,0.0034811286185415903,0.00018321729571271528
336,0.6143413516609393,0.20316151202749141,0.1438258877434135,0.01461626575028637,0.015990836197021765,0.004398625429553264,0.0034822451317296677,0.00018327605956471935
337,0.6140913463740895,0.20349076916029135,0.14375372211278575,0.014705208667369097,0.01585047413990563,0.004352008795638829,0.0035274176554125247,0.0002290530945073068
338,0.6138486902363071,0.20388349514563106,0.14343286316175125,0.014746290529400989,0.015982780729071257,0.004304817732185382,0.0035720827990474444,0.0002289796666056054
339,0.6134126802471962,0.2043030441748684,0.1432822156099794,0.01487754634927901,0.015884641794460974,0.0043945983062485695,0.003616388189517052,0.00022888532845044633
340,0.6125623313051832,0.20536163593943,0.14268722265428427,0.015051008737819662,0.01592021592936548,0.00443753145157601,0.003705567500800586,0.00027448648154078414
341,0.6125565869495633,0.20517627692166995,0.14257624948557318,0.015089853216882346,0.016095843431341166,0.004481229137134757,0.003749599890255613,0.000274360967579679
342,0.6128,0.2050742857142857,0.14226285714285714,0.015085714285714286,0.01618285714285714,0.004525714285714286,0.0037942857142857144,0.00027428571428571427
343,0.6125302746424165,0.20541059269752776,0.14193666316318604,0.01508019924142028,0.016405428871726913,0.004615454919343783,0.0037472010236256456,0.000274185440753096
344,0.6130019644570333,0.2054913426835397,0.14134953629677008,0.015213120745579971,0.016309561880396548,0.004659874822970441,0.003700488830005939,0.0002741102837041436
345,0.6131093664414826,0.2055870001825817,0.14054226766477998,0.01533686324630272,0.01656928975716633,0.004655833485484755,0.00383421581157568,0.0003651634106262553
346,0.6130593607305936,0.2056164383561644,0.1408675799086758,0.015205479452054794,0.016484018264840184,0.0045662100456621,0.0038812785388127853,0.00031963470319634703
347,0.6130122904006945,0.20578425549412893,0.14108831726595697,0.014894686343491571,0.0165394983323434,0.004614611413167634,0.003746516196829168,0.0003198245533878558
348,0.6123772550810688,0.2060744462205983,0.14131080155286596,0.015026261703585293,0.01648778259876684,0.004612925325416762,0.003790819821877141,0.0003197076958209637
349,0.6116970278044104,0.2062731132721545,0.14153312331644066,0.015020773410035155,0.016527416335661783,0.004656896315573209,0.0039264027758754505,0.00036524676984887915
350,0.611557421946321,0.20645426328281907,0.14145517619134562,0.015108636114661312,0.01652364433083805,0.004655833485484755,0.0038798612379039622,0.0003651634106262553
351,0.6105560877697185,0.20674239313899914,0.1418274713744811,0.015236531180146892,0.016605081884950502,0.004653072396332284,0.0040144154007572645,0.0003649468546142968
352,0.6098795840175151,0.2071702244116037,0.14199051268016785,0.015188834154351396,0.01678525816456851,0.004652435686918446,0.003968253968253968,0.00036489691662105453
353,0.6083052238125627,0.20776734433403227,0.14258364481721214,0.015315890236119975,0.017002461482359378,0.004695049685477254,0.00396572157899535,0.0003646640532409518
354,0.6078333029363487,0.207824183840963,0.14321539303301112,0.015183293817253328,0.01682473098668612,0.0047419296005836225,0.004012401969724603,0.0003647638154295094
355,0.6081426096471232,0.20766845992523023,0.14311115163672836,0.01522750068386979,0.016732014224491658,0.004832679857755083,0.003920853469499407,0.00036473055530227043
356,0.6067830605825774,0.20800474084879428,0.14418562246432967,0.015316588412271504,0.016592970779960796,0.004832018963395177,0.0039203172721885395,0.00036468067648265487
357,0.6062995715197375,0.20872458747378977,0.14408788403683107,0.015407056249430213,0.016273133375877474,0.004922964718752849,0.003920138572340232,0.0003646640532409518
358,0.6068189069693241,0.2088062354710789,0.14353434522995578,0.015406353981494142,0.01631797256028078,0.0049683212543871645,0.003783217101964538,0.00036464743151465426
359,0.6070418681017969,0.20938611693879414,0.14330019155340692,0.015324272553133267,0.016053999817568183,0.004788835172854146,0.003739852230228952,0.0003648636322174587
360,0.6074084211486702,0.20970758633274028,0.14292231193832397,0.015327767893800465,0.0159208065325487,0.004653072396332284,0.003695086902969755,0.0003649468546142968
361,0.607168916453849,0.20977745348412988,0.14287668734038672,0.015322874863188618,0.016098139365195184,0.004697190806275082,0.003693907333090113,0.00036483035388544326
362,0.606240306541374,0.21092965970258187,0.14291579235471216,0.015235836146337013,0.0159656965605328,0.004744092692272603,0.003603685795091689,0.0003649302070978925
363,0.6064533795810324,0.21080735703527909,0.1431700972114463,0.0150152891241842,0.015882433480900005,0.0047008351969330476,0.003605494956870978,0.0003651134133540231
364,0.6066800511042161,0.2106680051104216,0.14290929001642635,0.014966234714363934,0.016015696294944332,0.00469976273042526,0.003650301149844862,0.000410658879357547
365,0.6049872355944566,0.21166119620714807,0.14305251641137856,0.015180525164113785,0.01609226841721371,0.004741064916119621,0.0038293216630196935,0.00045587162654996355
366,0.6055952977627922,0.21114503121155512,0.14279856016767667,0.015355173827858021,0.01612976716635531,0.004647560030983733,0.0038729666924864447,0.0004556431402925229
367,0.6049444545620105,0.21134583864505554,0.14264250591877617,0.01538881806592606,0.01643598615916955,0.0046894918958295395,0.004052085230376981,0.0005008195228555819
368,0.6045781377992172,0.21111313370346774,0.14303267497952124,0.015518339856193683,0.016428506416674253,0.004732866114498953,0.0040957495221625555,0.0005005916082643124
369,0.6050955414012739,0.21119199272065514,0.14231119199272066,0.015559599636032756,0.016560509554140127,0.004640582347588717,0.004140127388535032,0.0005004549590536852
370,0.604848981077147,0.21106259097525473,0.14264919941775836,0.015602256186317321,0.016512008733624454,0.004548762736535662,0.004230349344978166,0.0005458515283842794
371,0.604511551755503,0.2112515917773331,0.14294160451155175,0.015826814626159723,0.016281608149899946,0.004502455885028197,0.00413862106603602,0.0005457522284882663
372,0.6042396397216031,0.2117090479006505,0.1428376472728927,0.015648455624800984,0.016421780466724288,0.004594459354956102,0.004003093299367693,0.0005458763590046854
373,0.6050657086990132,0.21076804147151107,0.14274021190487018,0.01573370924469101,0.01655222591059979,0.004638261106816425,0.003956163885225774,0.0005456777772725206
