,btrf_pt-O+,btrf_pt-A+,btrf_pt-B+,btrf_pt-AB+,btrf_pt-O-,btrf_pt-A-,btrf_pt-B-,btrf_pt-AB-
0,1.0,0.0,0.0,0.0,0.0,0.0,0.0,0.0
1,1.0,0.0,0.0,0.0,0.0,0.0,0.0,0.0
2,1.0,0.0,0.0,0.0,0.0,0.0,0.0,0.0
3,1.0,0.0,0.0,0.0,0.0,0.0,0.0,0.0
4,1.0,0.0,0.0,0.0,0.0,0.0,0.0,0.0
5,1.0,0.0,0.0,0.0,0.0,0.0,0.0,0.0
6,1.0,0.0,0.0,0.0,0.0,0.0,0.0,0.0
7,1.0,0.0,0.0,0.0,0.0,0.0,0.0,0.0
8,1.0,0.0,0.0,0.0,0.0,0.0,0.0,0.0
9,1.0,0.0,0.0,0.0,0.0,0.0,0.0,0.0
10,1.0,0.0,0.0,0.0,0.0,0.0,0.0,0.0
11,1.0,0.0,0.0,0.0,0.0,0.0,0.0,0.0
12,1.0,0.0,0.0,0.0,0.0,0.0,0.0,0.0
13,1.0,0.0,0.0,0.0,0.0,0.0,0.0,0.0
14,1.0,0.0,0.0,0.0,0.0,0.0,0.0,0.0
15,1.0,0.0,0.0,0.0,0.0,0.0,0.0,0.0
16,1.0,0.0,0.0,0.0,0.0,0.0,0.0,0.0
17,1.0,0.0,0.0,0.0,0.0,0.0,0.0,0.0
18,1.0,0.0,0.0,0.0,0.0,0.0,0.0,0.0
19,1.0,0.0,0.0,0.0,0.0,0.0,0.0,0.0
20,1.0,0.0,0.0,0.0,0.0,0.0,0.0,0.0
21,1.0,0.0,0.0,0.0,0.0,0.0,0.0,0.0
22,1.0,0.0,0.0,0.0,0.0,0.0,0.0,0.0
23,1.0,0.0,0.0,0.0,0.0,0.0,0.0,0.0
24,1.0,0.0,0.0,0.0,0.0,0.0,0.0,0.0
25,1.0,0.0,0.0,0.0,0.0,0.0,0.0,0.0
26,1.0,0.0,0.0,0.0,0.0,0.0,0.0,0.0
27,1.0,0.0,0.0,0.0,0.0,0.0,0.0,0.0
28,1.0,0.0,0.0,0.0,0.0,0.0,0.0,0.0
29,1.0,0.0,0.0,0.0,0.0,0.0,0.0,0.0
30,1.0,0.0,0.0,0.0,0.0,0.0,0.0,0.0
31,1.0,0.0,0.0,0.0,0.0,0.0,0.0,0.0
32,1.0,0.0,0.0,0.0,0.0,0.0,0.0,0.0
33,1.0,0.0,0.0,0.0,0.0,0.0,0.0,0.0
34,1.0,0.0,0.0,0.0,0.0,0.0,0.0,0.0
35,1.0,0.0,0.0,0.0,0.0,0.0,0.0,0.0
36,1.0,0.0,0.0,0.0,0.0,0.0,0.0,0.0
37,1.0,0.0,0.0,0.0,0.0,0.0,0.0,0.0
38,1.0,0.0,0.0,0.0,0.0,0.0,0.0,0.0
39,1.0,0.0,0.0,0.0,0.0,0.0,0.0,0.0
40,1.0,0.0,0.0,0.0,0.0,0.0,0.0,0.0
41,1.0,0.0,0.0,0.0,0.0,0.0,0.0,0.0
42,1.0,0.0,0.0,0.0,0.0,0.0,0.0,0.0
43,1.0,0.0,0.0,0.0,0.0,0.0,0.0,0.0
44,1.0,0.0,0.0,0.0,0.0,0.0,0.0,0.0
45,1.0,0.0,0.0,0.0,0.0,0.0,0.0,0.0
46,1.0,0.0,0.0,0.0,0.0,0.0,0.0,0.0
47,1.0,0.0,0.0,0.0,0.0,0.0,0.0,0.0
48,1.0,0.0,0.0,0.0,0.0,0.0,0.0,0.0
49,1.0,0.0,0.0,0.0,0.0,0.0,0.0,0.0
50,1.0,0.0,0.0,0.0,0.0,0.0,0.0,0.0
51,1.0,0.0,0.0,0.0,0.0,0.0,0.0,0.0
52,1.0,0.0,0.0,0.0,0.0,0.0,0.0,0.0
53,1.0,0.0,0.0,0.0,0.0,0.0,0.0,0.0
54,1.0,0.0,0.0,0.0,0.0,0.0,0.0,0.0
55,1.0,0.0,0.0,0.0,0.0,0.0,0.0,0.0
56,1.0,0.0,0.0,0.0,0.0,0.0,0.0,0.0
57,1.0,0.0,0.0,0.0,0.0,0.0,0.0,0.0
58,1.0,0.0,0.0,0.0,0.0,0.0,0.0,0.0
59,1.0,0.0,0.0,0.0,0.0,0.0,0.0,0.0
60,1.0,0.0,0.0,0.0,0.0,0.0,0.0,0.0
61,1.0,0.0,0.0,0.0,0.0,0.0,0.0,0.0
62,1.0,0.0,0.0,0.0,0.0,0.0,0.0,0.0
63,1.0,0.0,0.0,0.0,0.0,0.0,0.0,0.0
64,1.0,0.0,0.0,0.0,0.0,0.0,0.0,0.0
65,1.0,0.0,0.0,0.0,0.0,0.0,0.0,0.0
66,1.0,0.0,0.0,0.0,0.0,0.0,0.0,0.0
67,1.0,0.0,0.0,0.0,0.0,0.0,0.0,0.0
68,1.0,0.0,0.0,0.0,0.0,0.0,0.0,0.0
69,1.0,0.0,0.0,0.0,0.0,0.0,0.0,0.0
70,1.0,0.0,0.0,0.0,0.0,0.0,0.0,0.0
71,1.0,0.0,0.0,0.0,0.0,0.0,0.0,0.0
72,1.0,0.0,0.0,0.0,0.0,0.0,0.0,0.0
73,1.0,0.0,0.0,0.0,0.0,0.0,0.0,0.0
74,1.0,0.0,0.0,0.0,0.0,0.0,0.0,0.0
75,1.0,0.0,0.0,0.0,0.0,0.0,0.0,0.0
76,1.0,0.0,0.0,0.0,0.0,0.0,0.0,0.0
77,1.0,0.0,0.0,0.0,0.0,0.0,0.0,0.0
78,1.0,0.0,0.0,0.0,0.0,0.0,0.0,0.0
79,1.0,0.0,0.0,0.0,0.0,0.0,0.0,0.0
80,1.0,0.0,0.0,0.0,0.0,0.0,0.0,0.0
81,1.0,0.0,0.0,0.0,0.0,0.0,0.0,0.0
82,1.0,0.0,0.0,0.0,0.0,0.0,0.0,0.0
83,1.0,0.0,0.0,0.0,0.0,0.0,0.0,0.0
84,1.0,0.0,0.0,0.0,0.0,0.0,0.0,0.0
85,1.0,0.0,0.0,0.0,0.0,0.0,0.0,0.0
86,1.0,0.0,0.0,0.0,0.0,0.0,0.0,0.0
87,1.0,0.0,0.0,0.0,0.0,0.0,0.0,0.0
88,1.0,0.0,0.0,0.0,0.0,0.0,0.0,0.0
89,1.0,0.0,0.0,0.0,0.0,0.0,0.0,0.0
90,1.0,0.0,0.0,0.0,0.0,0.0,0.0,0.0
91,1.0,0.0,0.0,0.0,0.0,0.0,0.0,0.0
92,1.0,0.0,0.0,0.0,0.0,0.0,0.0,0.0
93,1.0,0.0,0.0,0.0,0.0,0.0,0.0,0.0
94,1.0,0.0,0.0,0.0,0.0,0.0,0.0,0.0
95,1.0,0.0,0.0,0.0,0.0,0.0,0.0,0.0
96,1.0,0.0,0.0,0.0,0.0,0.0,0.0,0.0
97,1.0,0.0,0.0,0.0,0.0,0.0,0.0,0.0
98,1.0,0.0,0.0,0.0,0.0,0.0,0.0,0.0
99,1.0,0.0,0.0,0.0,0.0,0.0,0.0,0.0
100,0.9876805857906195,0.012319414209380566,0.0,0.0,0.0,0.0,0.0,0.0
101,0.9754130800435342,0.024586919956465815,0.0,0.0,0.0,0.0,0.0,0.0
102,0.9630985358132172,0.036901464186782744,0.0,0.0,0.0,0.0,0.0,0.0
103,0.950786427935503,0.04921357206449698,0.0,0.0,0.0,0.0,0.0,0.0
104,0.9384303446911626,0.061569655308837345,0.0,0.0,0.0,0.0,0.0,0.0
105,0.9260321384425216,0.061606922126081584,0.012311495673671199,4.9443757725587144e-05,0.0,0.0,0.0,0.0
106,0.9137291738765017,0.06160083057299649,0.024620556681663124,4.943886883868097e-05,0.0,0.0,0.0,0.0
107,0.9013395284464436,0.06163808017399041,0.0369235331916366,9.885818792941526e-05,0.0,0.0,0.0,0.0
108,0.8890426530914842,0.06163198734740276,0.0492265111451589,9.884841595413434e-05,0.0,0.0,0.0,0.0
109,0.8767542992686301,0.06162285036568492,0.06152401660407195,9.8833761612967e-05,0.0,0.0,0.0,0.0
110,0.8767664789010772,0.061616760549461407,0.06151793655499555,9.882399446585631e-05,0.0,0.0,0.0,0.0
111,0.876784743836767,0.061607628081616524,0.06150881873425226,9.880934736426066e-05,0.0,0.0,0.0,0.0
112,0.8767475176604258,0.06165094106604752,0.06150274168848491,9.879958504174282e-05,0.0,0.0,0.0,0.0
113,0.8767657808949916,0.061641805788797785,0.06149362837103625,9.878494517435543e-05,0.0,0.0,0.0,0.0
114,0.8767840387179614,0.061632673218430536,0.06148451775396316,9.877030964492074e-05,0.0,0.0,0.0,0.0
115,0.8765554019356113,0.06177167687142011,0.06157416551451708,9.875567845151097e-05,0.0,0.0,0.0,0.0
116,0.8765182186234818,0.061814950133307,0.0615680853164807,9.874592673052236e-05,0.0,0.0,0.0,0.0
117,0.8764810426540285,0.061808846761453394,0.061611374407582936,9.873617693522907e-05,0.0,0.0,0.0,0.0
118,0.8764993336294981,0.061750333185251,0.06165161162939928,9.872155585172022e-05,0.0,0.0,0.0,0.0
119,0.8762647450767485,0.06179359360347465,0.06184294950890874,9.871181086817038e-05,0.0,0.0,0.0,0.0
120,0.8757340966293243,0.06228100478705029,0.061886196515817005,9.870206780832058e-05,0.0,0.0,0.0,0.0
121,0.8744140143103873,0.06350851221317542,0.061978781149765606,9.869232667160128e-05,0.0,0.0,0.0,0.0
122,0.8735876054670153,0.06434104702225292,0.06197266492327429,9.868258745744314e-05,0.0,0.0,0.0,0.0
123,0.8713799398095614,0.06650550101139671,0.06201588632887661,9.867285016527702e-05,0.0,0.0,0.0,0.0
124,0.8689260519954615,0.06886685412658478,0.062108430763159195,9.866311479453407e-05,0.0,0.0,0.0,0.0
125,0.865979381443299,0.07137572140285109,0.0625462437725053,9.865338134464559e-05,0.0,0.0,0.0,0.0
126,0.8630603086937225,0.07332708713447408,0.0634153557867745,0.00019724838502884758,0.0,0.0,0.0,0.0
127,0.8588612275080109,0.07606605866403747,0.06477692876509736,0.00029578506285432587,0.0,0.0,0.0,0.0
128,0.8536176919667045,0.07880608777028025,0.06688666699502537,0.0006895532679899523,0.0,0.0,0.0,0.0
129,0.8478806675527987,0.08167183577019643,0.06956136464333186,0.0008861320336730173,0.0,0.0,0.0,0.0
130,0.8427342021145807,0.08399311531841652,0.07189574625030735,0.001376936316695353,0.0,0.0,0.0,0.0
131,0.8371098550012288,0.08640943720815926,0.0749078397640698,0.0015728680265421479,0.0,0.0,0.0,0.0
132,0.8322444368030653,0.08906027410718671,0.07687773247531561,0.001817556614432382,0.0,0.0,0.0,0.0
133,0.8268296274480931,0.09198448927502086,0.07902616207725911,0.002159721199626957,0.0,0.0,0.0,0.0
134,0.8213707501349163,0.09522641416866998,0.08104793210027965,0.0023549035961340334,0.0,0.0,0.0,0.0
135,0.8157262610912299,0.09843619785283593,0.08314133045737536,0.002696210598558753,0.0,0.0,0.0,0.0
136,0.8107022100259714,0.10055373156269908,0.08590189640809526,0.0028421620032341843,0.0,0.0,0.0,0.0
137,0.8048278901238799,0.10346178328355286,0.08852764040542525,0.003182686187141948,0.0,0.0,0.0,0.0
138,0.798835673401497,0.10596350472090406,0.0916295680250477,0.0035712538525512452,0.0,0.0,0.0,0.0
139,0.7922960355868407,0.10910690717113947,0.09468641540792883,0.0039106418340910205,0.0,0.0,0.0,0.0
140,0.786150314987547,0.11144210577721346,0.098061239439371,0.004346339795868535,0.0,0.0,0.0,0.0
141,0.7805425448868072,0.11382708821233412,0.10089773614363778,0.004732630757220921,0.0,0.0,0.0,0.0
142,0.7756972888628828,0.11556465769455822,0.10376438463038815,0.00497366881217086,0.0,0.0,0.0,0.0
143,0.7713227410078956,0.11672677648893655,0.10678428696754069,0.0051661955356272545,0.0,0.0,0.0,0.0
144,0.7671132764920828,0.11741778319123021,0.11020706455542022,0.005261875761266748,0.0,0.0,0.0,0.0
145,0.7635513563531876,0.11815126868942678,0.11289144304290655,0.005405931914479131,0.0,0.0,0.0,0.0
146,0.7602376199055364,0.11900472318254857,0.1153040853094415,0.005453571602473584,0.0,0.0,0.0,0.0
147,0.7580700131457228,0.1198695165295292,0.1166074297677589,0.0054530405569891425,0.0,0.0,0.0,0.0
148,0.7560845015576324,0.12071651090342679,0.11764992211838006,0.005549065420560747,0.0,0.0,0.0,0.0
149,0.7550007300335816,0.12138025015817394,0.1180707645885044,0.005548255219740108,0.0,0.0,0.0,0.0
150,0.75323600973236,0.12248175182481752,0.11868613138686131,0.00559610705596107,0.0,0.0,0.0,0.0
151,0.7515570260801868,0.1232483456597898,0.1195990657843519,0.005595562475671468,0.0,0.0,0.0,0.0
152,0.7492702860478693,0.12448920023350847,0.12059739248881106,0.005643121229811247,0.0,0.0,0.0,0.0
153,0.7473489639069948,0.125304017900574,0.12170444595777799,0.0056425722346531764,0.0,0.0,0.0,0.0
154,0.7446384282449059,0.12639206341487136,0.12327967708991878,0.005689831250303944,0.0,0.0,0.0,0.0
155,0.7421001458434614,0.1280019445794847,0.12411278561011181,0.005785123966942148,0.0,0.0,0.0,0.0
156,0.739138886189134,0.1296044319175819,0.12532802021576442,0.005928661677519681,0.0,0.0,0.0,0.0
157,0.7362669386565642,0.13128369517703628,0.12632959347224246,0.006119772694157075,0.0,0.0,0.0,0.0
158,0.7326501869748919,0.13403914331504055,0.12719149142829392,0.00611917828177359,0.0,0.0,0.0,0.0
159,0.7284861427947387,0.1363879046740766,0.12876765519584527,0.006358297335339514,0.0,0.0,0.0,0.0
160,0.724710106253942,0.13866382029013632,0.13012469069914123,0.00650138275678036,0.0,0.0,0.0,0.0
161,0.7211039433477228,0.1406606198768007,0.13163893873987487,0.0065964980356016875,0.0,0.0,0.0,0.0
162,0.7166125357506423,0.14280866740995685,0.1337437587861748,0.006835038053226041,0.0,0.0,0.0,0.0
163,0.7128180276229706,0.14465713593409257,0.1355948630966804,0.00692997334625636,0.0,0.0,0.0,0.0
164,0.7082586582707677,0.14700896100750788,0.1376120125938484,0.007120368127875999,0.0,0.0,0.0,0.0
165,0.7039171064736358,0.14927613421778918,0.1395438919285334,0.007262867380041641,0.0,0.0,0.0,0.0
166,0.6998886683769786,0.15097536182777482,0.14177840166513384,0.0073575681301127835,0.0,0.0,0.0,0.0
167,0.6950210480476121,0.15328785019596458,0.14419122272221416,0.007499879034209126,0.0,0.0,0.0,0.0
168,0.6904589196769669,0.1558102422747715,0.14599351999613133,0.00773731805213018,0.0,0.0,0.0,0.0
169,0.6863247450089428,0.157635229854498,0.14816068062067966,0.007879344515879539,0.0,0.0,0.0,0.0
170,0.682689985023431,0.15937968017778636,0.14981400067636116,0.008116334122421373,0.0,0.0,0.0,0.0
171,0.67870419543282,0.1612031091584995,0.1516921739970067,0.008400521411673828,0.0,0.0,0.0,0.0
172,0.6751773734253583,0.1631835513296974,0.15314445677880206,0.008494618466142188,0.0,0.0,0.0,0.0
173,0.6727158646652831,0.16429364351561368,0.15454413823060958,0.008446353588493653,0.0,0.0,0.0,0.0
174,0.6691102001446829,0.1655654690137449,0.15654690137448757,0.00877742946708464,0.0,0.0,0.0,0.0
175,0.6672614167912427,0.16612817668900998,0.1578338236003279,0.008776582919419395,0.0,0.0,0.0,0.0
176,0.6643204936605119,0.16704430410258883,0.15976473991225956,0.008870462324639637,0.0,0.0,0.0,0.0
177,0.6620560026989253,0.16810448696322713,0.16087522290230855,0.008964287435539063,0.0,0.0,0.0,0.0
178,0.6594729996627968,0.16922780480755334,0.162146538850619,0.009152656679030782,0.0,0.0,0.0,0.0
179,0.6576298935811624,0.1704627534068474,0.162613762218905,0.009293590793085183,0.0,0.0,0.0,0.0
180,0.6562214199759326,0.17063778580024067,0.1637063778580024,0.009434416365824308,0.0,0.0,0.0,0.0
181,0.6554844298984454,0.17071762044568514,0.16436444144967993,0.009433508206189536,0.0,0.0,0.0,0.0
182,0.6545900692840647,0.17075635103926096,0.1651270207852194,0.009526558891454965,0.0,0.0,0.0,0.0
183,0.6549285611199307,0.1701544234377255,0.1653437244431616,0.009573290999182181,0.0,0.0,0.0,0.0
184,0.6558457173087097,0.1689991824171596,0.1654883855143558,0.009666714759774923,0.0,0.0,0.0,0.0
185,0.6569216713949128,0.1679088330047603,0.1654565562340722,0.009712939366254749,0.0,0.0,0.0,0.0
186,0.6594241215209344,0.16632216507234535,0.16444743546603854,0.009806277940681632,0.0,0.0,0.0,0.0
187,0.6610291644645173,0.16537740835055015,0.16359967328112238,0.009993753903810118,0.0,0.0,0.0,0.0
188,0.6634167427116853,0.16454541088324287,0.16190384707746985,0.01013399932760194,0.0,0.0,0.0,0.0
189,0.6655786492583882,0.1639706235299765,0.16008256132098114,0.01036816589065425,0.0,0.0,0.0,0.0
190,0.6703765891100983,0.16066202926361237,0.15835931878148238,0.010602062844806907,0.0,0.0,0.0,0.0
191,0.6748033761749472,0.15773067331670823,0.1567715327066948,0.010694417801649722,0.0,0.0,0.0,0.0
192,0.6786056770233986,0.15453586497890295,0.15611814345991562,0.010740314537782892,0.0,0.0,0.0,0.0
193,0.6814087206516531,0.15165309056061332,0.15591758505031145,0.011020603737422138,0.0,0.0,0.0,0.0
194,0.6849669445242886,0.14793523043020024,0.15603142665516911,0.011066398390342052,0.0,0.0,0.0,0.0
195,0.6881226053639847,0.14650383141762452,0.15421455938697318,0.011159003831417625,0.0,0.0,0.0,0.0
196,0.6897937700368438,0.14684913153739412,0.15182544619359778,0.011531652232164218,0.0,0.0,0.0,0.0
197,0.6907882150373063,0.14745551941840443,0.15008609144824947,0.011670174096039793,0.0,0.0,0.0,0.0
198,0.6915575102782293,0.148723587341046,0.1478630844248972,0.011855817955827517,0.0,0.0,0.0,0.0
199,0.692601796979545,0.14997132479449435,0.14547887593194417,0.01194800229401644,0.0,0.0,0.0,0.0
200,0.691142747945729,0.15177718326008027,0.14499331167590293,0.01208675711828779,0.0,0.0,0.0,0.0
201,0.6884134110230203,0.15402617250931322,0.14538160282739518,0.012178813640271277,0.0,0.0,0.0,0.0
202,0.6852258619043071,0.15528602807754752,0.1472638716454971,0.012224238372648267,0.0,0.0,0.0,0.0
203,0.6818963047837296,0.15697507877399025,0.14885897068652726,0.012269645755752888,0.0,0.0,0.0,0.0
204,0.6786089113634195,0.15847724453773496,0.15031962598988646,0.012594218108959068,0.0,0.0,0.0,0.0
205,0.6756176666984641,0.1597348087379567,0.15200801297338548,0.012639511590193647,0.0,0.0,0.0,0.0
206,0.6733905579399142,0.16022889842632332,0.15369575584167858,0.01268478779208393,0.0,0.0,0.0,0.0
207,0.6704480457578647,0.16182078169685415,0.15486177311725452,0.012869399428026692,0.0,0.0,0.0,0.0
208,0.6680960548885078,0.1628549647417572,0.1560415475509815,0.013007432818753573,0.0,0.0,0.0,0.0
209,0.667174845164364,0.1637446403049071,0.15607432110528824,0.013006193425440685,0.0,0.0,0.0,0.0
210,0.6653490808648442,0.16453947995047147,0.1569673302219259,0.013144108962758357,0.0,0.0,0.0,0.0
211,0.664968334841198,0.16470644255035474,0.15718299128612923,0.013142231322317986,0.0,0.0,0.0,0.0
212,0.6636835340600752,0.1647546056076546,0.15832817632217833,0.013233684010091874,0.0,0.0,0.0,0.0
213,0.6636519421172886,0.1646991622239147,0.15846344249809596,0.013185453160700685,0.0,0.0,0.0,0.0
214,0.6631939489082346,0.16421673564530706,0.15912658769801627,0.013415156272299129,4.7571476142904715e-05,0.0,0.0,0.0
215,0.6645096826378646,0.16291573488128658,0.1592520340676595,0.013274967883142218,4.758053004710473e-05,0.0,0.0,0.0
216,0.6651125172463009,0.16237689709310624,0.15918930491460107,0.013273704743327466,4.757600266425615e-05,0.0,0.0,0.0
217,0.6663177925784967,0.16137012369172216,0.15899143672692673,0.013225499524262607,4.757373929590866e-05,0.0,4.757373929590866e-05,0.0
218,0.6670313986679353,0.1604662226450999,0.15922930542340627,0.013177925784966698,4.757373929590866e-05,0.0,4.757373929590866e-05,0.0
219,0.6686013320647003,0.15941960038058992,0.15875356803044718,0.01313035204567079,4.757373929590866e-05,0.0,4.757373929590866e-05,0.0
220,0.6692033293697979,0.15938168846611178,0.1581450653983353,0.013174791914387633,4.756242568370987e-05,0.0,4.756242568370987e-05,0.0
221,0.66999666999667,0.1594120165548737,0.1574615860330146,0.013034584463155892,4.7571476142904715e-05,0.0,4.7571476142904715e-05,0.0
222,0.6711390236939766,0.15938719193072604,0.15648491768959938,0.012893710153202018,4.7578266247977927e-05,0.0,4.7578266247977927e-05,0.0
223,0.673043974871502,0.15871882733675996,0.1554349895297925,0.012707024557395774,4.759185227489054e-05,0.0,4.759185227489054e-05,0.0
224,0.6740568057471811,0.15799990484799467,0.15500261668014653,0.012797944716684904,4.757600266425615e-05,0.0,9.51520053285123e-05,0.0
225,0.675342596117244,0.1578797106966121,0.1539779215835554,0.012657023220403503,4.7582794061667303e-05,0.0,9.516558812333461e-05,0.0
226,0.6755341931185457,0.1581877885118736,0.1535715985342407,0.012563651073145195,4.758958739827726e-05,0.0,9.517917479655451e-05,0.0
227,0.6761012272857007,0.1575492341356674,0.15350585101322425,0.012700979925792028,4.756921320521359e-05,0.0,9.513842641042717e-05,0.0
228,0.6757836655092042,0.15763687390001427,0.1537839509109071,0.01265280882842601,4.756695048280455e-05,0.0,9.51339009656091e-05,0.0
229,0.6757695418430943,0.15766687282934488,0.15390836861886864,0.012512488700699367,4.757600266425615e-05,0.0,9.51520053285123e-05,0.0
230,0.6759624994051302,0.15728358635130632,0.15428544234521488,0.012325703136153809,4.758958739827726e-05,0.0,9.517917479655451e-05,0.0
231,0.6757065372537825,0.15696070035207918,0.15481967837092017,0.01237034922447426,4.7578266247977927e-05,0.0,9.515653249595585e-05,0.0
232,0.6748323264995482,0.15763687390001427,0.15487799077201161,0.012367407125529183,0.00014270085144841365,4.756695048280455e-05,9.51339009656091e-05,0.0
233,0.6741135088886776,0.1581424089742371,0.15476756345660234,0.01259625439680578,0.00023766517729822227,4.753303545964445e-05,9.50660709192889e-05,0.0
234,0.6737962830933029,0.15908550786634346,0.15409477636769808,0.01250059413470222,0.00033271543324302487,9.506155235514996e-05,9.506155235514996e-05,0.0
235,0.6734451465767093,0.15964270442343326,0.15365610300755453,0.012543355347555471,0.0004751270964983133,0.00014253812894949398,9.502541929966266e-05,0.0
236,0.6726348784194529,0.16047682370820668,0.15340045592705168,0.012632978723404254,0.0005224164133738601,0.00018996960486322188,0.0001424772036474164,0.0
237,0.6716361219257431,0.16081093913208622,0.1537840660905897,0.012534422182128952,0.0006647042066280505,0.00033235210331402525,0.00023739435951001804,0.0
238,0.6704318936877076,0.16141433317513051,0.15410536307546274,0.012529663028001898,0.0008542952064546749,0.00037968675842429994,0.00028476506881822496,0.0
239,0.6685633001422475,0.16211474632527265,0.15457562825983878,0.012660028449502134,0.001375059269796112,0.0003793266951161688,0.0003319108582266477,0.0
240,0.6672195630538837,0.16236197336619118,0.15515852329273494,0.012558646509644092,0.0018008625183640586,0.0004739111890431733,0.000426520070138856,0.0
241,0.6655936375686423,0.16289528498390457,0.15551032001514864,0.012781670138231395,0.0021776178754023857,0.0006154137473963265,0.00042605567127437983,0.0
242,0.6646024392549872,0.16313699536730641,0.15510069017679873,0.012905360688285903,0.002930887775361634,0.0007090857521036211,0.0005672686016828969,4.727238347357474e-05
243,0.6633125472411187,0.16354875283446713,0.15537603930461075,0.012849584278155708,0.0033068783068783067,0.0008503401360544217,0.0007086167800453515,4.72411186696901e-05
244,0.6610081576837836,0.16414391474513132,0.15551468854623474,0.0129674164191069,0.004149573254114207,0.0011317017965766021,0.0009902390720045269,9.430848304805017e-05
245,0.659010683861251,0.16411728714642068,0.15592789570292276,0.013084200122370217,0.005271332423400951,0.001176636701651998,0.0012707676377841579,0.00014119640419823975
246,0.6580517832808609,0.1639490625440534,0.1556317842206663,0.013110286170762653,0.00620271603778018,0.0014097081904045862,0.0015036887364315587,0.00014097081904045864
247,0.656723418226162,0.16396979503775622,0.1551990994793865,0.013085690164626424,0.0074105342150931,0.0016884761502743773,0.0017353782655597767,0.00018760846114159748
248,0.6566408995080815,0.16341063480908877,0.15474349964862966,0.012977278051065824,0.008339189505739048,0.0018271257905832748,0.0018271257905832748,0.00023424689622862497
249,0.6565160445317616,0.16250350827953972,0.15422396856581533,0.012816914585087474,0.009636074469080363,0.0019178594817101694,0.0021517447843577508,0.00023388530264758164
250,0.6552416530469297,0.1620359561055335,0.15442446883025918,0.012841466261965912,0.010880224141956572,0.0021480270838197526,0.0021947233247723557,0.00023348120476301658
251,0.65389634601044,0.1610738255033557,0.15501491424310215,0.012816927665920954,0.011791573452647279,0.002330350484712901,0.002796420581655481,0.0002796420581655481
252,0.6536598994226113,0.16050474948780033,0.1549636803874092,0.012711864406779662,0.012339355559694542,0.0025144347178245484,0.003026634382566586,0.0002793816353138387
253,0.6526526061507015,0.16078230976493543,0.1539069032797547,0.013053981231998513,0.013053981231998513,0.002880237851900028,0.003344792344141968,0.00032518814456935797
254,0.6519460036183142,0.16045831980331215,0.1535928004824419,0.012988820336781556,0.013962981862040173,0.0031080391520155867,0.003618314236674862,0.0003247205084195389
255,0.6512974976830399,0.16047265987025022,0.15324374420759962,0.012882298424467099,0.014365152919369786,0.003336422613531047,0.004031510658016682,0.0003707136237256719
256,0.6515439100041664,0.16013147539465766,0.1525392342947086,0.012916068700523123,0.015091893893801212,0.0033331790194898385,0.004073885468265358,0.0003703532243877598
257,0.6522765130483065,0.15967980751434388,0.15181380714417916,0.01286322413473996,0.015454377197853045,0.0034240236905422913,0.004118082546733296,0.00037016472330186933
258,0.652027183209283,0.16014053904119088,0.15094077943691925,0.012944385372844529,0.015949331977254864,0.0035134760297720865,0.004114465350654154,0.00036983958208127224
259,0.6517824159586257,0.16000184706316956,0.15048947173993352,0.013114148503878832,0.016346509050609533,0.003647949759881788,0.004248245289988918,0.0003694126339120798
260,0.6515074564846023,0.16039521676901058,0.15019160626067685,0.01297382150607138,0.016575095803130338,0.003647444480354587,0.004339997229789002,0.0003693614663650215
261,0.6505190311418685,0.16069204152249134,0.15035755478662052,0.013102652825836216,0.01679354094579008,0.003690888119953864,0.004429065743944637,0.0004152249134948097
262,0.6499100677950468,0.16127842088271918,0.15016372273209427,0.01319005672646774,0.01687958308352165,0.003689526357053913,0.00447355070792787,0.00041507171516856525
263,0.6490087597971416,0.16145689257722454,0.15071461502996772,0.013185799907791609,0.01701244813278008,0.0037344398340248964,0.0044721069617335175,0.0004149377593360996
264,0.648999907825606,0.16139736381233294,0.1504746981288598,0.013134851138353765,0.017236611669278274,0.0038252373490644297,0.004516545303714628,0.0004147847727901189
265,0.6481891069947471,0.16196663901944522,0.15063127822320524,0.013086351488342089,0.017279513408902405,0.0038245323011703992,0.004607870242373975,0.0004147083218136577
266,0.6472050833410075,0.1623998526567824,0.15079657427019064,0.013260889584676305,0.017312828068882954,0.003913804217699604,0.0046965650612395245,0.00041440279952113454
267,0.6462196861626248,0.16271685610418296,0.15107450186369703,0.013344991026643965,0.017532557176383967,0.003911462887119783,0.004785789885417146,0.00041415489393032995
268,0.6457605297038809,0.1624977009380173,0.15114033474342467,0.013380540739378334,0.018070627184108883,0.003954386610263013,0.004782048924038992,0.0004138311568879897
269,0.6449937968111014,0.1623397509534531,0.15154160731516794,0.013417267839911777,0.018471718053577172,0.003997610623535358,0.004824702476680605,0.00041354592657262323
270,0.644828061154217,0.16206785730682705,0.15127863734447455,0.013360268123593958,0.019191038060695102,0.003994306964785823,0.0048666268766356,0.00041320416877094717
271,0.644270044517876,0.16191656340355226,0.15159025196199918,0.01321767864518794,0.01959704438019184,0.0039928404240671895,0.00500252420946349,0.0004130524576621231
272,0.6437646195477686,0.16121634637435214,0.1524102187772325,0.013300921891482824,0.019859652341420904,0.003990276567444847,0.00504517726918314,0.00041278723111498416
273,0.6438456603427734,0.16139675556777563,0.1514984877646412,0.01338099165979287,0.020208963431399506,0.004215928879112822,0.005040784529374026,0.0004124278251306021
274,0.6430860805860806,0.16163003663003664,0.15132783882783882,0.01336996336996337,0.020604395604395604,0.004258241758241758,0.005265567765567766,0.0004578754578754579
275,0.6409916296940036,0.16237478845538122,0.15199194986964276,0.013584594977816403,0.02090289530256598,0.004345240817820061,0.005351507112473128,0.00045739377029684855
276,0.6394902713072075,0.16255595140221066,0.1521878140129716,0.013702384214853385,0.021649767059468347,0.004476112176852106,0.005480953685941353,0.00045674614049511284
277,0.6384541679974449,0.16261349637267875,0.15216498608386184,0.013596751380207146,0.0225395811470548,0.004562668248391659,0.005612081945521741,0.0004562668248391659
278,0.6379719131862119,0.16268466168156118,0.15196972460331934,0.013541856647820536,0.02302571584898778,0.004605143169797556,0.005699434616086085,0.0005015502462155754
279,0.6378996265597959,0.1616267419619273,0.1521085709080973,0.013571363512159578,0.023681573913835505,0.004690773294471263,0.005920393478458876,0.0005009563712542126
280,0.637393123521921,0.16108786610878661,0.15185555757686012,0.01346188830271057,0.02464980898672003,0.004866290704020375,0.006139712570492996,0.0005457522284882663
281,0.6363182272273181,0.16124784306602488,0.15148487875760602,0.013531922622831713,0.025519934610843703,0.0050858232676414495,0.00622105167559713,0.0005903187721369539
282,0.635036496350365,0.16103731241782654,0.1517885478532892,0.013737135603209865,0.02634084417645192,0.005213764337851929,0.006256517205422315,0.0005893820555832616
283,0.6349796103307658,0.16098776619845945,0.15129134571816946,0.01359311282283643,0.026778432260987767,0.005391934753058451,0.006343452650657001,0.0006343452650657
284,0.6344821339613242,0.16117929441601378,0.15112540192926044,0.013495765590326525,0.027172682396630586,0.0055703998913092705,0.006340292559213804,0.0006340292559213804
285,0.633989590405069,0.16152975786377008,0.15080334917402127,0.013532473410273818,0.027562797012898845,0.005566870332654446,0.00638153428377461,0.0006336275175379045
286,0.6330453661404858,0.16201546881360532,0.1507530869781537,0.013523904292369623,0.028042878465783166,0.005608575693156633,0.006377493328508752,0.0006332262879370392
287,0.6332971604268403,0.1617381081569904,0.15047929101103275,0.013383975402423585,0.028350515463917526,0.005606800506420691,0.0065111231687466084,0.0006330258636281425
288,0.6345145543301393,0.16068522871090218,0.15001807991321642,0.013333935997107214,0.028521063098897126,0.005695172663171217,0.006599168323992045,0.0006327969625745796
289,0.6342322807968559,0.16077155892849077,0.14956859556398788,0.013145412657541673,0.029046392916836066,0.00573700140037042,0.006866332384695306,0.0006324253512219361
290,0.633888663145063,0.16091019910605445,0.14939726398483003,0.013138290667750237,0.029301548602645718,0.005779041943202853,0.006952909837915933,0.0006320827125378121
291,0.6340836302945555,0.16035905994857685,0.14899183544589292,0.013126437818575488,0.029951734403897333,0.005864044386305201,0.006991745229825432,0.0006315124723713293
292,0.6331966289602956,0.16062012708999954,0.14908287890396144,0.013294875839379872,0.030105006985443238,0.005993960971652621,0.007075577989093695,0.0006309432601739601
293,0.6325151992794416,0.1608196352172934,0.14906552578248142,0.01337536590857915,0.030308489079036254,0.006079711776626886,0.007205584327854087,0.0006304886286872326
294,0.6324932493249324,0.16044104410441043,0.149009900990099,0.013456345634563457,0.030423042304230423,0.006120612061206121,0.007335733573357336,0.00072007200720072
295,0.6309968076974957,0.1611438334607257,0.14927386358527045,0.013668450159615125,0.03061912683782204,0.0061597949732476055,0.007373769165055528,0.000764354120767951
296,0.6308598139242213,0.16090610813969167,0.14935502719223337,0.013618589599532563,0.030967683940851275,0.006157580115960268,0.007371117803047328,0.0007640792844622231
297,0.6311155038411429,0.16051934049148658,0.14919807718226336,0.01365739700795184,0.0311334741003639,0.006154813783188822,0.007457657576710544,0.0007637360168920436
298,0.630730546450541,0.16034304701180907,0.14929729244308743,0.01360513672488887,0.03143100893538683,0.006196398904404831,0.007588343585829105,0.0008082259440528041
299,0.6310143626570915,0.15987432675044883,0.14923698384201078,0.01359964093357271,0.03164272890484739,0.006193895870736086,0.00763016157989228,0.000807899461400359
300,0.6302641610979055,0.15988698031125265,0.14934744584473247,0.013589272099385567,0.03202224514508678,0.006278871597075839,0.007803740413508543,0.000807283491052608
301,0.629549937242245,0.16034606419221803,0.14927380311995697,0.013582571274878967,0.032230589922897616,0.006320602474448629,0.007889546351084813,0.0008068854222700376
302,0.6277695716395865,0.16140727809856317,0.14914283156528355,0.013965355176581174,0.03254106799158498,0.006400787789266372,0.007922653417483551,0.0008504543216507766
303,0.6267281105990783,0.1615140262180663,0.14965773343474564,0.013869625520110958,0.03288443470090824,0.00648740548521319,0.008008590219676972,0.000850073822200349
304,0.6259675182318465,0.16178247058297168,0.15006039998210371,0.01369066261017404,0.03319761979329784,0.0065768869401816475,0.007919108764708515,0.0008053330947161201
305,0.625,0.1621065808297568,0.15016988555078684,0.013724964234620886,0.03357474964234621,0.006616595135908441,0.00800250357653791,0.0008047210300429185
306,0.6253072900370983,0.16162338533053233,0.1500469315693023,0.013543109998659097,0.03388012336298216,0.006659813167657444,0.008134805345729227,0.0008045411880391543
307,0.6252288457244921,0.1612413485152936,0.1497209198481804,0.01357445858450547,0.03451663317704845,0.006697923643670462,0.0082161196695691,0.0008037508372404555
308,0.6234438445406274,0.16197403060996832,0.15028334300120477,0.013609388246843069,0.03484895810093258,0.006782383650885726,0.008254874838249075,0.0008031770112890991
309,0.6230656022833697,0.16179815368148776,0.1503813049101369,0.01355750791597913,0.03514248762431432,0.006912545154528832,0.008339651250947688,0.0008027471792356063
310,0.6228230368357757,0.1613736581889448,0.15010467239766603,0.013674223865306668,0.03581132243552626,0.006993006993006993,0.00841833325909759,0.000801746024675961
311,0.6222746284595533,0.16094153243748333,0.15030702144700542,0.013749221322417016,0.036308623298033284,0.007119337901575154,0.008498709620005339,0.0008009255139272048
312,0.6208842479449012,0.16071984003554765,0.15089980004443457,0.013908020439902243,0.03674738946900689,0.007242834925572095,0.008709175738724729,0.0008886914019106865
313,0.6206161768622924,0.16039243540797302,0.1507147296457427,0.013895054603569209,0.03720145609517891,0.0074580484773151025,0.008834235993962531,0.0008878629139660836
314,0.6197064431732517,0.16039200035475146,0.15076936721209702,0.01396833843288546,0.037692341803024255,0.007582812292137821,0.008957474169659882,0.000931222562192364
315,0.6193831427811752,0.16072852964637063,0.1501816892670389,0.01391473898785784,0.0381547460781707,0.007755029690685101,0.008951519985819374,0.0009306035628822122
316,0.6196234772978959,0.16044296788482834,0.14976744186046512,0.013732004429678849,0.03836101882613511,0.007973421926910298,0.009169435215946844,0.0009302325581395349
317,0.6193596953460567,0.16020900677500774,0.15002435460301997,0.013727139883983528,0.03852455386795377,0.008103440641190276,0.009121905858389054,0.0009299030243988841
318,0.6197600814483644,0.15939976096675668,0.15019255455712452,0.013722278783586384,0.03877650391748927,0.008056305608428136,0.009162940994201231,0.0009295737240494002
319,0.619776234909123,0.1590677928625127,0.14969265466766904,0.013708928492460089,0.039313669128377485,0.00809269004554902,0.009375138194843674,0.0009728916994649095
320,0.6189276400123768,0.159395305662379,0.14998010873889406,0.013791274366794854,0.03942889979224683,0.00813331565221235,0.009326791318569597,0.0010166644565265438
321,0.6188687582854617,0.1594343791427309,0.14980114891736632,0.0137870083959346,0.03963764913831198,0.008174988952717632,0.009235528060097217,0.0010605391073795847
322,0.61896765069825,0.1590949266395616,0.1502563196040304,0.013832420010606328,0.03946438041364681,0.008131518472688705,0.009192151316952448,0.0010606328442637441
323,0.619222271321255,0.1589041095890411,0.1500662836942112,0.0136986301369863,0.03981440565620857,0.008042421564295183,0.009191338930623067,0.0010605391073795847
324,0.6187867273450272,0.15901559669509124,0.15039985861352892,0.013740997658286572,0.039588211902973534,0.0080413555427915,0.009366853709185703,0.0010603985331153626
325,0.6185216277117483,0.1594132461450095,0.15044404188574206,0.013829364202712854,0.03927892899748155,0.0080413555427915,0.009411036981398842,0.0010603985331153626
326,0.6187361908970394,0.15925762262483428,0.15055236411842687,0.0137870083959346,0.039063190455148035,0.008042421564295183,0.009500662836942113,0.0010605391073795847
327,0.6187845303867403,0.15946961325966852,0.15049723756906078,0.013701657458563535,0.03885082872928177,0.00808839779005525,0.009502762430939227,0.0011049723756906078
328,0.6190770862800565,0.1593440594059406,0.15050388967468176,0.013746463932107496,0.03871994342291372,0.007956152758132957,0.009547383309759547,0.001105021216407355
329,0.6196161669762095,0.1593260811886442,0.15048200229946052,0.01375254267268064,0.038383302379057224,0.007915450605819404,0.00941894401698063,0.0011055098611479615
330,0.6196012554705804,0.15909995137261837,0.1507448830732505,0.013969320542858406,0.03823880465054595,0.007957207904159852,0.009283409221519826,0.001105167764466646
331,0.619430693069307,0.1592114568599717,0.15072489391796323,0.013923267326732673,0.03827793493635078,0.00800035360678925,0.009326379066478076,0.001105021216407355
332,0.6197426031577551,0.15987793551811066,0.15041351554553092,0.013931272389544912,0.03772500110565654,0.008004953341294061,0.009199062403255054,0.0011056565388527708
333,0.6204928549307615,0.15984603813653056,0.1500685749679246,0.013936203158872717,0.03751714374198115,0.007919302747422908,0.009113834446754855,0.0011060478697518029
334,0.6203875763206795,0.15998584196088841,0.15016370232722767,0.01393681975046456,0.037563047517918766,0.007831165383594373,0.00906999380585789,0.0010618529333687285
335,0.6212195013948545,0.15994332019660806,0.15015719789221982,0.013859983173183368,0.03710755878315547,0.0077049107735907545,0.008944781472789267,0.0010627463135987247
336,0.620637732506643,0.1603631532329495,0.15053144375553587,0.013817537643932684,0.037023914968999115,0.007617360496014172,0.008945969884853853,0.0010628875110717448
337,0.6209295113198352,0.16060431527180896,0.1504585530105002,0.013823047273049489,0.03686145939479864,0.007487483939568473,0.008772318461742944,0.0010633113286961145
338,0.6212490581091263,0.1603209077611808,0.15079118833385044,0.013740525685918178,0.0366561765879172,0.007579451265458091,0.008598909622800409,0.001063782633748504
339,0.6221847845362652,0.15978010285511615,0.1507802801915233,0.013832239758822485,0.03626529526511793,0.007581131406277709,0.00851214754389076,0.001064018442986345
340,0.6219009180822282,0.15944471548321285,0.1518605579456247,0.013837761121213465,0.03588060495853107,0.007495453940657293,0.00855989710382756,0.0010200913647048387
341,0.6219571675608566,0.15944663681106727,0.15182015696359685,0.014011439719771205,0.036092759278144815,0.007316099853678003,0.008380259832394803,0.0009754799804904004
342,0.6219571675608566,0.15949097681018046,0.15204185695916286,0.014144459717110806,0.03595973928080522,0.0072274198554516025,0.008247239835055204,0.0009311399813772004
343,0.6216911275661775,0.15984569680308605,0.15208619695827605,0.014144459717110806,0.03587105928257881,0.007183079856338403,0.008247239835055204,0.0009311399813772004
344,0.6231639671621921,0.15952962059019304,0.15140891945861992,0.013800754382072332,0.035677834479698245,0.00727756822720213,0.008209451963612158,0.0009318837364100289
345,0.6230816996362991,0.15976226381619799,0.1509358644548922,0.013838374878027145,0.035926550164108936,0.007229663798456489,0.008294154173689346,0.0009314290783287501
346,0.6221030708556742,0.16010103248105642,0.1510169716843178,0.014047059866176275,0.03602605574511455,0.007178623654008065,0.008552310896441706,0.0009748748172109718
347,0.6226682617750011,0.15973237626833267,0.15073773760467898,0.01391288936151358,0.036377331738225,0.007177987504984713,0.008418627320661084,0.0009747884266028623
348,0.6223255813953489,0.15942414174972314,0.1512735326688815,0.013953488372093023,0.03658914728682171,0.0070874861572535995,0.008372093023255815,0.0009745293466223698
349,0.6225980696006376,0.1592136721863101,0.1508013813866997,0.013902417426724519,0.03705835473302046,0.0071725847870362175,0.008279465155406004,0.0009740547241654122
350,0.6230139411374198,0.15866342111086523,0.15052002655454746,0.013764107103341448,0.03748616950652799,0.0072582429741093165,0.00832042487275946,0.0009736667404292985
351,0.623213416522855,0.1587238373379353,0.1500066374618346,0.013584671888136644,0.037656533474932516,0.00734545776361786,0.008495951148280898,0.0009734944024071861
352,0.622704950670265,0.15851878069282838,0.15046675220103525,0.013405300181391851,0.03800380480467195,0.007388399769942043,0.008538689554483917,0.0009733221253815865
353,0.6231198018049903,0.15824632808352504,0.15032737568571936,0.013360467173951514,0.0380906034330207,0.007388072907450009,0.008494071845691028,0.000973279065652097
354,0.6231480252974216,0.1579762062712839,0.15045774180708504,0.013444783512449692,0.037990358674981205,0.007385785679536508,0.008624121003051611,0.0009729777541904383
355,0.622226151533905,0.15834143753867916,0.15056140040668375,0.013349836442401203,0.03828131906993192,0.007426399080541066,0.008840951286358412,0.0009725046414994253
356,0.6232813121711835,0.15809717494142092,0.1498297891153455,0.013218975197842521,0.03837481763119501,0.00738317343825987,0.008842123878155533,0.0009726336265971086
357,0.6234748010610079,0.15822281167108754,0.14955791335101679,0.013218390804597701,0.03819628647214854,0.007427055702917772,0.008930150309460655,0.0009725906277630416
358,0.6240880753415572,0.1581553698545342,0.14917982048901268,0.01317592961047,0.03815713843568997,0.007472255383118893,0.008842905778838927,0.0009285051067780873
359,0.6241266472096931,0.15870699566640134,0.14884584770496154,0.013221897939329619,0.03771999646236845,0.007605907844697975,0.008844078889183692,0.0009286282833642876
360,0.6230493788957163,0.15918836479377568,0.14928606162415456,0.013262013173599752,0.0376641174130233,0.007691967640687856,0.0089297555368905,0.0009283409221519826
361,0.6231768761601697,0.15941836824891717,0.14898789003800936,0.013435870237779545,0.037434809511181825,0.007734464775037567,0.008883585255900292,0.0009281357730045081
362,0.6220681125491409,0.15994522726268828,0.14921153761208533,0.013516498078537038,0.03763417112063254,0.007818366535624365,0.008878484031980211,0.0009276028093113653
363,0.6221063792189433,0.15987807033044707,0.14940802261883726,0.013474112033928256,0.03763915886198975,0.007775225304824174,0.008835483300936562,0.0008835483300936561
364,0.622807405116423,0.1598550788671409,0.14889762735828216,0.013387531480581452,0.03768833119780851,0.007908805726152079,0.008659921353775461,0.0007952988998365219
365,0.6221220557691458,0.15983914446064784,0.1498077687922577,0.013345706836360422,0.03738565557470502,0.008086968049847541,0.008617261036722789,0.0007954394803128729
366,0.622044460158218,0.16033941751005437,0.1495558403677023,0.013346886463075087,0.03738896009192558,0.00791090290361073,0.00861802271622398,0.0007955097891899058
367,0.6223637087146836,0.16023345271256134,0.14975460936463722,0.01326435866825839,0.03718441880001769,0.00773754255648406,0.008666047663262148,0.0007958615200955034
368,0.6217268223637651,0.16051840056617125,0.15052193913658882,0.013225406935598018,0.0368895966029724,0.007652158527954706,0.008669497523000707,0.0007961783439490446
