,bt_pt-O,bt_pt-A,bt_pt-B,bt_pt-AB
0,1.0,0.0,0.0,0.0
1,1.0,0.0,0.0,0.0
2,1.0,0.0,0.0,0.0
3,1.0,0.0,0.0,0.0
4,1.0,0.0,0.0,0.0
5,1.0,0.0,0.0,0.0
6,1.0,0.0,0.0,0.0
7,1.0,0.0,0.0,0.0
8,1.0,0.0,0.0,0.0
9,1.0,0.0,0.0,0.0
10,1.0,0.0,0.0,0.0
11,1.0,0.0,0.0,0.0
12,1.0,0.0,0.0,0.0
13,1.0,0.0,0.0,0.0
14,1.0,0.0,0.0,0.0
15,1.0,0.0,0.0,0.0
16,1.0,0.0,0.0,0.0
17,1.0,0.0,0.0,0.0
18,1.0,0.0,0.0,0.0
19,1.0,0.0,0.0,0.0
20,1.0,0.0,0.0,0.0
21,1.0,0.0,0.0,0.0
22,1.0,0.0,0.0,0.0
23,1.0,0.0,0.0,0.0
24,1.0,0.0,0.0,0.0
25,1.0,0.0,0.0,0.0
26,1.0,0.0,0.0,0.0
27,1.0,0.0,0.0,0.0
28,1.0,0.0,0.0,0.0
29,1.0,0.0,0.0,0.0
30,1.0,0.0,0.0,0.0
31,1.0,0.0,0.0,0.0
32,1.0,0.0,0.0,0.0
33,1.0,0.0,0.0,0.0
34,1.0,0.0,0.0,0.0
35,1.0,0.0,0.0,0.0
36,1.0,0.0,0.0,0.0
37,1.0,0.0,0.0,0.0
38,1.0,0.0,0.0,0.0
39,1.0,0.0,0.0,0.0
40,1.0,0.0,0.0,0.0
41,1.0,0.0,0.0,0.0
42,1.0,0.0,0.0,0.0
43,1.0,0.0,0.0,0.0
44,1.0,0.0,0.0,0.0
45,1.0,0.0,0.0,0.0
46,1.0,0.0,0.0,0.0
47,1.0,0.0,0.0,0.0
48,1.0,0.0,0.0,0.0
49,1.0,0.0,0.0,0.0
50,1.0,0.0,0.0,0.0
51,1.0,0.0,0.0,0.0
52,1.0,0.0,0.0,0.0
53,1.0,0.0,0.0,0.0
54,1.0,0.0,0.0,0.0
55,1.0,0.0,0.0,0.0
56,1.0,0.0,0.0,0.0
57,1.0,0.0,0.0,0.0
58,1.0,0.0,0.0,0.0
59,1.0,0.0,0.0,0.0
60,1.0,0.0,0.0,0.0
61,1.0,0.0,0.0,0.0
62,1.0,0.0,0.0,0.0
63,1.0,0.0,0.0,0.0
64,1.0,0.0,0.0,0.0
65,1.0,0.0,0.0,0.0
66,1.0,0.0,0.0,0.0
67,1.0,0.0,0.0,0.0
68,1.0,0.0,0.0,0.0
69,1.0,0.0,0.0,0.0
70,1.0,0.0,0.0,0.0
71,1.0,0.0,0.0,0.0
72,1.0,0.0,0.0,0.0
73,1.0,0.0,0.0,0.0
74,1.0,0.0,0.0,0.0
75,1.0,0.0,0.0,0.0
76,1.0,0.0,0.0,0.0
77,1.0,0.0,0.0,0.0
78,1.0,0.0,0.0,0.0
79,1.0,0.0,0.0,0.0
80,1.0,0.0,0.0,0.0
81,1.0,0.0,0.0,0.0
82,1.0,0.0,0.0,0.0
83,1.0,0.0,0.0,0.0
84,1.0,0.0,0.0,0.0
85,1.0,0.0,0.0,0.0
86,1.0,0.0,0.0,0.0
87,1.0,0.0,0.0,0.0
88,1.0,0.0,0.0,0.0
89,1.0,0.0,0.0,0.0
90,1.0,0.0,0.0,0.0
91,1.0,0.0,0.0,0.0
92,1.0,0.0,0.0,0.0
93,1.0,0.0,0.0,0.0
94,1.0,0.0,0.0,0.0
95,1.0,0.0,0.0,0.0
96,1.0,0.0,0.0,0.0
97,1.0,0.0,0.0,0.0
98,1.0,0.0,0.0,0.0
99,1.0,0.0,0.0,0.0
100,0.9828065990856688,0.017193400914331147,0.0,0.0
101,0.9656166153234622,0.034383384676537815,0.0,0.0
102,0.9484771699706861,0.03433199185174144,0.017190838177572415,0.0
103,0.9312931591236524,0.03432858065477669,0.03437826022157087,0.0
104,0.9313959264778937,0.03432687531048187,0.03427719821162444,0.0
105,0.9314524140671567,0.03427379296642162,0.03427379296642162,0.0
106,0.9315054885014653,0.03427209059752645,0.03422242090100829,0.0
107,0.9315122920288056,0.03431835112987335,0.03416935684132108,0.0
108,0.9316150178784267,0.03431664680174811,0.034068335319825185,0.0
109,0.9316714668785381,0.034313238653292284,0.03401529446816963,0.0
110,0.9316252048264562,0.034361189731367,0.034013605442176874,0.0
111,0.9316285998013902,0.034409136047666336,0.033962264150943396,0.0
112,0.9316319944392036,0.03445707760289956,0.033910927957896825,0.0
113,0.931685036242677,0.03450501439777579,0.03380994935954722,0.0
114,0.9317380727796257,0.03450330139502557,0.033758625825348755,0.0
115,0.931741461477363,0.034451945988880066,0.03380659253375695,0.0
116,0.9317944899478778,0.03435095557210226,0.03385455448001986,0.0
117,0.9315496872828353,0.034547801052318076,0.03390251166484662,0.0
118,0.9315034496451085,0.034595721447361893,0.033900828907529656,0.0
119,0.9314075838792932,0.034594004367679176,0.0339984117530276,0.0
120,0.9307161645739243,0.03528711102287955,0.03399672440319619,0.0
121,0.9286352357320099,0.0373697270471464,0.033995037220843675,0.0
122,0.9270011413825616,0.03875738176765421,0.03424147684978413,0.0
123,0.9232486604485017,0.04043461004167494,0.03621750347291129,9.922603691208574e-05
124,0.9204404543425425,0.04176380139874014,0.03759734140171619,0.00019840285700114082
125,0.9179311712783894,0.04304274521471784,0.03872855301001686,0.0002975304968759298
126,0.9136469538492044,0.04506022901898577,0.04084667625043375,0.00044614088137609676
127,0.9102081268582756,0.04638255698711596,0.042814667988107034,0.0005946481665014867
128,0.9072890342401269,0.04771815073584064,0.044398196323274366,0.0005946187007581388
129,0.9048256044391597,0.04875148632580262,0.045778834720570746,0.0006440745144669045
130,0.9014314725840804,0.0503739660211006,0.04745158254495022,0.0007429788498687404
131,0.8974447855798752,0.05303555511538081,0.048677825096563335,0.0008418342081806477
132,0.8943902559786107,0.05495865722632074,0.04975986532653364,0.0008912214685349309
133,0.8906822457669076,0.056985840182196254,0.051440736706604616,0.000891177344291514
134,0.8867382802831543,0.059452502351368744,0.05286866986782832,0.0009405474976486313
135,0.8831303831303832,0.06118206118206118,0.05474705474705475,0.0009405009405009405
136,0.8792617150774408,0.0630412192587461,0.05660844178336385,0.0010886238804493048
137,0.8752411575562701,0.06510017313875835,0.05847143210487262,0.0011872372000989364
138,0.8715260607259421,0.06700623083770152,0.06013252892888933,0.0013351795074671151
139,0.8674543926434963,0.06896722202995996,0.06214465813022198,0.0014337271963217482
140,0.8644453233142179,0.07005141388174807,0.06406960648605893,0.0014336563179750841
141,0.8622769291611053,0.07029512086608335,0.0659943645261753,0.0014335854466360177
142,0.8607019278299555,0.07058823529411765,0.06727632229362333,0.0014335145823035095
143,0.8605179913009094,0.07097667062079874,0.0670719652036378,0.0014333728746540135
144,0.8599812188009687,0.07131913211090793,0.06726634705678841,0.0014333020313349479
145,0.8595927646535534,0.07156271622022338,0.0674112879312049,0.0014332311950182861
146,0.8589642221782962,0.07200039533504646,0.06760229294326942,0.0014330895433880214
147,0.8583288036764343,0.07268863962049711,0.0675495379749963,0.0014330187280723427
148,0.8574040219378428,0.07332378081921044,0.06783932012451208,0.0014328771184347053
149,0.8558794466403162,0.07440711462450593,0.06828063241106719,0.001432806324110672
150,0.8546586305701017,0.07484438296611007,0.06906432170734117,0.0014326647564469914
151,0.8533320160055328,0.07582868151953762,0.06940670849182433,0.001432593983105271
152,0.8515262274029438,0.0771510421811716,0.06984095623826929,0.0014817741776153315
153,0.8503555906756223,0.0780323982615567,0.07013038324772818,0.0014816278150928486
154,0.8487826559336263,0.07896686256111413,0.07076892686058571,0.001481554644673811
155,0.8466551468773142,0.08037521599605035,0.07138978030116021,0.0015798568254751914
156,0.8447450264106234,0.08174951868489905,0.07192575406032482,0.0015797008441526385
157,0.8420766915066871,0.08325519419631841,0.07299017914425307,0.0016779351527414499
158,0.8394434302067401,0.08506439038831598,0.07376523412443874,0.0017269452805052548
159,0.8370337477797514,0.08658969804618118,0.07464969409907243,0.0017268600749950661
160,0.8343443310154363,0.0878335059426937,0.0758988015978695,0.0019233614440005919
161,0.831278966571344,0.08924169214081451,0.07745784439404398,0.002021496893797456
162,0.8290362336701996,0.09011584914961794,0.07877742174020212,0.002070495439980281
163,0.8270235630484077,0.09139307897071872,0.0795129646061323,0.002070393374741201
164,0.8248804771058209,0.09246389669278919,0.08053625117058505,0.0021193750308048697
165,0.8226394638281096,0.09333727577370392,0.08185491819436232,0.0021683422038241674
166,0.8199871877001922,0.09495885280638644,0.08288572414132953,0.0021682353520918545
167,0.8188134423967676,0.0958904109589041,0.08312801813343845,0.002168128510889918
168,0.8175412663217542,0.09657551120965756,0.08371520078837152,0.002168021680216802
169,0.8158439255099025,0.09774362006108976,0.08419548724012219,0.0022169671888856044
170,0.8143131556912772,0.09900014776141457,0.0843717677190563,0.0023149288282519826
171,0.8136419601083477,0.09938438808175326,0.0846589509972913,0.0023147008126077322
172,0.812850812407681,0.0999507631708518,0.08478581979320532,0.00241260462826194
173,0.8114507950573524,0.10131442918328164,0.08477329788805199,0.002461477871313937
174,0.8110848592242568,0.10189013585351447,0.08451466824177988,0.0025103366804489075
175,0.8106206014075495,0.10217038240070869,0.08464983512968158,0.0025591810620601407
176,0.8113681102362205,0.10211614173228346,0.08395669291338582,0.002559055118110236
177,0.8107443302012102,0.10232695429724012,0.08422295469080533,0.0027057608107443304
178,0.8103974031084006,0.10279362581152862,0.08400550855793823,0.002803462522132599
179,0.8100132789062116,0.10303447597501598,0.08414892047410613,0.002803324644666306
180,0.8109078390872431,0.10189829841644536,0.08439067571555031,0.0028031867807612864
181,0.8119683335791906,0.10050646604710627,0.08467325564242513,0.002851944731277966
182,0.814503441494592,0.09882005899705015,0.08377581120943953,0.0029006882989183872
183,0.8167920169099936,0.09851054416752691,0.08174802143243376,0.002949417490045716
184,0.8186286556893586,0.09786188252641927,0.08056033423445565,0.0029491275497665276
185,0.8197365834480047,0.09740515038333006,0.07986042854334578,0.002997837625319442
186,0.82,0.0973955773955774,0.07960687960687961,0.0029975429975429976
187,0.8194724173502972,0.09750945620671023,0.07987424473154198,0.0031438817114506066
188,0.818418467583497,0.09793713163064834,0.08045186640471513,0.0031925343811394892
189,0.8176952914027593,0.09814896646536063,0.08081700790494427,0.003338734226935729
190,0.8180166912125675,0.09749631811487482,0.08109965635738832,0.003387334315169367
191,0.8187128761474646,0.0956752245839674,0.08222473123558,0.0033871680329880713
192,0.817195858075281,0.09623595229916082,0.08308386906806693,0.003484320557491289
193,0.8150419467203062,0.0977775597311485,0.08359907766275818,0.0035814158857871755
194,0.8127329801844222,0.09897979203453011,0.08460859329017069,0.0036786344908769863
195,0.8109062377402904,0.09989211455472734,0.08547469595919968,0.00372695174578266
196,0.8096592302034813,0.10071095856827654,0.08585437607256681,0.0037754351556754107
197,0.8075999019367492,0.10227997058102477,0.08639372395194901,0.0037264035302770285
198,0.8050776846542175,0.1039062882909376,0.08714404744400334,0.003871979610841543
199,0.8034690577686315,0.10500269488950953,0.08755941006418737,0.003968837277671615
200,0.8027140897511268,0.10577111503037429,0.08749755046051343,0.004017244757985499
201,0.801439623934972,0.10660072470864754,0.08774850651258446,0.004211144843795906
202,0.8009594673976894,0.10720579596632074,0.0875269238300372,0.004307812805952614
203,0.801096587849415,0.10735790865031576,0.08728643462084495,0.004259068879424292
204,0.8011652957305131,0.10752056404230317,0.08715236976106541,0.004161770466118292
205,0.8012729498164015,0.10810281517747858,0.08646266829865361,0.00416156670746634
206,0.8003132341425215,0.10894675019577134,0.08643304620203603,0.004306969459671104
207,0.799579194598033,0.1098497822576699,0.08616724568185154,0.004403777462445565
208,0.8003718563460221,0.10906155201095998,0.08616302965065074,0.004403561992367159
209,0.800626253730613,0.1096433289299868,0.08532707079602721,0.004403346543372964
210,0.7999804286133673,0.11018690674234269,0.08547803111850474,0.004354633525785302
211,0.7999804334001859,0.11011104045394511,0.08545712468815732,0.004451401457711686
212,0.8000684864494668,0.10957831914685452,0.08595049408081401,0.0044027003228646906
213,0.7997358509025094,0.10913271046323925,0.08672895367607494,0.004402484958176393
214,0.7997260542021328,0.10948048136190197,0.08643968300557675,0.004353781430388416
215,0.7997847674020447,0.10957295895905689,0.0862887051802573,0.004353568458641099
216,0.8002641620193719,0.10933372468447314,0.08609725075824283,0.0043048625379121415
217,0.8008120138922858,0.10918162696277454,0.08570170718583378,0.0043046519591058065
218,0.800440097799511,0.1095843520782396,0.08552567237163815,0.004449877750611247
219,0.8001271207157874,0.10932381557717694,0.08605094607148096,0.004498117635554686
220,0.8002249608763693,0.10939945226917058,0.08602308294209703,0.004352503912363068
221,0.7998630873795902,0.10977458314996821,0.0859615666715564,0.00440076279888514
222,0.7987876417676966,0.10974775127102072,0.08696714900273758,0.00449745795854517
223,0.798582253727695,0.11019310681984845,0.08677584942556832,0.004448790026888291
224,0.7982987876417676,0.11072545952287838,0.08652718028940164,0.004448572545952288
225,0.7976731681087158,0.11106222808818497,0.08681624871682064,0.004448355086278536
226,0.79613880742913,0.11202346041055719,0.08734115347018573,0.004496578690127077
227,0.7942742684058821,0.11256045727685769,0.08847525526405785,0.0046900190532024036
228,0.7928878468151622,0.11337436498632278,0.08899960922235248,0.004738178976162563
229,0.7922141356909099,0.11380843061593318,0.08923948615249352,0.004737947540663313
230,0.7910724750927915,0.11432897050205118,0.08981246337175229,0.004786091033404962
231,0.7898334879632795,0.11548415449973143,0.08984813711607012,0.00483422042091899
232,0.7885178676039836,0.11618824448349932,0.09036321031048623,0.004930677602030854
233,0.7883432588108953,0.11612808747437274,0.09059845748315923,0.004930196231572781
234,0.786871644704734,0.11781356759394827,0.09033674963396779,0.004978038067349927
235,0.7855295896960531,0.1187002976045275,0.09064741181636338,0.005122700883056057
236,0.785240464344942,0.11930543361623257,0.09023509901473027,0.00521900302409521
237,0.7845823784679896,0.11941099029694281,0.09064313228338779,0.00536349895167975
238,0.7844676287051482,0.11963728549141965,0.0904836193447738,0.005411466458658347
239,0.7843213728549142,0.12002730109204368,0.09028861154446177,0.005362714508580343
240,0.7839458036845697,0.12018715274393216,0.09040842187347695,0.00545862169802125
241,0.7841684538896471,0.1201501267303568,0.090319750438682,0.005361668941314096
242,0.7836322869955157,0.12073503606940925,0.090319750438682,0.005312926496393059
243,0.7837403129112444,0.12107033191987132,0.08987668762489642,0.005312667543987912
244,0.7833715093328135,0.121399678346898,0.08991666260539012,0.0053121497148983865
245,0.7838101271991812,0.121399678346898,0.08952678005750768,0.00526341439641308
246,0.7833438916232153,0.12182642171434141,0.0895667852443838,0.005262901418059549
247,0.7826002240732622,0.12275317843051294,0.08923961225583321,0.005406985240391641
248,0.7829072315558802,0.1226199172145118,0.08897005113221329,0.005502800097394692
249,0.782847959481835,0.12209019187688712,0.0896074802766144,0.0054543683646634845
250,0.7828034471006378,0.12215784604897999,0.0894882905691611,0.005550416281221091
251,0.7827272284698895,0.12209726887688038,0.08962562679519011,0.005549875858040018
252,0.7822933904409617,0.12206755572860897,0.08999318602161005,0.005645867808819235
253,0.7816438756143851,0.12239038396029003,0.09027203270232129,0.005693707723003552
254,0.7809245742092458,0.12301703163017032,0.09036496350364963,0.005693430656934307
255,0.7807892559972751,0.12301104569120724,0.09050654469368888,0.005693153617828816
256,0.7794317960692742,0.12424596224946488,0.09053317766102355,0.0057890640202374
257,0.7787614924356667,0.12467772534902953,0.09077199980541908,0.0057887824098847105
258,0.7781398968771281,0.12535266076466584,0.09071894153127737,0.00578850082692869
259,0.7765941923245294,0.12636801400846345,0.09124957439564181,0.005788219271365339
260,0.7761992799455094,0.1267879731439136,0.09136907657876812,0.005643670331808894
261,0.7758041753856635,0.12740279332327606,0.09129398024234756,0.005499051048712833
262,0.7755449591280654,0.12767613857532115,0.09123199688594784,0.005546905410665629
263,0.7739016202014305,0.1293728409477935,0.09117890332311585,0.005546635527660195
264,0.7726211325160537,0.1303269118505546,0.09145748200038918,0.00559447363300253
265,0.7712659890083167,0.13097611983852925,0.0920675064442391,0.005690384708914936
266,0.7702334630350195,0.13229571984435798,0.09182879377431907,0.005642023346303502
267,0.7690399766559674,0.13257465227117984,0.09274389650812177,0.0056414745647310575
268,0.7685198696434652,0.13264263826061579,0.09329247531494722,0.005545016780971837
269,0.7682879377431907,0.13263618677042802,0.09353112840466926,0.0055447470817120625
270,0.7680595417619303,0.13260689789366154,0.09388529454686968,0.005448265797538552
271,0.7673264919021449,0.13321336510870094,0.09396430134721073,0.005495841641943485
272,0.7661674608577264,0.13371584168044345,0.0945249440824662,0.005591753379363999
273,0.7668935342732134,0.13330092367525523,0.0941662615459407,0.005639280505590666
274,0.7661693959861995,0.13324262597793868,0.09475679090334807,0.005831187132513727
275,0.765754822409018,0.1332782663621787,0.0951362907536077,0.0058306204751955686
276,0.7654974737660318,0.13325884181888845,0.09536533229692966,0.005878352118150019
277,0.7646087336668772,0.1337737407101569,0.09569145577306067,0.00592606984990528
278,0.7641802641802642,0.13383838383838384,0.09595959595959595,0.006021756021756022
279,0.7638888888888888,0.1343240093240093,0.09581390831390832,0.005973193473193473
280,0.7635604331568979,0.13460884766668285,0.09585781576263779,0.005972903413781382
281,0.7632946432907581,0.13437909766402797,0.09644990529843135,0.005876353746782575
282,0.7621359223300971,0.1354854368932039,0.09631067961165049,0.006067961165048544
283,0.7612461784830398,0.135730576988402,0.09681176299315766,0.006211481535400592
284,0.7607239906832298,0.1359666149068323,0.09709821428571429,0.006211180124223602
285,0.7603085281847288,0.13539342194625012,0.09799165615601048,0.0063063937130105755
286,0.7602463986030945,0.13566474268807294,0.09773487898336325,0.006353979725469273
287,0.7602231384913898,0.13514431239388794,0.09837496968227019,0.006257579432452098
288,0.760393926163101,0.13544850337165867,0.09799641003250376,0.006161160432736622
289,0.7599068729689091,0.13547072803996701,0.098413930251734,0.006208468739389824
290,0.7596643546587767,0.13576175001212593,0.098413930251734,0.006159965077363341
291,0.7586223623575067,0.1366965801600776,0.09861751152073733,0.00606354596167839
292,0.7584768372544264,0.13727868057239873,0.0982294445791899,0.006015037593984963
293,0.7578814627994955,0.13784072169948589,0.09821515180909884,0.0060626636919196815
294,0.7578314421491611,0.13766850935893707,0.09839006885850063,0.006109979633401222
295,0.7564239309609231,0.1387569087559391,0.09866188306021527,0.006157277222922525
296,0.7562915191776173,0.13906803083935412,0.0985792561702953,0.006061193812733356
297,0.7548715462918081,0.13969946679592826,0.09922443044110518,0.006204556471158507
298,0.754543251756724,0.1392294645020596,0.09992730797189242,0.006299975769323964
299,0.7526642123619454,0.13975004844022476,0.10109474907963573,0.006490990118194148
300,0.7515861868552332,0.14118273841236015,0.10069259456579649,0.006538480166610162
301,0.7508715862870424,0.14114855704048035,0.10134611659887663,0.0066337400736006195
302,0.7505688695231179,0.14190268700072622,0.10084725248123941,0.006681190994916485
303,0.7496611810261374,0.14211035818005807,0.10145208131655373,0.006776379477250726
304,0.7502541019311747,0.14181307777939112,0.10115676879144281,0.006776051497991385
305,0.7503145871648437,0.1413706320782112,0.10153905720646597,0.0067757235504791406
306,0.749866950505588,0.14180657022594223,0.10140790555904979,0.006918573709419904
307,0.7507984128520275,0.1414400464531114,0.10093873995935353,0.006822800735507597
308,0.7507381056096026,0.14166787667586273,0.10091476695222884,0.006679250762305793
309,0.750580945003873,0.14184740511231603,0.10103601859024013,0.006535631293570875
310,0.750956184943113,0.1420963447107238,0.10045993706124424,0.0064875332849189055
311,0.7506899724011039,0.14273955357575172,0.1001791507287077,0.0063913232944366434
312,0.7500726251573545,0.14278105935896193,0.10075530163648688,0.006391013847196669
313,0.7500847416589995,0.14299549658612173,0.10062466708633964,0.006295094668539054
314,0.7484754622011421,0.14408092149840288,0.10090988287677863,0.006533733423676314
315,0.7483661712736602,0.14426102531829404,0.10098271772280583,0.00639008568523987
316,0.7477246320681642,0.14480054221533695,0.10113284275755229,0.006341982958946553
317,0.7465395411867196,0.1457264543606621,0.10129706707966316,0.0064369373729551834
318,0.7459956448100653,0.14628599080571014,0.10123397048149044,0.006484393902734091
319,0.7450297489479031,0.14676147632177236,0.10158177332752866,0.006627001402795918
320,0.7449443638122883,0.1470730527334301,0.10145137880986937,0.006531204644412192
321,0.7445089501693275,0.14721819061441702,0.10179003386550556,0.006482825350749879
322,0.7438688143955885,0.14801915542011318,0.10158177332752866,0.006530256856769699
323,0.7439171866686015,0.14801915542011318,0.10158177332752866,0.006481884583756591
324,0.7429400386847196,0.14806576402321084,0.10236943907156673,0.006624758220502901
325,0.7427590542043422,0.14796189739374305,0.10265461051206422,0.006624437889850588
326,0.7426872310593241,0.1479959386936131,0.10269303292559107,0.00662379732147174
327,0.7420259037309105,0.14817320703653586,0.10298666151169535,0.006814227720858303
328,0.7413993042133745,0.14853111712408196,0.10320834943950521,0.006861229223038268
329,0.7409394027254277,0.14902870397216583,0.10326664733739248,0.006765245965014014
330,0.7409161190568225,0.14925589485890994,0.10306339389253961,0.00676459219172787
331,0.7396366798724514,0.14982123876703063,0.10377814281573099,0.006763938544786936
332,0.7385507246376811,0.1505314009661836,0.10415458937198067,0.00676328502415459
333,0.7383470994541854,0.15036468144713327,0.1044776119402985,0.006810607158382843
334,0.7378640776699029,0.15108921412355697,0.10428440322658553,0.006762304979954596
335,0.737230858356667,0.15134691512986387,0.10442212996041325,0.007000096553055904
336,0.7380159304851557,0.15129133478155926,0.10369297610427226,0.006999758629012792
337,0.7372410796195259,0.15165853894065956,0.10424412148133842,0.006856259958476172
338,0.7359100559737503,0.15204593707778422,0.10490252846940745,0.007141478479058097
339,0.734879907398476,0.15192437542201215,0.10586476319089419,0.00733095398861773
340,0.735326742223294,0.1515794550277309,0.10576320231492645,0.00733060043404871
341,0.7350757064326358,0.15203973382196934,0.1055067991127399,0.00737776063265503
342,0.7350402623077295,0.15193596605429385,0.10564636674863784,0.007377404889338927
343,0.7350530376084861,0.15216972034715526,0.10540019286403086,0.007377049180327869
344,0.7349920439751193,0.15188774772168379,0.10579102174646801,0.007329186556728868
345,0.7339728140364408,0.15222211510652656,0.10633375108454642,0.007471319772486262
346,0.7332144406420206,0.15279317491685546,0.10652142478430617,0.007470959656817853
347,0.732578313253012,0.1531566265060241,0.10674698795180723,0.007518072289156626
348,0.7320869271912495,0.1535681588204115,0.10677974268780417,0.0075651713005348625
349,0.7317625517972439,0.1537534933024959,0.10691914811602582,0.007564806784234364
350,0.7310527583714768,0.154516983859311,0.10686581546615273,0.007564442303059504
351,0.7307062337412082,0.15488004624722998,0.10680219674342423,0.007611523268137585
352,0.7312972686545595,0.1547762416301363,0.10631533310853124,0.007611156606772966
353,0.7309248554913295,0.15467244701348748,0.10679190751445086,0.0076107899807321775
354,0.7292559595473151,0.15526125692270648,0.10777751023356609,0.007705273296412232
355,0.7278986902927581,0.15591294298921418,0.10843605546995377,0.00775231124807396
356,0.7274127557160048,0.15658243080625753,0.1081107099879663,0.00789410348977136
357,0.7255581216320246,0.1571401077752117,0.10921862971516551,0.008083140877598153
358,0.7260306922595853,0.1566363592630009,0.10920286717660076,0.008130081300813009
359,0.7256373256373256,0.1570947570947571,0.10909090909090909,0.008177008177008177
360,0.7250697182421386,0.15741898259448023,0.10919319165304356,0.008318107510337533
361,0.7257513825438807,0.15710507333493628,0.10892041356095215,0.008223130560230824
362,0.725345001682935,0.15680146174929077,0.10963119680723181,0.008222339760542386
363,0.7245937890587444,0.15738871262378618,0.10970099028939526,0.008316508028074224
364,0.7245324744002692,0.15787702514302196,0.10932166722753714,0.008268833229171674
365,0.7236936980243234,0.15839061673797047,0.10964764697399414,0.008268038263711964
366,0.7226866532141828,0.15897953300663015,0.1098299221677717,0.008503891611415394
367,0.7219099774222991,0.15977326223759428,0.10976605658836527,0.008550703751741365
368,0.7217098943323728,0.15979827089337176,0.10989433237271853,0.008597502401536984
369,0.7207873259721556,0.1602016322611618,0.11022563610177628,0.008785405664906385
370,0.7206221198156681,0.1601862519201229,0.11040706605222735,0.008784562211981567
371,0.719288146975584,0.1608384899505924,0.11075934187173214,0.009114021202091429
372,0.7189928057553957,0.16095923261390888,0.1108872901678657,0.009160671462829737
373,0.7179351993865031,0.16142638036809817,0.1111963190184049,0.009442101226993864
374,0.7172496406324869,0.1614758025874461,0.11173933876377576,0.009535218016291327
375,0.7161404685478848,0.1626982225841997,0.11157955253197911,0.009581756335936378
376,0.7156134719494083,0.1634647630910746,0.11138791740526038,0.009533847554256696
377,0.7144909491428024,0.16425629728953164,0.11153146250359161,0.009721291064074322
378,0.7137726271429939,0.1649746192893401,0.11157935063691217,0.00967340293075376
379,0.7134721225173486,0.16549413735343382,0.11107920555156736,0.009954534577650156
380,0.7127130001914609,0.16604441891633162,0.11138234730997511,0.009860233582232434
381,0.7135675986212179,0.16621983914209115,0.11049406357717349,0.009718498659517426
382,0.7125694045567681,0.167145318782309,0.11052077350181888,0.009764503159103963
383,0.7128153573651204,0.1670257073100675,0.110488773995883,0.009670161328929101
384,0.7123845085930394,0.1674565560821485,0.11053664608166978,0.009622289243142323
385,0.7119471568064331,0.16771970132107983,0.11066436913651158,0.009668772735975493
386,0.7110313472122517,0.16836563771237137,0.11088777219430486,0.009715242881072027
387,0.7106824925816023,0.1688044414664497,0.1108452187230784,0.009667847228869531
388,0.7096511794822719,0.1691468491315374,0.11144073879132974,0.009761232594860999
389,0.7087517934002869,0.16896221903395506,0.1122907699665232,0.009995217599234815
390,0.707566559915874,0.1696859614741169,0.112518522059175,0.010228956550834091
391,0.7060791435671956,0.17061747275855477,0.11302810170139553,0.010275281972854138
392,0.706360204520476,0.17054522865198068,0.11277297271467482,0.010321594112868543
393,0.7051012609858617,0.17051967902178067,0.1138708444784104,0.010508215513947268
394,0.7044944356880164,0.17113244495390934,0.11386540574103263,0.0105077136170416
395,0.7031891530602502,0.17144084789458608,0.11467583309462427,0.010694165950539482
396,0.7020291238959179,0.17206970637383623,0.1152542372881356,0.010646932442110289
397,0.7017853733053275,0.1717586404430017,0.11576284132136719,0.010693144930303608
398,0.7018565360568892,0.17166992793394742,0.11568749105140075,0.010786044957762612
399,0.701851498377553,0.17212254246993702,0.11519373926321817,0.010832219889291849
400,0.7013792774304396,0.17267217104949173,0.11521023242495108,0.010738319095117644
401,0.7010309278350515,0.1735872470408553,0.11469072164948453,0.010691103474608629
402,0.7000906791390255,0.17410394692884074,0.11511478069966115,0.010690593232472676
403,0.6996469802499762,0.17398149031580956,0.11549470470374965,0.01087682473046465
404,0.6982113045552111,0.17491056522776055,0.1159551633675173,0.01092296684951109
405,0.6977542554713203,0.17503456825442235,0.11614933485910456,0.011061841415152816
406,0.6972918851911891,0.17602746257270907,0.11561933822828263,0.011061314007819205
407,0.6963340801830576,0.1770510559183868,0.11550746055203318,0.011107403346522382
408,0.6958096963340802,0.17757543976736426,0.11555513181103112,0.011059732087524431
409,0.695637663885578,0.17821215733015494,0.11518474374255065,0.010965435041716329
410,0.6948999046711154,0.17840800762631076,0.11563393708293614,0.01105815061963775
411,0.6939864671685886,0.17902411131230345,0.11583913084913752,0.011150290669970456
412,0.6931801934899681,0.17943096792641663,0.1163322689796502,0.011056569603965114
413,0.6916956501024346,0.18038019915193673,0.11677545380913812,0.011148696936490543
414,0.6905635211737245,0.1814890677844996,0.11675320344876863,0.011194207593007193
415,0.6891640866873066,0.1823767563705644,0.1172660157180281,0.011193141224100976
416,0.6886963146367012,0.1824111989334349,0.11756023235882297,0.011332254071040854
417,0.6882857142857143,0.18276190476190476,0.11771428571428572,0.011238095238095238
418,0.6879196228751012,0.18280081900861864,0.11804199800009524,0.011237560116184944
419,0.6872351568823502,0.18354520782745323,0.11798314526496215,0.01123649002523449
420,0.6866311178823081,0.18410778899257285,0.11802513806893924,0.011235955056179775
421,0.6851851851851852,0.18494715795487005,0.11863277158906979,0.011234885270874987
422,0.6839775323686215,0.18531035795887282,0.11947829398324449,0.011233815689261234
423,0.6828827113480579,0.18616717440974867,0.11976389946686976,0.011186214775323687
424,0.6819436512469065,0.1867028364743956,0.12012183514182372,0.011231677136874167
425,0.6812407821494838,0.1872591464865122,0.12012940672724677,0.011370664636757219
426,0.6801750380517504,0.1884037290715373,0.11995814307458143,0.011463089802130897
427,0.6795414545973457,0.1893164629215621,0.11972601436521904,0.011416068115873092
428,0.6790980877176291,0.18989629911521264,0.11963657121111217,0.011369041956046048
429,0.6788925360353931,0.19014319014319014,0.11964226249940535,0.011322011322011322
430,0.6787821122740247,0.19039010466222644,0.11955280685061846,0.011274976213130353
431,0.6781483419763071,0.19082734668633142,0.11979637470859698,0.011227936628764451
432,0.6777185805346779,0.19108552944534296,0.11992198649034345,0.01127390352963562
433,0.6772166960163724,0.19170910475465233,0.12007995811717671,0.010994241111798581
434,0.6765013800323594,0.19249072047206625,0.11996764062053869,0.01104025887503569
435,0.6758197306429353,0.19254747061342978,0.12063960405463285,0.010993194689002046
436,0.6756949733434882,0.19292650418888044,0.12052551408987053,0.010853008377760853
437,0.6758673202303336,0.19321372483700566,0.11997334983105697,0.01094560510160377
438,0.6757399828685638,0.19339487960407348,0.11992005329780146,0.010945084229561244
439,0.6748013890871034,0.19423433709147994,0.11988011988011989,0.011084153941296799
440,0.673815864561537,0.19483545748525774,0.12012554688986114,0.011223131063344112
441,0.6725949878738885,0.19587236673165628,0.12031004802891246,0.011222597365542823
442,0.6726235741444867,0.1956273764258555,0.12029467680608365,0.011454372623574145
443,0.6709432169161321,0.19648372535043954,0.1210263720598717,0.011546685673556665
444,0.6708337294419622,0.19640650251925088,0.12139937256393193,0.011360395474855024
445,0.6699938209990969,0.1973953134654689,0.12125101002899377,0.01135985550644042
446,0.6689792815054172,0.19820376354305266,0.12136475955141608,0.011452195400114046
447,0.6683452895624495,0.1989643213454321,0.12114589766734762,0.011544491424770773
448,0.6667775033250998,0.19945848375451264,0.1221736652099563,0.011590347710431314
449,0.6664290805416964,0.19933475885008314,0.122832026609646,0.011404133998574484
450,0.6643702190335915,0.20088373639948687,0.12334299425096214,0.011403050315959519
451,0.6639429928741093,0.20095011876484561,0.12365795724465559,0.011448931116389548
452,0.6633898466068291,0.20164315904449825,0.12337939877475423,0.011587595573918412
453,0.6622340425531915,0.20236512158054712,0.12386018237082067,0.01154065349544073
454,0.6604490009017988,0.2040913189994779,0.12364136883573022,0.011818311262993023
455,0.6603084223013048,0.2038908659549229,0.1238908659549229,0.011909845788849347
456,0.6606719180032268,0.2045174148239537,0.12294770807630255,0.011862959096517035
457,0.6610064981264526,0.20471469904662523,0.12223118152065646,0.012047621306265712
458,0.6604399772425564,0.2047695808837474,0.12255831594917505,0.012232125924521145
459,0.6603281487101669,0.2051403641881639,0.12243930197268589,0.012092185128983308
460,0.6598216826330267,0.20634544247367922,0.12183439248790667,0.011998482405387461
461,0.6582116442252987,0.20728238194576143,0.12241608192679689,0.012089891902142992
462,0.6568882991327425,0.20799962087104876,0.12283778019999052,0.01227429979621819
463,0.6563684609552691,0.20896512509476878,0.12234647460197119,0.012319939347990902
464,0.6545075560187598,0.20981571841394667,0.12326495807475485,0.012411767492538727
465,0.6539864512767066,0.2103368231559998,0.12331233123312331,0.01236439433417026
466,0.654334438654666,0.2101847465656087,0.12311700615821886,0.012363808621506395
467,0.6528040924592649,0.21125426297840091,0.12357900719969686,0.012362637362637362
468,0.6521265511035332,0.21208676707397936,0.12342521549682675,0.0123614663256607
469,0.6517561298873427,0.21243964782732178,0.12321310233835085,0.012591119946984758
470,0.6508634965696711,0.2124438135793707,0.12391767210787792,0.0127750177430802
471,0.6496595422735011,0.21297522224323814,0.12431435596746737,0.013050879515793456
472,0.6483469706285768,0.21330936953128696,0.12543158492172352,0.012912074918412713
473,0.6474483280518375,0.2141607151303032,0.12552617887716974,0.01286477794068959
474,0.645940706416379,0.2151874793134427,0.12591611896543572,0.012955695304742542
475,0.6457623912220961,0.21561672342035565,0.12580401059402194,0.012816874763526297
476,0.6442175906233754,0.21622004820643698,0.1264237440332719,0.013138617136915734
477,0.6430833215180302,0.21697622761000046,0.12684909494777635,0.013091355924193014
478,0.6426680533232486,0.21735841921149665,0.12702089439349531,0.012952633071759478
479,0.6418411228202826,0.2180898823307027,0.12697887623458248,0.01309011861443221
480,0.6417769376181475,0.21918714555765595,0.12599243856332704,0.013043478260869565
481,0.6401209201265883,0.21978177695904774,0.12682442964432478,0.013272873270039204
482,0.6394162652309436,0.21975063757438368,0.12751487673561915,0.013318220459053556
483,0.6391971664698938,0.21983471074380165,0.12765053128689494,0.01331759149940968
484,0.6380628717077316,0.22023978098744454,0.1281506655338431,0.013546681770980836
485,0.6367624168671289,0.22055563416819962,0.12881467855289844,0.01386727041177303
486,0.6351466013010276,0.22164608277552558,0.1290657113227114,0.014141604600735363
487,0.6350657305753192,0.2214107336380342,0.12919945342317296,0.01432408236347359
488,0.6344921801394384,0.22220651969097419,0.1288863764838892,0.014414923685698135
489,0.632471386180585,0.22387075502802506,0.12919787103763364,0.0144599877537563
490,0.6304859672254662,0.2251365605575438,0.12982670936146168,0.014550762855528348
491,0.6290436502330837,0.2259264491218157,0.1304798229505109,0.014550077694589632
492,0.6274712860101676,0.22684051967614385,0.13100169459612127,0.014686499717567313
493,0.6264413799595236,0.22694968701463736,0.13187744152115594,0.014731491504683013
494,0.6256825456599511,0.22735831293541706,0.13231971380154398,0.01463942760308793
495,0.6247588575730485,0.22801486848915448,0.13240483696419328,0.014821436973603726
496,0.6252997883846696,0.22783917234893017,0.1318128379967082,0.015048201269691983
497,0.6246826516220029,0.22811471556182417,0.13206393982134462,0.015138692994828397
498,0.6232313260941099,0.22935176044751562,0.13223334743571663,0.01518356602265783
499,0.6219111152870431,0.23043314854834163,0.13219956779103637,0.015456168373578879
500,0.6205212491195117,0.23132190655083354,0.13251937074430617,0.015637473585348675
501,0.6177533680702249,0.23301882363986293,0.13345538187109796,0.015772426418814253
502,0.6172329641449221,0.23329266003379012,0.13361178899943682,0.015862586821850946
503,0.6162075923232133,0.2344329219651823,0.1334522077800197,0.015907277931584626
504,0.6152547143259217,0.23562247865653438,0.13308002626888077,0.016042780748663103
505,0.6141651031894935,0.23625703564727954,0.13353658536585367,0.01604127579737336
506,0.612213310820318,0.23755921392054782,0.1341869518315276,0.016040523427606587
507,0.6124706985466479,0.23717768401312705,0.1341303328645101,0.016221284575714954
508,0.6119647709172679,0.23746837815047317,0.13402979480933197,0.016537056122927014
509,0.6107649786855296,0.2383473087553286,0.1343514311144423,0.01653628144469949
510,0.6097972181894816,0.23860815810424765,0.13496932515337423,0.016625298552896548
511,0.6088503863263872,0.2392882228986186,0.1352376492624678,0.01662374151252634
512,0.6079202359219211,0.23985395309647523,0.13546786500023406,0.01675794598136966
513,0.6065596780985355,0.24067749029148927,0.13582557432274364,0.016937257287231555
514,0.6061739943872778,0.24092609915809168,0.13582787652011225,0.017072029934518243
515,0.6048892212769935,0.24160979713938488,0.13615967093577638,0.01734131064784519
516,0.6041316133856796,0.24210132735090673,0.13642736960179472,0.017339689661618994
517,0.6031501215180407,0.24261544213871752,0.13694148438960554,0.017292951953636195
518,0.6023077641782678,0.24310940857703447,0.13711109034850041,0.017471736896197326
519,0.6018483943241225,0.24360530246452577,0.13671583271097834,0.017830470500373414
520,0.6004760126936718,0.24495986559641592,0.13669031174164645,0.01787380996826582
521,0.5990574841358716,0.24598730869727511,0.13703807390817468,0.01791713325867861
522,0.598731165741475,0.2463964174091524,0.13686616597471662,0.018006250874655967
523,0.5975734951003266,0.24717685487634158,0.1374241717218852,0.01782547830144657
524,0.5957744508185252,0.24868243085676975,0.13749358705284268,0.01804953127186232
525,0.593986013986014,0.24946386946386948,0.13832167832167833,0.01822843822843823
526,0.5927928767889609,0.25005827234161576,0.13892126241200878,0.018227588457414574
527,0.5916674433777612,0.25086214931494083,0.13910895703234225,0.018361450274955726
528,0.5893231471561,0.2523408021614571,0.1397959659011506,0.018540084781292217
529,0.5881613263785395,0.25293405365126675,0.14027570789865873,0.018628912071535022
530,0.586113825678254,0.2543626971939132,0.14053701893992276,0.018986458187910095
531,0.58524208566108,0.2554469273743017,0.14054934823091247,0.018761638733705774
532,0.5850821274021684,0.2556418966078824,0.1402912847238379,0.018984691266111395
533,0.5841164976272448,0.2562110356378524,0.1406439006234298,0.01902856611147297
534,0.5824145150034892,0.2580600139567341,0.14049779018376365,0.019027680856013026
535,0.5813412705794809,0.2589991628685704,0.14049855827364896,0.019161008278299693
536,0.5802819522635276,0.26045689294188806,0.14032475689759458,0.01893639789698972
537,0.5789326887318705,0.26055224990702863,0.14117701747861658,0.019338043882484196
538,0.5785876993166287,0.260843289479801,0.1412765561805588,0.01929245502301148
539,0.5778882795798866,0.26140905288595595,0.14127707035969886,0.019425597174458593
540,0.5765728092184741,0.2626149986060775,0.14134374128798438,0.01946845088746399
541,0.5768462146209974,0.26225774968629456,0.1415624854765999,0.019333550216108192
542,0.5754112071368832,0.2630796394387139,0.14208716662020257,0.019421986804200354
543,0.5742882355673216,0.26413078816590035,0.14198132924620316,0.019599647020574984
544,0.5742477711738484,0.26439450222882616,0.14166976225854383,0.019687964338781574
545,0.5737895176639896,0.26479736316791236,0.14163687851074694,0.019776240657351098
546,0.5726015958433847,0.2647986639450733,0.14251252551493784,0.020087214696604194
547,0.5710973008069752,0.2654670253223263,0.1432612930154902,0.020174380855208236
548,0.5686065383723626,0.26756318108045446,0.1436123348017621,0.02021794574542082
549,0.5682619180115006,0.26776108328695974,0.14380448896308662,0.020172509738452978
550,0.5674146884272997,0.26873145400593473,0.14363872403560832,0.02021513353115727
551,0.5672492929667579,0.2689508090314804,0.14358570170151608,0.020214196300245724
552,0.5661539886963772,0.2697118502733253,0.14356527378856668,0.02056888724173075
553,0.5659485753995831,0.27014130182997453,0.14338661107250406,0.020523511697938382
554,0.5648890330352593,0.27146365194829264,0.14321456702034008,0.020432747996108048
555,0.5640716898995045,0.2714305561987681,0.14388922335942203,0.020608530542305378
556,0.5624971055434631,0.2724030935951466,0.14453758162367433,0.020562219237715926
557,0.56127031155965,0.2729040322207305,0.14513216980695337,0.02069348641266608
558,0.5607217210270645,0.2730048577376822,0.14531575294934074,0.02095766828591256
559,0.5599703964105648,0.27369443545029837,0.14533512188352837,0.021000046255608494
560,0.5593173303732483,0.27431663660330236,0.1453679293279682,0.020998103695481246
