,bt_pt-O,bt_pt-A,bt_pt-B,bt_pt-AB
0,1.0,0.0,0.0,0.0
1,1.0,0.0,0.0,0.0
2,1.0,0.0,0.0,0.0
3,1.0,0.0,0.0,0.0
4,1.0,0.0,0.0,0.0
5,1.0,0.0,0.0,0.0
6,1.0,0.0,0.0,0.0
7,1.0,0.0,0.0,0.0
8,1.0,0.0,0.0,0.0
9,1.0,0.0,0.0,0.0
10,1.0,0.0,0.0,0.0
11,1.0,0.0,0.0,0.0
12,1.0,0.0,0.0,0.0
13,1.0,0.0,0.0,0.0
14,1.0,0.0,0.0,0.0
15,1.0,0.0,0.0,0.0
16,1.0,0.0,0.0,0.0
17,1.0,0.0,0.0,0.0
18,1.0,0.0,0.0,0.0
19,1.0,0.0,0.0,0.0
20,1.0,0.0,0.0,0.0
21,1.0,0.0,0.0,0.0
22,1.0,0.0,0.0,0.0
23,1.0,0.0,0.0,0.0
24,1.0,0.0,0.0,0.0
25,1.0,0.0,0.0,0.0
26,1.0,0.0,0.0,0.0
27,1.0,0.0,0.0,0.0
28,1.0,0.0,0.0,0.0
29,1.0,0.0,0.0,0.0
30,1.0,0.0,0.0,0.0
31,1.0,0.0,0.0,0.0
32,1.0,0.0,0.0,0.0
33,1.0,0.0,0.0,0.0
34,1.0,0.0,0.0,0.0
35,1.0,0.0,0.0,0.0
36,1.0,0.0,0.0,0.0
37,1.0,0.0,0.0,0.0
38,1.0,0.0,0.0,0.0
39,1.0,0.0,0.0,0.0
40,1.0,0.0,0.0,0.0
41,1.0,0.0,0.0,0.0
42,1.0,0.0,0.0,0.0
43,1.0,0.0,0.0,0.0
44,1.0,0.0,0.0,0.0
45,1.0,0.0,0.0,0.0
46,1.0,0.0,0.0,0.0
47,1.0,0.0,0.0,0.0
48,1.0,0.0,0.0,0.0
49,1.0,0.0,0.0,0.0
50,1.0,0.0,0.0,0.0
51,1.0,0.0,0.0,0.0
52,1.0,0.0,0.0,0.0
53,1.0,0.0,0.0,0.0
54,1.0,0.0,0.0,0.0
55,1.0,0.0,0.0,0.0
56,1.0,0.0,0.0,0.0
57,1.0,0.0,0.0,0.0
58,1.0,0.0,0.0,0.0
59,1.0,0.0,0.0,0.0
60,1.0,0.0,0.0,0.0
61,1.0,0.0,0.0,0.0
62,1.0,0.0,0.0,0.0
63,1.0,0.0,0.0,0.0
64,1.0,0.0,0.0,0.0
65,1.0,0.0,0.0,0.0
66,1.0,0.0,0.0,0.0
67,1.0,0.0,0.0,0.0
68,1.0,0.0,0.0,0.0
69,1.0,0.0,0.0,0.0
70,1.0,0.0,0.0,0.0
71,1.0,0.0,0.0,0.0
72,1.0,0.0,0.0,0.0
73,1.0,0.0,0.0,0.0
74,1.0,0.0,0.0,0.0
75,1.0,0.0,0.0,0.0
76,1.0,0.0,0.0,0.0
77,1.0,0.0,0.0,0.0
78,1.0,0.0,0.0,0.0
79,1.0,0.0,0.0,0.0
80,1.0,0.0,0.0,0.0
81,1.0,0.0,0.0,0.0
82,1.0,0.0,0.0,0.0
83,1.0,0.0,0.0,0.0
84,1.0,0.0,0.0,0.0
85,1.0,0.0,0.0,0.0
86,1.0,0.0,0.0,0.0
87,1.0,0.0,0.0,0.0
88,1.0,0.0,0.0,0.0
89,1.0,0.0,0.0,0.0
90,1.0,0.0,0.0,0.0
91,1.0,0.0,0.0,0.0
92,1.0,0.0,0.0,0.0
93,1.0,0.0,0.0,0.0
94,1.0,0.0,0.0,0.0
95,1.0,0.0,0.0,0.0
96,1.0,0.0,0.0,0.0
97,1.0,0.0,0.0,0.0
98,1.0,0.0,0.0,0.0
99,1.0,0.0,0.0,0.0
100,0.986741206154455,0.013258793845544946,0.0,0.0
101,0.9734850358644571,0.026514964135542912,0.0,0.0
102,0.9602314883513875,0.03976851164861255,0.0,0.0
103,0.9469805628369355,0.03976457787229833,0.013254859290766112,0.0
104,0.9336860844624666,0.03975867866679854,0.026555236870734845,0.0
105,0.9205399525316456,0.039705300632911396,0.039754746835443035,0.0
106,0.920547809749827,0.039701374468505884,0.03975081578166716,0.0
107,0.9205556654142772,0.0396974490804825,0.03974688550524026,0.0
108,0.9206168750926795,0.03969156245366023,0.03969156245366023,0.0
109,0.9206286448551942,0.039685677572402885,0.039685677572402885,0.0
110,0.920685906305594,0.039632338406799764,0.039681755287606243,0.0
111,0.9206443324439174,0.03967783377804131,0.03967783377804131,0.0
112,0.9206521739130434,0.03967391304347826,0.03967391304347826,0.0
113,0.9206145334189596,0.039717433186780615,0.03966803339425974,0.0
114,0.9206223758952828,0.03971350950852062,0.03966411459619659,0.0
115,0.92043265668988,0.03975897663851435,0.03980836667160567,0.0
116,0.9203456790123457,0.03980246913580247,0.039851851851851854,0.0
117,0.9202587271021577,0.03984594874833358,0.039895324149508714,0.0
118,0.920315971365095,0.03979264379165638,0.039891384843248584,0.0
119,0.9202251073702917,0.039788715012094585,0.039986177617613666,0.0
120,0.9194925712029222,0.04037711634335357,0.04013031245372427,0.0
121,0.9181679087902868,0.04170574009180198,0.040126351117911255,0.0
122,0.9166954547697774,0.043182154666140254,0.040122390564082316,0.0
123,0.9145817912657291,0.04480631630890698,0.04061189242536393,0.0
124,0.9119838176525729,0.04642557600276284,0.041541269919581625,4.933642508263851e-05
125,0.9088532675709001,0.04739827373612824,0.043600493218249076,0.00014796547472256474
126,0.9061590808225257,0.04847379062083929,0.04516988017160609,0.00019724838502884758
127,0.9029633647256052,0.04984961293821804,0.04698979340269217,0.0001972289334845422
128,0.900557116797318,0.05092934970172065,0.04831632401518513,0.00019720948577626584
129,0.8975407816273224,0.05228919225272288,0.04982504558671332,0.0003449805332413385
130,0.8936013004285503,0.05457859218757697,0.051278262154573664,0.0005418452292990493
131,0.8895563543256684,0.057068294844650154,0.05268600128022059,0.0006893495494608301
132,0.8854879189016288,0.059199842527434675,0.05437724521431032,0.0009349933566261503
133,0.8817712177121771,0.06081180811808118,0.056432964329643294,0.0009840098400984009
134,0.877194708109969,0.06309939507205037,0.05857473073329071,0.001131166084689913
135,0.8730767340116994,0.06473971390650346,0.06085631421127661,0.0013272378705205723
136,0.8691827608236277,0.06668632365226793,0.06270578406801317,0.0014251314560912085
137,0.8652778460177861,0.0683928659165725,0.06485530388640495,0.0014739841792364762
138,0.8612830336968268,0.07034089792710482,0.06685332547401512,0.0015227429020532469
139,0.8576058136109201,0.07198271629185898,0.06874202101541785,0.001669449081803005
140,0.8535591556210113,0.07363770250368189,0.07108492881688758,0.001718213058419244
141,0.8500981354268891,0.07473012757605496,0.07325809617271835,0.001913640824337586
142,0.8479615365745965,0.07491537065201394,0.07520973360153069,0.001913359171858902
143,0.8456408747670884,0.07541433755025988,0.07678729037952339,0.002157497303128371
144,0.8447244557756423,0.07579917630908022,0.07731908217297509,0.0021572857423024124
145,0.8441023629767624,0.07603686635944701,0.07770369644082753,0.0021570742229630358
146,0.8432843137254902,0.07642156862745098,0.07813725490196079,0.002156862745098039
147,0.8422213508479561,0.07719831389079503,0.07842368395255367,0.002156651308695226
148,0.8413546363458145,0.07777886688884532,0.07871005685159772,0.0021564399137424034
149,0.8406272972310708,0.0784611614800294,0.07875520705709385,0.00215633423180593
150,0.8393198412309502,0.07913951095212426,0.07938452491792032,0.0021561228990052434
151,0.8379146454995345,0.07991572345533833,0.08001371943750306,0.0021559116076240873
152,0.8365177346658829,0.08044287673917304,0.08088379384675681,0.002155594748187341
153,0.8349172136768884,0.08112079945135692,0.08180660331145292,0.0021553835603017536
154,0.8330966256917577,0.08178657133062343,0.08291297321122484,0.0022038297663940446
155,0.83143150986826,0.08271707723198982,0.08369655712816494,0.002154855771585288
156,0.8292778457772337,0.08391676866585067,0.0845532435740514,0.002252141982864137
157,0.8263763151455835,0.08514803034010276,0.08602887203327624,0.002446782481037436
158,0.8238661382650815,0.08679485297715152,0.08684377904985567,0.002495229707911346
159,0.8208363903154806,0.08853020298361458,0.0880410858400587,0.0025923208608461725
160,0.817483987679069,0.08996235271109372,0.08981567496210825,0.0027379846477289397
161,0.8149107797604498,0.09117575164996333,0.09117575164996333,0.002737716939623564
162,0.8123747617418503,0.0925174722643077,0.09227310493133278,0.0028346610625091637
163,0.8097053218003225,0.09348580364560426,0.09397449054390852,0.0028343840101646874
164,0.8072506962427322,0.09459129330141203,0.0952753212488396,0.0028826892070161723
165,0.8045421245421246,0.09606837606837607,0.09636141636141636,0.003028083028083028
166,0.8022852678353435,0.09712388300209972,0.09751452707651741,0.0030763220860393573
167,0.8000781135575843,0.09847190352975638,0.09832544060928575,0.003124542303373529
168,0.7973164186386924,0.09978043425225665,0.09953647231031959,0.003366674798731398
169,0.7950831666747964,0.10082435003170577,0.10062923759816594,0.003463245695331935
170,0.7931236283833212,0.10197512801755669,0.1013899049012436,0.0035113386978785663
171,0.7909414460533373,0.10267661254936375,0.10277412120325678,0.0036078201940422214
172,0.7885730999853752,0.1036903427095013,0.10412908887047238,0.003607468434651197
173,0.7866159769946873,0.10459618852658771,0.10513232928790758,0.003655505190817371
174,0.7846806022511329,0.10549139989280319,0.10607610973054622,0.0037518881255177118
175,0.7833796093331384,0.10653222270933801,0.10623995323688441,0.003848214720639096
176,0.7822529586519261,0.10675497978863294,0.10709589441387035,0.003896167145570545
177,0.7809106403700998,0.10752373995617238,0.10766983199415632,0.0038957876795714633
178,0.7801528947752836,0.10804888737400789,0.10790280956322734,0.0038954082874811317
179,0.7792220437174432,0.10861204420427438,0.10822257923178034,0.0039433328465021174
180,0.779800438062789,0.10786079338038453,0.10834752981260648,0.0039912387442200045
181,0.780594618266751,0.10739136781665126,0.10792662157559244,0.004087392341005304
182,0.7816103137922646,0.10610557042082218,0.10814886888834833,0.004135246898564826
183,0.7836470645459409,0.1043825088768909,0.10778734374239993,0.004183082834768228
184,0.786624513618677,0.10306420233463034,0.10617704280155642,0.004134241245136187
185,0.7896425966447849,0.10206661804035984,0.10410892292730367,0.004181862387551666
186,0.7921730675741371,0.10165289256198347,0.10194457948468644,0.004229460379193
187,0.7941962766733097,0.10086035094541389,0.10071452875127594,0.004228843630000486
188,0.794812008160886,0.10074808122024677,0.09997085397843194,0.004469056640435247
189,0.7943475938425678,0.10076239498858836,0.10032535327538485,0.004564657893458942
190,0.7959520458185702,0.09877202349172451,0.10051934184342086,0.004756588846284522
191,0.798990830139246,0.09591965455339382,0.10018921934889137,0.004900295958468779
192,0.8015815262213166,0.09324212875369912,0.10027652452335904,0.004899820501625188
193,0.8037351443123939,0.0923114237205918,0.09905408682997817,0.004899345137036139
194,0.8045977011494253,0.09273000630486444,0.09772539890392357,0.004946893641786702
195,0.8054114338360083,0.09309993696358435,0.09649420549871503,0.0049944237016922854
196,0.8043636363636364,0.09406060606060607,0.09658181818181819,0.004993939393939394
197,0.8026564545057928,0.09501187648456057,0.09729022250230258,0.00504144650734403
198,0.8009014685213008,0.09601124412349149,0.0979983521543159,0.005088935200891776
199,0.798526632094218,0.09722289536179907,0.09921000339262347,0.005040469151359472
200,0.7968697000533023,0.09807627077579105,0.09996608034113486,0.005087948829771769
201,0.7949513057803188,0.09918116187799797,0.10078007655409661,0.005087455787586608
202,0.793557762170017,0.09987890530394769,0.10138047953499636,0.005182852991038992
203,0.7915637561140976,0.10102184125139232,0.10218412513923192,0.005230277495278221
204,0.7907123141736477,0.10164156699433441,0.10241634787661615,0.005229770955401675
205,0.7900062944850627,0.1019222388999177,0.10284220210138963,0.005229264513629981
206,0.7891551682401355,0.10234809973372065,0.10326797385620914,0.00522875816993464
207,0.7886737657308809,0.1026621490803485,0.10338818973862536,0.0052758954501452085
208,0.7891857875883435,0.10252686610514086,0.10310775486494336,0.0051795914415722726
209,0.7882865440464666,0.1031945788964182,0.10333978702807357,0.005179090029041627
210,0.7876221813606891,0.10316461821349075,0.10393883673666893,0.005274363689151263
211,0.7878949150902318,0.10290773622332962,0.10392375054429338,0.005273598142145242
212,0.7879256965944272,0.10260255417956657,0.10415054179566563,0.005321207430340557
213,0.7894151226355764,0.1019302404334575,0.10338154903004208,0.0052730879009239996
214,0.789791969037252,0.10179003386550556,0.10319303338171262,0.0052249637155297535
215,0.7908967785624456,0.10162522975718294,0.10220566895617685,0.00527232272419464
216,0.7913321079616911,0.10172196962368192,0.10172196962368192,0.005223952790945148
217,0.7925997581620314,0.10152357920193471,0.10070133010882709,0.005175332527206772
218,0.7926681820380133,0.10117521884219181,0.10098176718092566,0.005174831938869275
219,0.7935586827216016,0.10058513467769234,0.10068185115334397,0.005174331447362058
220,0.7932685332946467,0.1007785676289956,0.10082692586682142,0.005125973209536244
221,0.7944291310024663,0.1004400599642149,0.1000531940616084,0.005077614971710431
222,0.7955512572533849,0.10019342359767891,0.0991779497098646,0.005077369439071566
223,0.7964028429144708,0.09984044867765798,0.09868007542426147,0.005076632983609728
224,0.7971280761978436,0.0997437509065416,0.09809988879756322,0.00502828409805154
225,0.7971771075019335,0.10000966744006187,0.09773781902552205,0.005075406032482598
226,0.7975546104774792,0.10003866228494104,0.09728397448289194,0.005122752754687802
227,0.7976708224606166,0.10007731709674302,0.09712960278341548,0.005122257659224896
228,0.798347347057118,0.09954576205663478,0.09703295641248671,0.00507393447376051
229,0.7975270479134466,0.09959428129829985,0.09761398763523957,0.005264683153013911
230,0.79725683376799,0.10001931807205641,0.09745967352458225,0.00526417463537139
231,0.7968991499227203,0.10051197836166924,0.0974207882534776,0.005168083462132921
232,0.7966682761950749,0.10096571704490584,0.09710284886528248,0.005263157894736842
233,0.7955862468611165,0.10184469770137144,0.0974019702530423,0.00516708518446977
234,0.7952877558903051,0.10158362302047122,0.09791425260718424,0.005214368482039398
235,0.7948730327314859,0.10196002703485565,0.09795307521483054,0.005213865018827846
236,0.7934646201370789,0.102760884255237,0.09851337001641085,0.005261125591273289
237,0.7922015249493292,0.10307885339252967,0.0994112537399865,0.005308367918154618
238,0.7918073916819454,0.10349319695068995,0.09934381935732896,0.005355592010035704
239,0.7915179002219435,0.10368619125735791,0.09948856508732992,0.005307343433368716
240,0.7910195813639432,0.10393556477283689,0.09959486833220797,0.005449985531011865
241,0.7911966059203548,0.10394368913315977,0.09926718734933951,0.005592517597145887
242,0.7910519718445665,0.10404011185035195,0.09936361006653167,0.005544306238549802
243,0.7907828769764751,0.10422290782876976,0.09945044350173544,0.005543771693019668
244,0.7898110661268556,0.10473298631193367,0.09986504723346828,0.005590900327742433
245,0.7896284158272688,0.10506530435201697,0.09976384404067666,0.005542435780037592
246,0.7901990073724281,0.10494868211824797,0.09926275719173132,0.005589553317592637
247,0.7906730259671436,0.10512116394469335,0.0985691573926868,0.005636652695476225
248,0.7916365563424387,0.10488028135086959,0.09789468612998024,0.005588476176711471
249,0.7924555571614396,0.1043503396444573,0.09765380353615648,0.0055402996579467165
250,0.7921402427277981,0.10441148141013293,0.09781352340589482,0.005634752456174148
251,0.7926236217439453,0.10385670951899466,0.09783812412730512,0.005681544609754923
252,0.7931449477687382,0.10364415346844462,0.09748230876618688,0.005728589996630241
253,0.7936660730615585,0.10299850796553882,0.0975598017038071,0.005775617269095635
254,0.792935854867427,0.10365237476541071,0.09758914392955104,0.00582262643761128
255,0.7932046777997016,0.10371047692381731,0.09735790942778767,0.005726935848693392
256,0.7937737573978733,0.1034018187942068,0.09705047394505124,0.005773949862868691
257,0.7935729061432626,0.10410352624236302,0.09650262183095204,0.0058209457834223315
258,0.793456819821987,0.10425787827760404,0.09656001924464758,0.005725282655761366
259,0.7933872365001444,0.10414861873135046,0.09697757243238041,0.005486572336124747
260,0.7929258902791145,0.10457170356111646,0.09701636188642926,0.00548604427333975
261,0.7930238152513832,0.10425787827760404,0.0971854702910753,0.005532836179937455
262,0.7927832571566034,0.10449843637238393,0.09723358191003127,0.005484724560981477
263,0.7928031943041324,0.10453648915187377,0.09717611969019098,0.005484196853802858
264,0.7930918362438062,0.10439216818203685,0.0970799057102997,0.005436089863857218
265,0.7929674347010438,0.10428592043869354,0.09731107797392852,0.005435566886334119
266,0.7932842642035888,0.10405541925241737,0.0973204406600279,0.00533987588396594
267,0.7924464758239115,0.10483521770507577,0.09747414000481117,0.0052441664662015875
268,0.791372096378589,0.10542009330063001,0.09782138219593133,0.005386428124849709
269,0.7913160552002693,0.10554406885608501,0.09770639996153291,0.005433475982112804
270,0.7905467134682886,0.10602490743857287,0.09804298696927441,0.005385392123864019
271,0.7913160552002693,0.1062653267298168,0.0970813098042987,0.005337308265615233
272,0.7912679713420205,0.10597682358032409,0.09746598067028898,0.005289224407366447
273,0.7917968937827571,0.10578448814732894,0.09717747752079627,0.005241140549117661
274,0.7907994039321252,0.1063308176705283,0.097534009517858,0.005335768879488535
275,0.7911839638513676,0.1065230976301495,0.09700523962889968,0.005287698889583233
276,0.7905512567885807,0.10669486230595472,0.09741913779016677,0.005334743115297736
277,0.7907837201479987,0.10667435490846187,0.09716015568689636,0.0053817692566431215
278,0.790659683851439,0.10700043242204392,0.09695863162446548,0.005381252102051602
279,0.7909759261928788,0.10734707606554227,0.0963913315073759,0.005285666234203065
280,0.7913323403641954,0.1072406668908855,0.09614183443040407,0.005285158314514967
281,0.7915445592121066,0.10718232044198896,0.09598846985347105,0.005284650492433342
282,0.7914204736513426,0.10683575923524043,0.09645962434548686,0.005284142767930058
283,0.7915846102118257,0.10672942984773524,0.09640232479946204,0.005283635140976992
284,0.7915566015080928,0.10686326305172662,0.09629700782863455,0.0052831276115460355
285,0.7910404763047967,0.10712056465165411,0.09646132424256974,0.005377634800979498
286,0.7912726225337238,0.10690797369305362,0.09639479621717632,0.005424607556046277
287,0.7900215879107699,0.10721995682417847,0.09704965219477092,0.0057088030702806426
288,0.7903117505995204,0.10700239808153478,0.0969304556354916,0.0057553956834532375
289,0.7901299697856218,0.1070931849791377,0.09702172557671095,0.005755119658529567
290,0.7897942544722075,0.10723706297060093,0.09726152222914967,0.0057071603280418205
291,0.7900263725725246,0.10688084392232079,0.09733876768161112,0.005754015823543515
292,0.7897713655754206,0.10683986003930403,0.09749316972630974,0.0058956046589656325
293,0.7898950194142179,0.10699391208475145,0.09731077129571929,0.005800297205311346
294,0.7901068877917845,0.10693572352969372,0.09715764750994584,0.005799741168575948
295,0.7902128067484663,0.10683473926380369,0.09715299079754601,0.005799463190184049
296,0.7903465465177587,0.10664813305852466,0.09730144274553036,0.005703877678186263
297,0.790023479802578,0.10637788106761224,0.09780056543198044,0.005798073697829316
298,0.7891837516765664,0.10677332822379766,0.09815098677907645,0.005891933320559494
299,0.789589618349854,0.10640233682899966,0.09802231480151319,0.005985730019633194
300,0.789589618349854,0.10683330939041326,0.09763922808025667,0.005937844179476129
301,0.7891511466462393,0.1070043567769426,0.09785991286446115,0.0059845837123569685
302,0.7891032699765405,0.10714798678603916,0.0978120361947623,0.0059367070426581126
303,0.789582036673529,0.10686072676784603,0.09766840618566572,0.005888830372959257
304,0.7897055302848934,0.10696672252813023,0.09753411539382331,0.00579363179315298
305,0.7898089171974523,0.1067477611225516,0.09779225132895934,0.0056510703510368274
306,0.7892544174687545,0.10664176602978499,0.09845328736292679,0.005650529138533735
307,0.7886447412513763,0.10641964670400689,0.09919096175020346,0.0057446502944133275
308,0.7882268485283561,0.10701124670973917,0.09892318736539842,0.005838717396506341
309,0.7885820931234149,0.10666602861654784,0.09891371967268028,0.005838158587357037
310,0.7884716574982061,0.10652953838794547,0.09901937335565654,0.00597943075819182
311,0.7885875544076146,0.10618453149662792,0.09924905534031664,0.005978858755440761
312,0.7882324802678785,0.10624252571155227,0.09964123415450848,0.005883759866060751
313,0.7876990769525085,0.1065569850303697,0.09981347744990196,0.005930460567219857
314,0.7871729877086422,0.1068439427997513,0.10010043521928357,0.005882634272322923
315,0.7877396834504854,0.10634533543728782,0.0999856548558313,0.005929326256395543
316,0.7881424814726273,0.10609610327516136,0.09983265598852498,0.005928759263686349
317,0.7878411317688668,0.10615112555560866,0.09993786741863021,0.006069875256894327
318,0.7880250394227553,0.10608305060448225,0.09977540975772925,0.00611650021503321
319,0.7878469402379019,0.10581378684373954,0.10012898294558831,0.006210289972770267
320,0.7878266685777077,0.1056805694902298,0.10037743060532225,0.0061153313267402415
321,0.788208876785629,0.10529836128230853,0.10042520663131241,0.006067555300750083
322,0.7884679692351789,0.10524052930779153,0.1002245258682463,0.0060669755887832605
323,0.7883476599808978,0.10549188156638013,0.09995224450811843,0.0062082139446036294
324,0.7886341929321872,0.10563514804202483,0.0995702005730659,0.006160458452722063
325,0.788498280473825,0.10603744745892243,0.09944593045471914,0.006018341612533435
326,0.7883752029802273,0.10617059891107078,0.09943643136880313,0.006017766739898749
327,0.7887371035536874,0.10608521207489492,0.09925487199082919,0.0059228123805884604
328,0.7885561446243492,0.106223432201366,0.09934565601566604,0.005874767158618713
329,0.7885010266940452,0.10625089537271382,0.09932667971921112,0.005921398214029893
330,0.7874809014514896,0.10690412528647823,0.09964667685255921,0.00596829640947288
331,0.787501193545307,0.10684617588083643,0.09968490403895731,0.005967726534899265
332,0.7877052310042001,0.10643375334096984,0.0997995418098511,0.0060614738449789995
333,0.7876199112298955,0.10676275473679187,0.09960387534004678,0.006013458693265881
334,0.7876575028636884,0.106815578465063,0.0996086292478045,0.005918289423444063
335,0.7877414738850466,0.10684474123539232,0.09926067254948724,0.006153112330073933
336,0.7875029811590747,0.10684474123539232,0.09954686382065348,0.006105413784879561
337,0.7876317169694369,0.10680398607733753,0.09931817098173842,0.00624612597148715
338,0.7873861848691424,0.10664060637841445,0.09968060256471373,0.006292606187729418
339,0.7876173680949431,0.1065249511462752,0.09951861207759401,0.006339068681187741
340,0.7872431710921486,0.10664060637841445,0.09991895885970349,0.0061972636697335175
341,0.7870383607338575,0.1064569930903026,0.10016678579938051,0.006337860376459376
342,0.7870860138193948,0.10621872766261616,0.10040505122706696,0.0062902072909220876
343,0.7860035253203754,0.10714115573340956,0.10047163069887094,0.0063836882473441
344,0.7862009815600134,0.10763806165721637,0.09991899747462715,0.006241959308143136
345,0.7867790636757632,0.10730104300614374,0.09949040339096062,0.006429489927132447
346,0.7874458255941325,0.10682478449302281,0.09934752583702433,0.006381864075820355
347,0.7884459684716865,0.10620564842596561,0.09901414487783969,0.006334238224508263
348,0.7877720108566258,0.10656635398314367,0.09928098661968478,0.006380648540545688
349,0.7882885027374434,0.10616519876219947,0.0991192573196858,0.006427041180671268
350,0.788832293997239,0.10582186890084258,0.09891940781644214,0.00642642928547627
351,0.7888121875743871,0.10611759104975006,0.09873839562009046,0.006331825755772435
352,0.7895263032611283,0.10564151392525589,0.09854796477029279,0.006284218043323018
353,0.789736754415195,0.10567905936116533,0.09830056647784072,0.00628361974579902
354,0.7896815953548142,0.1057541287896816,0.09823425824568083,0.0063300176098234255
355,0.7903678675105886,0.10560129443677724,0.09770142292866321,0.006329415123970875
356,0.7905228602692802,0.1059041819306342,0.09715019744041106,0.0064227603596745805
357,0.7905704362719445,0.1063323659546125,0.09672201341643274,0.006375184357010324
358,0.7909311509730218,0.10624732359518485,0.09654089546557548,0.006280629966217824
359,0.7902174430223152,0.10619974306513774,0.09734976447637626,0.0062330494361707185
360,0.7902949571836346,0.10556612749762131,0.09790675547098002,0.0062321598477640345
361,0.7900846893139214,0.10557617280426301,0.09820154153582643,0.006137596345989152
362,0.7903448275862069,0.10558858501783591,0.0978359096313912,0.0062306777645659926
363,0.7905627170242115,0.10540836226989488,0.09789278409361175,0.006136136612281786
364,0.7904675831232459,0.1055510631213433,0.09789278409361175,0.006088569661798982
365,0.7901845158835837,0.10571618793988967,0.0979646186037664,0.006134677572760129
366,0.7904997384812895,0.10565355903190528,0.09771290000475488,0.006133802482050307
367,0.7904920370810554,0.1056810078440694,0.0976467791775612,0.0061801758973140004
368,0.7907595779066451,0.10580853693316855,0.09725259055043255,0.006179294609753779
369,0.7909596463710252,0.10528066923332859,0.09762821426873901,0.006131470126907172
370,0.790496555001188,0.10525065336184367,0.0980280351627465,0.006224756474221905
371,0.7900612855717611,0.1052306522875196,0.0984369803791154,0.006271081761603877
372,0.7908214166943798,0.10489809492137393,0.09805691481780607,0.006223573566440211
373,0.7912489904508527,0.10451802936006462,0.09805691481780607,0.006176065371276545
374,0.790671163254643,0.10530565715099986,0.0978007884862015,0.006222391108155608
375,0.7911064658653618,0.10513563589719227,0.09767684925649675,0.006081048980949214
376,0.7910866156696916,0.10514562645507673,0.09778115645935288,0.0059866014158787475
377,0.7912489904508527,0.10561071784882892,0.09715425910969643,0.005986032590621883
378,0.7914786491236403,0.10582814800740988,0.09666080843585237,0.006032394433097421
379,0.7915063417414849,0.10574319509762006,0.0968125029689801,0.005937960191914874
380,0.7917240724024894,0.10580075062948359,0.0966316689628961,0.005843508005130885
381,0.7919536408112858,0.10573314966988077,0.09642331259202964,0.005889896926803781
382,0.7916963564676263,0.10626573559450858,0.09624245879055626,0.005795449147308916
383,0.7918032008358266,0.10628294628864511,0.09602507479697962,0.005888778078548701
384,0.7918309190216101,0.1060555687485158,0.09631916409403941,0.005794348135834719
385,0.7913956028301439,0.10622536682653497,0.09653829716510756,0.0058407331782135904
386,0.792210876276419,0.10624554737592021,0.09584421752552838,0.00569935882213251
387,0.7924779181308766,0.1058030202298414,0.09602051476873397,0.00569854687054801
388,0.7929887896636899,0.1055956678700361,0.09590537716131484,0.005510165304959149
389,0.792675976061556,0.10549064310819797,0.0963237389569678,0.005509641873278237
390,0.7930559513631614,0.10539564928279661,0.09608625439346442,0.005462144960577562
391,0.7927252006268104,0.10551308229260649,0.09625338335153616,0.005508333729046963
392,0.7924322271281394,0.10611024070645207,0.09590276788681575,0.005554764278592793
393,0.7928201718980008,0.10608290991974928,0.09568355572439337,0.005413362457856498
394,0.7930101144403818,0.10613039555534451,0.09549361318201244,0.005365876822261266
395,0.7924976258309592,0.1066951566951567,0.09548907882241216,0.005318138651471985
396,0.7931902364896951,0.105992971792193,0.09559312375344287,0.005223667964669009
397,0.7928856382978723,0.1058605623100304,0.09612462006079027,0.005129179331306991
398,0.7931722140449171,0.1055980247851479,0.09605431840843265,0.005175442761502303
399,0.7931902364896951,0.10537562921455029,0.09635293000284928,0.005081204292905309
400,0.7934374851607389,0.10537062538582079,0.09611092644475046,0.005080963008689872
401,0.793057600075977,0.10589296737736835,0.09601595517356,0.005033477373094639
402,0.7931345551229703,0.10535561675054601,0.09642958883296933,0.005080239293514386
403,0.7937630529713309,0.10470856274919309,0.0963546610973989,0.005173723182077083
404,0.7938677678105274,0.10508329773601026,0.09592291992975462,0.0051260145237078175
405,0.7939543491671808,0.10520571347221563,0.09566744175010677,0.005172495610496844
406,0.7941357878255919,0.10528063766190635,0.09536461545760781,0.0052189590548939605
407,0.7940506689439226,0.10560774267008255,0.09517031976468356,0.00517126862131132
408,0.7948097542461334,0.1055128570073062,0.09455356295663725,0.005123825789923143
409,0.7944022770398482,0.10574003795066414,0.09473434535104365,0.005123339658444023
410,0.7947647951441578,0.1054628224582701,0.0945087253414264,0.0052636570561456755
411,0.794868146461772,0.10548283058243217,0.0945266552836274,0.005122367672168469
412,0.7933927386482131,0.10621859891932885,0.09498530666413878,0.005403355768319272
413,0.7941037065124656,0.105886813916011,0.09465352166082093,0.005355957910702436
414,0.793696682464455,0.10606635071090047,0.09488151658767773,0.005355450236966825
415,0.7943043972706596,0.10552501895375284,0.09476876421531463,0.005401819560272934
416,0.794226393629124,0.10599165718619644,0.09461509290860827,0.0051668562760712935
417,0.7943127962085308,0.10592417061611374,0.09454976303317536,0.005213270142180095
418,0.7942570128885519,0.10609363153904473,0.09438968915845337,0.0052596664139499625
419,0.7942375130319401,0.1061984646005118,0.09439863520045494,0.005165387167093166
420,0.7936018957345972,0.10691943127962085,0.09440758293838862,0.005071090047393365
421,0.7940479575395697,0.10671974220453037,0.09416169083499194,0.005070609420907971
422,0.7944270685243104,0.10662496445834518,0.09392474646952896,0.005023220547815373
423,0.7949398275371932,0.1063204775893111,0.09367004643229414,0.005069648441201554
424,0.794864506348304,0.10616827743035816,0.09389804813340913,0.005069168087928747
425,0.7956979058087748,0.10594143845352033,0.09338576708045106,0.004974888657253862
426,0.7962471569370735,0.10571455648218347,0.09315769522365429,0.004880591357088703
427,0.7967298578199052,0.1052132701421801,0.0933175355450237,0.004739336492890996
428,0.79628400796284,0.10583941605839416,0.09323158593231586,0.0046449900464499
429,0.7963708722224855,0.10555739801961435,0.09323920974084426,0.004832520017055953
430,0.7965130051641636,0.10622068508077889,0.09248116738522764,0.004785142369829914
431,0.7964182498697114,0.10603117449187473,0.09281281091580992,0.004737764722603875
432,0.7965989294680498,0.10577424091705746,0.09284259390838899,0.004784235706503719
433,0.7960604195274398,0.10578152374638951,0.09323358113547044,0.004924475590700317
434,0.7957386363636364,0.1059659090909091,0.0934185606060606,0.00487689393939394
435,0.79574830737181,0.10591354576014393,0.0935088300743336,0.004829316793712419
436,0.7956826358644196,0.10618254118538156,0.09330619200908918,0.0048286309411096386
437,0.7954351737853963,0.10607065062979448,0.09385358461975565,0.0046405909650535085
438,0.794896074996449,0.106150276975522,0.09426636996354339,0.004687278064485583
439,0.7948972829688535,0.10607781880147685,0.09429139449020164,0.004733503739467954
440,0.7953803190230511,0.10612013063851942,0.09381360344582762,0.004685946892601884
441,0.7960613520166635,0.10561446695701572,0.09377958719939405,0.0045445938269267185
442,0.795740653099858,0.10582110743019403,0.09380028395646,0.004637955513487932
443,0.7951083356987416,0.10639606396063961,0.09371747563629483,0.004778124704323966
444,0.79474082482028,0.1066023458191449,0.09378547105561862,0.004871358304956489
445,0.7952804312872411,0.10626123143856994,0.09358743970490872,0.004870897569280242
446,0.7952137722285282,0.10646046159667046,0.09354899735149451,0.004776768823306848
447,0.7955362209192358,0.10634575373557784,0.09329487421978437,0.00482315112540193
448,0.7961509362587479,0.10610932475884244,0.09296387365235484,0.004775865330054851
449,0.7967848699763593,0.10595744680851064,0.0924822695035461,0.004775413711583925
450,0.7973905644322586,0.10579559421386027,0.09199205823957644,0.0048217831143046236
451,0.797693325770467,0.10583286065418794,0.09165248629230478,0.004821327283040272
452,0.7978542395311466,0.10544474903109935,0.0918801398998015,0.004820871537952547
453,0.7984404536862004,0.10505671077504726,0.09168241965973535,0.0048204158790170135
454,0.798979302523391,0.10533030904451375,0.09087042812588603,0.004819960306209243
455,0.7991872991872991,0.10517860517860518,0.09081459081459081,0.0048195048195048195
456,0.799083522297808,0.10525321239606954,0.09079743008314436,0.00486583522297808
457,0.7987718469532357,0.10571563533301842,0.0906471421823335,0.004865375531412376
458,0.7994899886664149,0.10511900264450322,0.09043256516811485,0.004958443520967133
459,0.7984990087793826,0.10568299820636269,0.09067308600018881,0.005144907014065892
460,0.7981214009251393,0.10606060606060606,0.09072028698196923,0.005097706032285472
461,0.7976684915990183,0.10605059467623183,0.0911836888804984,0.005097224844251463
462,0.798159509202454,0.10547428032090608,0.09126946672958942,0.005096743747050495
463,0.7979235488437942,0.10566304860783389,0.09136385087305332,0.005049551675318546
464,0.7986124221257316,0.10529545025486124,0.09113649235416274,0.004955635265244478
465,0.7985652255993959,0.10548423636020389,0.09104209930149142,0.004908438738908816
466,0.7980369950924877,0.1059833899584749,0.09102491506228766,0.004954699886749717
467,0.7987540117047385,0.10572021899188219,0.09071172361714178,0.004814045686237493
468,0.7986976217440543,0.1054643261608154,0.0909777274443186,0.004860324650811627
469,0.7988201982067012,0.10533270410571025,0.09108069844266163,0.004766399244926852
470,0.7986786219915054,0.10542708824917414,0.09117508258612553,0.004719207173194903
471,0.79841449603624,0.10626651566628917,0.09060022650056625,0.004718761796904492
472,0.7986979289522103,0.10605274331273293,0.09048450252394206,0.0047648252111147805
473,0.7985190774890346,0.10564542753383956,0.09097769183606093,0.0048578031410649435
474,0.7978592983779705,0.10590343266691814,0.09133345907204829,0.004903809883062995
475,0.7982745615689233,0.10578917593814821,0.09098623420705261,0.00495002828587592
476,0.7979164702554916,0.10582634109550297,0.091307627038748,0.0049495616102573775
477,0.7978788592976668,0.10605703511666274,0.0911619137402781,0.004902191845392411
478,0.7977379830348728,0.10598491988689915,0.09132893496701225,0.004948162111215834
479,0.7967770814682185,0.10677095603826038,0.09150449983508457,0.004947462658436602
480,0.7970318021201414,0.10647820965842167,0.0915429917550059,0.0049469964664310955
481,0.7968433451118964,0.10676089517078917,0.09149587750294465,0.004899882214369847
482,0.7970980355207989,0.10693927545107645,0.09106326847882414,0.004899420549300419
483,0.797050925707825,0.10717482451594668,0.090921939039902,0.004852310736326377
484,0.7972584671911065,0.10725893824485373,0.0906307409675444,0.00485185359649536
485,0.7969198888522583,0.10728582866293035,0.09089624640889182,0.004898036075919559
486,0.7972966608580982,0.10709744266001037,0.09075495690670184,0.004850939575189564
487,0.7974850468610182,0.10728582866293035,0.09042528140159187,0.004803843074459567
488,0.7977866729456087,0.10727572404049918,0.09013421238521309,0.004803390628679067
489,0.7980411545886895,0.10717144606111974,0.08998446108207374,0.004802938268116966
490,0.7976554776140483,0.10715126406478037,0.09034414575584954,0.004849112565321783
491,0.7982675015300598,0.10668047643707923,0.0902499882303093,0.004802033802551669
492,0.7984277173657205,0.10643506096125782,0.09033563997552135,0.004801581697500353
493,0.798493763238409,0.10637797128736173,0.09032713579665803,0.004801129677571193
494,0.798785367920531,0.10602137375829764,0.09053246080692999,0.004660797514241326
495,0.7993973918365426,0.10564474365613671,0.09034414575584954,0.004613718751471211
496,0.799585706887623,0.10569182241890683,0.09015583070476908,0.004566639988701097
497,0.8002071855723502,0.10585299241889155,0.08951358478127795,0.0044262372274803405
498,0.8005180127148576,0.10581587002590064,0.08933364728043325,0.004332469978808571
499,0.800772237133305,0.10566464189857325,0.08923105900080049,0.004332061967321185
500,0.801007675283703,0.10557046663841409,0.08913688374064134,0.004284974337241607
501,0.8015914120250482,0.10494844390037196,0.08917557323791139,0.004284570836668393
502,0.8018081649950558,0.10495832744737957,0.08904270848048218,0.00419079907708245
503,0.8014404745092502,0.1051169797109636,0.08915878171633008,0.0042837640634561976
504,0.8015155794031817,0.10510213687282312,0.08909912454109009,0.0042831591829050174
505,0.8009224397590361,0.1053746234939759,0.08942018072289157,0.004282756024096386
506,0.8003105443937326,0.10572625041170658,0.0896344045546511,0.00432880063990966
507,0.7999059266227657,0.10602069614299153,0.0896519285042333,0.004421448730009408
508,0.7999811835544266,0.10574842412268322,0.08994260984100104,0.004327782481889171
509,0.7998589231130966,0.10580766517752174,0.0899130025864096,0.00442040912297202
510,0.7996144623630637,0.10583478301753727,0.09008416004513611,0.004466594574263012
511,0.7996992198514898,0.105508036469593,0.09018704765485477,0.004605696024062412
512,0.7989380697302885,0.10591109858096044,0.09049901325063434,0.0046518184381167185
513,0.7987784824994127,0.10584918957011981,0.09072116513976979,0.004651162790697674
514,0.79885354508293,0.10600009397171452,0.09058873279142977,0.004557628153925668
515,0.7991732043030958,0.10630901489171796,0.08991403203833326,0.0046037487668530086
516,0.7991358662471235,0.10637298642746443,0.08979476823369183,0.004696379091720284
517,0.7996524679472127,0.10618513126379561,0.0895129854881886,0.004649415300803081
518,0.7999624254379785,0.1057723920905547,0.08970926682635856,0.004555915645108262
519,0.8001033300455591,0.10610116950824292,0.08928655300361656,0.004508947442581373
520,0.8001126919284406,0.10564868291308635,0.08963703808048082,0.0046015870779922054
521,0.7999624430777897,0.1060044129383597,0.0893854748603352,0.004647669123515328
522,0.8001032815360781,0.1060044129383597,0.08929158255480964,0.004600722970752547
523,0.8005070660594394,0.1057326635053289,0.08925301657354806,0.004507253861683647
524,0.7996995728301178,0.1064169365817021,0.08933014129465333,0.004553349293526733
525,0.7993336149045005,0.10624618705711202,0.08977427378103149,0.004645924257356047
526,0.799127047449195,0.10639695874595204,0.08992349931947248,0.004552494485380391
527,0.7995401435878186,0.10623621603866548,0.089625076251701,0.004598564121815025
528,0.7998686124536625,0.10590774717282155,0.089672000375393,0.004551639998123035
529,0.7995308468214872,0.10649777152240207,0.08937368050668543,0.004597701149425287
530,0.7995965661209363,0.10630013604165689,0.08950602805272787,0.004597269784678895
531,0.7993715706045116,0.10608263377573512,0.08985602401163063,0.004689771608122685
532,0.7991841710427607,0.10615153788447111,0.08992873218304576,0.00473555888972243
533,0.7995592648162041,0.10605776444111027,0.08969429857464366,0.0046886721680420105
534,0.7994278746951792,0.10631213655974489,0.08971112361658226,0.004548865128493716
535,0.7999624871049423,0.10583325518146863,0.08965581918784582,0.004548438525743224
536,0.799803085001641,0.10572460030943785,0.0899245159172957,0.004547798771625486
537,0.7990437350583602,0.10622040969390147,0.09014203346927296,0.004593821778465288
538,0.7991751417725078,0.10624736373435816,0.08993766696349065,0.004639827529643342
539,0.798603626821611,0.10655545663277259,0.09015510051075394,0.004685816034862471
540,0.7991004497751124,0.106071964017991,0.0901424287856072,0.0046851574212893555
541,0.7997095202398801,0.10616566716641679,0.08948650674662668,0.004638305847076462
542,0.7991100702576113,0.10618266978922716,0.08997658079625293,0.0047306791569086655
543,0.7985389154256813,0.1068183946801536,0.08986606724735413,0.004776622646810902
544,0.7991290911644894,0.10661609776654024,0.08947885939036382,0.004775951678606546
545,0.7989888587210935,0.10687201572886434,0.08931747963673814,0.004821645913303998
546,0.7988016103361109,0.10682520363261867,0.08959835221421215,0.004774833817058328
547,0.7988207216060649,0.10660302307080351,0.08970939211006598,0.004866863213065656
548,0.7986150102938424,0.10682201010668164,0.08969679955081415,0.004866180048661801
549,0.7986241108199177,0.10684200673904905,0.08980718831898166,0.004726694122051666
550,0.7985402825863198,0.10653129970992795,0.09010947880602602,0.004818938897726209
551,0.7986994760479041,0.1060067365269461,0.0904752994011976,0.004818488023952096
552,0.7977927422371867,0.10634118967452301,0.09090909090909091,0.004956977179199401
553,0.7983539094650206,0.10601384212495324,0.09072203516647961,0.004910213243546577
554,0.7983916214699832,0.10604077052552834,0.090611557882925,0.004956050121563494
555,0.7981767180925666,0.105890603085554,0.09097709209911173,0.004955586722767648
556,0.7983358264771877,0.10602094240837696,0.09068810770381451,0.004955123410620793
557,0.7979528883903534,0.10614133482893999,0.09090484202654701,0.005000934754159656
558,0.7977570093457944,0.1061214953271028,0.09107476635514018,0.005046728971962617
559,0.7978693580039249,0.10615830296233997,0.09092608167460985,0.005046257359125316
