bt_pt-O,bt_pt-A,bt_pt-B,bt_pt-AB
1.0,0.0,0.0,0.0
1.0,0.0,0.0,0.0
1.0,0.0,0.0,0.0
1.0,0.0,0.0,0.0
1.0,0.0,0.0,0.0
1.0,0.0,0.0,0.0
1.0,0.0,0.0,0.0
1.0,0.0,0.0,0.0
1.0,0.0,0.0,0.0
1.0,0.0,0.0,0.0
1.0,0.0,0.0,0.0
1.0,0.0,0.0,0.0
1.0,0.0,0.0,0.0
1.0,0.0,0.0,0.0
1.0,0.0,0.0,0.0
1.0,0.0,0.0,0.0
1.0,0.0,0.0,0.0
1.0,0.0,0.0,0.0
1.0,0.0,0.0,0.0
1.0,0.0,0.0,0.0
1.0,0.0,0.0,0.0
1.0,0.0,0.0,0.0
1.0,0.0,0.0,0.0
1.0,0.0,0.0,0.0
1.0,0.0,0.0,0.0
1.0,0.0,0.0,0.0
1.0,0.0,0.0,0.0
1.0,0.0,0.0,0.0
1.0,0.0,0.0,0.0
1.0,0.0,0.0,0.0
1.0,0.0,0.0,0.0
1.0,0.0,0.0,0.0
1.0,0.0,0.0,0.0
1.0,0.0,0.0,0.0
1.0,0.0,0.0,0.0
1.0,0.0,0.0,0.0
1.0,0.0,0.0,0.0
1.0,0.0,0.0,0.0
1.0,0.0,0.0,0.0
1.0,0.0,0.0,0.0
1.0,0.0,0.0,0.0
1.0,0.0,0.0,0.0
1.0,0.0,0.0,0.0
1.0,0.0,0.0,0.0
1.0,0.0,0.0,0.0
1.0,0.0,0.0,0.0
1.0,0.0,0.0,0.0
1.0,0.0,0.0,0.0
1.0,0.0,0.0,0.0
1.0,0.0,0.0,0.0
1.0,0.0,0.0,0.0
1.0,0.0,0.0,0.0
1.0,0.0,0.0,0.0
1.0,0.0,0.0,0.0
1.0,0.0,0.0,0.0
1.0,0.0,0.0,0.0
1.0,0.0,0.0,0.0
1.0,0.0,0.0,0.0
1.0,0.0,0.0,0.0
1.0,0.0,0.0,0.0
1.0,0.0,0.0,0.0
1.0,0.0,0.0,0.0
1.0,0.0,0.0,0.0
1.0,0.0,0.0,0.0
1.0,0.0,0.0,0.0
1.0,0.0,0.0,0.0
1.0,0.0,0.0,0.0
1.0,0.0,0.0,0.0
1.0,0.0,0.0,0.0
1.0,0.0,0.0,0.0
1.0,0.0,0.0,0.0
1.0,0.0,0.0,0.0
1.0,0.0,0.0,0.0
1.0,0.0,0.0,0.0
1.0,0.0,0.0,0.0
1.0,0.0,0.0,0.0
1.0,0.0,0.0,0.0
1.0,0.0,0.0,0.0
1.0,0.0,0.0,0.0
1.0,0.0,0.0,0.0
1.0,0.0,0.0,0.0
1.0,0.0,0.0,0.0
1.0,0.0,0.0,0.0
1.0,0.0,0.0,0.0
1.0,0.0,0.0,0.0
1.0,0.0,0.0,0.0
1.0,0.0,0.0,0.0
1.0,0.0,0.0,0.0
1.0,0.0,0.0,0.0
1.0,0.0,0.0,0.0
1.0,0.0,0.0,0.0
1.0,0.0,0.0,0.0
1.0,0.0,0.0,0.0
1.0,0.0,0.0,0.0
1.0,0.0,0.0,0.0
1.0,0.0,0.0,0.0
1.0,0.0,0.0,0.0
1.0,0.0,0.0,0.0
1.0,0.0,0.0,0.0
1.0,0.0,0.0,0.0
0.986741206154455,0.013258793845544946,0.0,0.0
0.9734368816778789,0.026563118322121094,0.0,0.0
0.9601839944603818,0.039816005539618164,0.0,0.0
0.9469337289812068,0.03981206726013848,0.013254203758654798,0.0
0.9336860844624666,0.03980812975966769,0.026505785777865692,0.0
0.9204410601265823,0.03980419303797468,0.039754746835443035,0.0
0.9204489271235043,0.039800257094828435,0.03975081578166716,0.0
0.9204567925647618,0.03984575835475578,0.0396974490804825,0.0
0.9205180169047501,0.03979042064158964,0.03969156245366023,0.0
0.920525873572876,0.03978648742153907,0.03968763900558493,0.0
0.9204882387823681,0.0398300059300257,0.039681755287606243,0.0
0.9204960964522186,0.03982606976974009,0.03967783377804131,0.0
0.92050395256917,0.03982213438735178,0.03967391304347826,0.0
0.920466334041397,0.039816232771822356,0.039717433186780615,0.0
0.9203299417168823,0.039909117850439595,0.03976094043267806,0.0
0.9203378111418412,0.039905175819834056,0.039757013038324775,0.0
0.9203989926423386,0.039899264233864994,0.03970174312379635,0.0
0.9204068533056831,0.039895324149508714,0.03969782254480818,0.0
0.9203653418908911,0.039891384843248584,0.03974327326586028,0.0
0.9202251073702917,0.03988744631485412,0.03988744631485412,0.0
0.9195912927587738,0.04042647712127943,0.03998223011994669,0.0
0.9186614678446277,0.041310892848329304,0.04002763930704309,0.0
0.9170902630410107,0.04283669742881113,0.040073039530178156,0.0
0.9147791759190723,0.04460893165556378,0.04061189242536393,0.0
0.9122391593902619,0.04597701149425287,0.041685166000690645,9.866311479453407e-05
0.9089608916506386,0.047590866498989005,0.04325097400996203,0.0001972678404103171
0.9057924574808972,0.049149617944293816,0.044712842001478924,0.0003450825733300468
0.9026853904902685,0.050849963045084996,0.04592264104459227,0.0005420054200542005
0.8997487560963594,0.052367111680378345,0.047292970097049115,0.000591162126213114
0.8967640250209329,0.05339112446436487,0.049204551051568735,0.0006402994631335271
0.8936432123689005,0.054803289182136,0.05081490964596977,0.0007385888029937466
0.8905626938413823,0.05656476148279427,0.0520848717570029,0.0007876729188204598
0.8867943101835901,0.05881773883939558,0.05355121326967564,0.0008367377073386819
0.8827060270602706,0.0611070110701107,0.055202952029520296,0.0009840098400984009
0.878658206679455,0.06276130047710393,0.05749840145590478,0.0010820913875362746
0.8745146227574343,0.06468419759154584,0.05942492012779553,0.0013762595232243795
0.870253009088676,0.06691230655858511,0.06126258904446082,0.0015720953082780645
0.8653477983407786,0.06955966815571155,0.0631780472239949,0.0019144862795149968
0.8608998577106128,0.07183160787007507,0.06515872626465825,0.0021098081546538443
0.8574372056514914,0.07348901098901099,0.06696428571428571,0.002109497645211931
0.8537027954879843,0.07533104462972046,0.0687591956841589,0.002206964198136341
0.8508802039915657,0.07615358211150886,0.07071053792968175,0.002255675967243662
0.8493184269883299,0.07629695008335785,0.07212905756595077,0.0022555653623614787
0.8474360231395235,0.07652711050102952,0.07373271889400922,0.002304147465437788
0.845897461033232,0.07705126948338398,0.07469855896480737,0.00235271051857661
0.8443932562242698,0.07787688688492453,0.07537737698490492,0.002352479905900804
0.8432890674768462,0.07850247464105455,0.07585632381045719,0.0023521340716420834
0.8424791768740814,0.07907888290053895,0.07609015188633023,0.0023517883390494856
0.8410326752559644,0.08009601724391319,0.07651986479204428,0.0023514427080781855
0.8398804858934169,0.08076998432601881,0.07699843260188088,0.0023510971786833857
0.8382388951466772,0.08183554532543219,0.07757480777707038,0.0023507517508203142
0.836989521104691,0.08255802565860347,0.07810204681226128,0.002350406424444227
0.8356345475910694,0.08333333333333333,0.0786819428123776,0.0023501762632197414
0.8343777538431411,0.08415744639185352,0.07911485361793792,0.002349946147067463
0.8324197337509789,0.08520947533281127,0.07992364917776038,0.002447141738449491
0.8300381716746599,0.08652246256239601,0.0809924635411569,0.0024469022217872174
0.827754942258759,0.08778625954198473,0.08201213544724995,0.0024466627520062633
0.8253595538597006,0.08893454652186675,0.08316211720966638,0.0025437824087662657
0.8225080700381493,0.09038442727183801,0.08451530861782255,0.0025921940721901596
0.8196440793976728,0.09166911117629803,0.08594895863889704,0.0027378507871321013
0.8172221679210243,0.0929039194604633,0.08699051901084938,0.002883393607662985
0.8141489153801055,0.09473324213406292,0.08813758061364081,0.002980261872190737
0.8104610275444423,0.0966985739402227,0.08971478804453994,0.003125610470795077
0.8072830225519867,0.097774089622181,0.09162354778873377,0.003319340037098506
0.804869717966234,0.09866302332389967,0.09300283009661364,0.0034644286132526595
0.8023221777734413,0.10015611279149185,0.09400917162650015,0.0035125378085666893
0.7996488490050722,0.10183378852906749,0.09490831057354662,0.003609051892313695
0.7970745977571916,0.10316918576304242,0.09605070697220867,0.0037055095075572892
0.7943469785575049,0.10448343079922028,0.09727095516569201,0.003898635477582846
0.7916788463412258,0.10586573126766052,0.09846048913573029,0.003994933255383416
0.7894788114953726,0.10706283487579152,0.0994154895275207,0.004042864101315148
0.7869666861484512,0.10861094876290668,0.10037989479836353,0.00404247029027859
0.7844970298958029,0.1098938552926283,0.10147044502872724,0.004138669782841562
0.7826827606346735,0.1104351211914728,0.1025990460430254,0.004283072130828385
0.780465252092661,0.11168970216079424,0.10356239050029199,0.004282655246252677
0.7794267918836066,0.11250060824290789,0.10379056980195611,0.004282030071529366
0.7777993968284853,0.1131919447417064,0.10458215779745111,0.004426500632357233
0.7771887159533074,0.113715953307393,0.10466926070038911,0.004426070038910506
0.7760809299158601,0.11473177374641311,0.10476144156412626,0.004425854773600506
0.774617067833698,0.11553610503282276,0.10537320690493557,0.004473620228543642
0.7745903632031895,0.1154276267807653,0.10550882481645354,0.004473185199591579
0.7746074952607787,0.11485928158265687,0.10596412774024207,0.004569095416322364
0.7753535157199086,0.11409689489285194,0.10588463968122844,0.004664949706010982
0.776466015643978,0.11344313268231064,0.10537822474857893,0.004712626925132391
0.7789274264062955,0.11294083357621684,0.1033712231613718,0.004760516856115807
0.7818464377640717,0.11228206497984557,0.10106357146326064,0.004807925792822107
0.7844070100490315,0.11136462935093937,0.09927666391572407,0.004951696684305063
0.7854300135895943,0.11143467287905261,0.09813628421665696,0.004999029314696176
0.7856380397865114,0.11222707423580786,0.09704027171276079,0.005094614264919942
0.7858355566335192,0.11224836284259035,0.0967741935483871,0.0051418869755032745
0.7882255952669609,0.10988797827457446,0.09664904708792008,0.00523737937054459
0.7909818181818182,0.1070060606060606,0.09672727272727273,0.005284848484848485
0.7936600261742038,0.10396975425330812,0.09698996655518395,0.005380253017304057
0.7956582836652615,0.10248582642825992,0.0963802878325338,0.005475602073944857
0.797703822118878,0.10226226808118975,0.09446301409678826,0.005570895703143923
0.7992444422918584,0.10292052114108587,0.09221678694241295,0.005618249624642805
0.7998159895404581,0.10309428114861266,0.0914241441092441,0.0056655852016851485
0.7981891250665762,0.1039074226504624,0.09223841572652883,0.005665036556432479
0.7955172580723242,0.10514595536621968,0.09362443723677204,0.005712349324684126
0.7936008519289414,0.1059586620843216,0.0947286896752021,0.0057117963115349245
0.7917049799157915,0.1072932294439336,0.09524270435077191,0.005759086289502976
0.7893055891604162,0.1086377933704331,0.09629808855552867,0.005758528913622067
0.7870858524788392,0.11003627569528417,0.09692865779927448,0.005949214026602177
0.7852342503505294,0.11067059904269207,0.09800319102644683,0.006091959580331673
0.783487214192488,0.11137429303427274,0.09899937158602021,0.006139121187219027
0.7813542119762216,0.11280266782659128,0.09965685563771688,0.006186264559470301
0.7801672063016479,0.11313004397622384,0.10051708307157009,0.00618566665055816
0.7791894111395585,0.11385923385343703,0.10062315830153133,0.0063281967054731655
0.7787760227986282,0.11408974544751968,0.10080664637975173,0.0063275853741003715
0.7786580358436791,0.11410076807883678,0.1010096130621709,0.0062315830153132695
0.7779280367061097,0.11456170007244627,0.10123158657329148,0.0062786766481526205
0.7774880486744894,0.11526389492491187,0.10092230431213482,0.006325752088463953
0.7782499517094843,0.11444852231021828,0.1010237589337454,0.006277767046552057
0.7787059391598262,0.11380975374215355,0.1012071463061323,0.006277160791887977
0.7802510864316755,0.11284403669724771,0.10067600193143408,0.0062288749396426845
0.780813981557476,0.11282769275334331,0.10013035291845701,0.0062279727707237
0.7811082150786756,0.11280046336518969,0.09976831740515493,0.006323004150979824
0.7818910179062696,0.11236063516578985,0.09942564795598244,0.006322698971958106
0.7825079640891978,0.1123660584998552,0.09885124046722657,0.006274736943720436
0.7833598764538391,0.11201196853433715,0.09835432652864244,0.006273828483181314
0.7846146421504754,0.11148110612422181,0.09767868346122291,0.006225568264079919
0.7853936380750108,0.11174397837524738,0.09678042187575421,0.006081961673987547
0.785273113298591,0.11214051341439876,0.09640995946728431,0.006176413819725921
0.7857763195985719,0.11184020071407894,0.09620766187397471,0.006175817813374506
0.7865309469824883,0.11119687394471513,0.09609725505330696,0.0061749240194896035
0.7874167712052494,0.11092347775740616,0.09562867895397086,0.006031072083373541
0.7877062626652513,0.1107787320274052,0.09553218180063688,0.0059828235067065525
0.7878202962891473,0.11079476909713845,0.09554601167784588,0.005838922935868359
0.7883789392403842,0.1106606823994981,0.09521741228705179,0.005742966073065972
0.7885719801167898,0.1106124221803967,0.09512089184884899,0.005694705853964577
0.7891156462585034,0.11038741737829884,0.09470738650069957,0.005789549862498191
0.7886814300188161,0.11024267863173638,0.09533458773580354,0.005741303613644039
0.7874885448319104,0.11156127912024309,0.09511406935802827,0.005836106689818164
0.786909757391598,0.11242946028071191,0.09487290792456471,0.0057878744031254524
0.7863239620002893,0.11284178039253508,0.0949992766552539,0.005834980951921686
0.7854766382178504,0.11331308163363711,0.09537586190269541,0.0058344182458170595
0.7847741188949424,0.11320572778554554,0.0961862976712791,0.005833855648232969
0.7844574073181314,0.1132430217422745,0.09646627778045606,0.005833293159138023
0.7835076389223578,0.11374042122511928,0.09682394332256976,0.005927996529953251
0.782964782964783,0.11393746687864335,0.09702750879221468,0.006070241364359011
0.782284090361736,0.11430085256008862,0.09729781802417996,0.006117239053995472
0.7812936473534653,0.11496411886528922,0.09762558397148774,0.006116649809757742
0.78112208042379,0.1151456778232603,0.09761618107392246,0.006116060679027209
0.7808166409861325,0.11541795069337442,0.09765023112480739,0.00611517719568567
0.781602002503129,0.11495138153461057,0.09723693077885819,0.00620968518340233
0.7813447562208211,0.11541608509409443,0.09703037012080666,0.0062087885642778074
0.7824140918278949,0.11488112426605063,0.09649629415728174,0.00620848974877274
0.7827237728585178,0.1145813282001925,0.09648700673724735,0.0062078922040423486
0.7832948421862972,0.11441493456505004,0.09603541185527328,0.006254811393379522
0.7844288326436339,0.1136079299393706,0.09580406120681359,0.006159176210181888
0.7854874410547589,0.11327109999037628,0.09513040130882494,0.006111057646039842
0.7858276807620147,0.1128108914225237,0.09515562611247415,0.006205801702987444
0.7862055697176663,0.11283728536385937,0.09470443942090327,0.006252705497571064
0.7865352248136571,0.11271940370281318,0.09444578023563356,0.006299591247896129
0.7867205154093947,0.11264964661762585,0.09428337900860619,0.006346458964373287
0.7864460583906498,0.11322206724063297,0.09422346207493627,0.006108412293780963
0.7873701423624471,0.11278376298576376,0.09378607156598692,0.006060023085802232
0.7871808433908737,0.11285281530990046,0.09385969130163005,0.006106649997595807
0.7881906044140982,0.1127085637351541,0.09304226571140069,0.006058566139347021
0.7874008175042078,0.1135849963933638,0.09305121423419091,0.0059629718682375574
0.7870949129724012,0.11366477545917877,0.09327819982690644,0.0059621117415136074
0.7877709945680912,0.11354131615632361,0.09267894053742248,0.006008748738162765
0.78839590443686,0.11306061625727058,0.09258280055761188,0.005960678748257463
0.7888840809654311,0.11269772585220443,0.09260060579835569,0.005817587384008846
0.7883552093850665,0.11332275590172604,0.0925525265637771,0.005769508149430261
0.7881074844974283,0.1133490361967024,0.09272701052732779,0.005816468778541557
0.787894812749387,0.11335993461852796,0.09302437382818134,0.0057208788039036585
0.7873588079788513,0.11348233597692862,0.09339101177601539,0.005767844268204758
0.7877156726101793,0.11337530638727351,0.09314173114817129,0.005767289854375931
0.7874405419689617,0.11329457550569355,0.09340316148560995,0.005861721039734781
0.787268796540956,0.11366802786452078,0.09320201777564256,0.005861157818880615
0.7873372724215785,0.1135610318489696,0.0932411010232022,0.0058605947062497
0.7863490081175849,0.11417455209183919,0.09361640808876508,0.0058600317018108455
0.7860333317323855,0.11440372700638778,0.09370347245569377,0.005859468805532875
0.7861568759306403,0.11417455209183919,0.09390460636918199,0.005763965608338537
0.7853609336727343,0.11454781230488449,0.09432784208251285,0.005763411939868402
0.7854501800720288,0.1146218487394958,0.09411764705882353,0.005810324129651861
0.7858548998895665,0.11408268113506506,0.09425265280645316,0.0058097661689153505
0.7858960203542796,0.11410878018338054,0.0941385435168739,0.005856655945465892
0.7857451403887689,0.11384689224862012,0.09450443964482841,0.005903527717782578
0.7857862661356111,0.11401698737943279,0.09424636498872306,0.0059503814962330245
0.785868470283494,0.11354151676500215,0.09449800930589533,0.006092003645608481
0.7865400297404902,0.11373339089557251,0.09368254425097136,0.006044035112965894
0.7869237780016309,0.11373339089557251,0.09334676452247326,0.005996066580323308
0.7876157129838361,0.11410619214350808,0.0922826034821814,0.005995491390474363
0.7872044506258693,0.11438300321327514,0.0924176298498873,0.005994916310968299
0.7870126133039183,0.11428708455229965,0.09275334516330153,0.005946956980480552
0.7871085319648937,0.11447892187425064,0.09251354851086278,0.005898997649992806
0.7877175320005753,0.11433913418668201,0.09190277578023874,0.006040558032503955
0.787823585810163,0.11414189837008629,0.09204218600191755,0.005992329817833174
0.7877959927140255,0.11432269197584125,0.09188955996548749,0.005991755344645767
0.7872921558292204,0.11433226316546073,0.09228999952082036,0.006085581484498538
0.7871382020318191,0.11428982173663024,0.09253402338508722,0.0060379528464634845
0.7873125389296153,0.11403382684107134,0.09261654927890374,0.00603708495040966
0.7876754995447793,0.11385308352101203,0.09252958934304471,0.005941827591163927
0.7873981792045999,0.11418303785337805,0.09252515572592238,0.0058936272160996644
0.7874766444689312,0.11378335648924448,0.09284721889522349,0.005892780146600872
0.787623335568541,0.11346872305776415,0.09296867516045598,0.005939266213238816
0.787404214559387,0.11369731800766283,0.09295977011494252,0.0059386973180076625
0.7867949822847841,0.11409556640812027,0.09307670209709853,0.006032749209997127
0.7868836764001915,0.11421732886548588,0.09281953087601723,0.00607946385830541
0.7868836764001915,0.11440880804212541,0.09267592149353758,0.006031594064145524
0.7857484686064319,0.11485451761102604,0.09327143950995406,0.006125574272588055
0.7857347876004592,0.11466704936854191,0.09333141982395714,0.0062667432070417145
0.7848192079586761,0.11507556916013009,0.09379185000956572,0.006313372871628085
0.784702956089161,0.11494307854204534,0.09413565483593227,0.0062183105328613795
0.7835007173601147,0.11549497847919656,0.09473935915829747,0.0062649450023912
0.7830495504113258,0.11603214080734647,0.09474842165678209,0.006169887124545629
0.7827355332376853,0.11602104256336682,0.09507412721186036,0.006169296987087518
0.783602793456424,0.11556490959533149,0.0948053190471635,0.0060269779010810294
0.7831452075760474,0.11579299789554237,0.095035393150947,0.006026401377463172
0.7831244618769732,0.11594757485889218,0.09499665167894385,0.005931311585190854
0.7832552357272641,0.11528162953045806,0.09539064741321603,0.006072487329061872
0.7844027923878741,0.11489911064358803,0.09467342450033471,0.006024672468203118
0.7850516449885233,0.11495791889824024,0.09406082631981637,0.0059296097934200456
0.7845668387837063,0.11503155479059093,0.09442532032893479,0.005976286096768024
0.783672689035465,0.11547653188031737,0.0947806137080585,0.006070165376159067
0.7833046636085627,0.11573012232415902,0.09480122324159021,0.006163990825688074
0.7833110303957178,0.11556107818772701,0.09510609826037086,0.006021793156184286
0.7839931153184165,0.11584432969975139,0.09437751004016064,0.005785044941671448
0.7842387146136189,0.1157708492731446,0.0943477429227238,0.005642693190512625
0.7844196834202095,0.11520252498684903,0.09478265027975706,0.0055951413131844485
0.7838122101639815,0.11550413539226466,0.09499450207964813,0.005689152364105751
0.7845359345861426,0.11533495911633912,0.09458231721895471,0.005546789078563573
0.7839078261701009,0.11531290338002581,0.09518573409188698,0.005593536357986327
0.7841300191204589,0.11520076481835564,0.09507648183556405,0.005592734225621415
0.7834608030592735,0.11539196940726577,0.09560229445506692,0.005544933078393882
0.7825359652057544,0.11561439564116044,0.09625770682980452,0.0055919323232806
0.7821370543821083,0.11607569530727326,0.09619611965975342,0.005591130650864953
0.7827208868925312,0.11602236345391122,0.09571367133368376,0.005543078319873847
0.7817651837339322,0.11650021503321069,0.09623930807091317,0.0054952931619439
0.7817217657175616,0.11632906554557615,0.09640741448499904,0.005541754251863176
0.7816470813031432,0.11646125919556702,0.09635043469953186,0.005541224801757906
0.7807545367717288,0.1169054441260745,0.09670487106017192,0.005635148042024833
0.7798568019093078,0.11704057279236277,0.09727923627684965,0.005823389021479714
0.779601966305541,0.11745334796926454,0.09712213048250846,0.005822555242686011
0.7786208542114054,0.11830112145072776,0.09725602481507993,0.0058219995227869244
0.7795275590551181,0.11772846575996182,0.09696969696969697,0.005774278215223097
0.7799093295156287,0.11801479360534478,0.09634931997136721,0.00572655690765927
0.7802910999761393,0.11782390837508948,0.09620615604867573,0.005678835600095442
0.7796593998950532,0.11792205314124887,0.09659876926012498,0.005819777703572962
0.7792932424054557,0.11798369020935667,0.09680957604082216,0.005913491344365492
0.7793142911639883,0.11792475323065185,0.09684802822945973,0.0059129273759000525
0.779934194840494,0.11754327404510992,0.09665728863668877,0.00586524247770731
0.7805180556218099,0.11734961599007776,0.09650336306826313,0.005628965319849258
0.7804016983922523,0.11726539764324222,0.09679881685034111,0.0055340871141644
0.7801574051991415,0.11733842117815407,0.09692344383496303,0.005580729787741474
0.7800829875518672,0.11708875852530166,0.09724805646969047,0.005580197453140649
0.7800143095635583,0.11743381826854281,0.09706653947054615,0.005485332697352731
0.7801306815471932,0.11713645252062765,0.09724805646969047,0.005484809462488673
0.7795260573117818,0.11729366328136175,0.09760167834835265,0.00557860105850379
0.7787787787787788,0.11749845083178416,0.09805043138376472,0.005672339005672339
0.7782701929949964,0.11803669287586371,0.09792709077912795,0.005766023350011913
0.7782701929949964,0.11779842744817727,0.09821300929235167,0.005718370264474625
0.7769520270592158,0.11862226668572246,0.09861369158210662,0.005812014672955076
0.7766347573462876,0.11887412487498214,0.09858551221603086,0.0059056055626994335
0.776989380446688,0.11881518167531788,0.09829039478070384,0.005905043097290347
0.7765293977624376,0.11920971197333968,0.09826231849559629,0.005998571768626518
0.7761861704659021,0.11968781230666731,0.09798696045305287,0.006139056774377766
0.776149233844104,0.11987246597506425,0.0978871228704673,0.0060911773103645185
0.7764823451032645,0.11968211668411535,0.09779194822499286,0.006043589987627296
0.776741530262657,0.11943281309478493,0.0977826417967263,0.006043014845831747
0.776614974788317,0.11958900199790695,0.09765959471030349,0.006136428503472553
0.7764515668838271,0.11997717437823957,0.09734176613248371,0.006229492605449617
0.7762776325172331,0.11999049203708105,0.0974090801045876,0.00632279534109817
0.7759768038786957,0.12030611274836012,0.09734765662135184,0.006369426751592357
0.7758137324780233,0.1207887859349014,0.09693513898788311,0.006462342599192207
0.7758243846811745,0.12068801672526847,0.09707307801957617,0.006414520573980804
0.7760619595172479,0.12092559156134182,0.09664544331464411,0.0063670056067661315
0.7759931571944497,0.12112716213647595,0.09660710891465502,0.006272571754419312
0.7757981755986317,0.12124667426833903,0.09663625997719498,0.006318890155834284
0.7756401121086884,0.12127689895966938,0.09676499928744478,0.006317989644197425
0.7746117680581279,0.12185971410932231,0.09711734815025883,0.006411169682290925
0.7738383406901135,0.12226493900991979,0.09725188665812332,0.0066448336418434666
0.7743818518342745,0.12225333396611457,0.09672061126666984,0.006644202932941009
0.7735016371660418,0.12262136383049399,0.09723342665970673,0.006643572343757414
0.7742869346495183,0.12201604100422382,0.09714773859807319,0.006549285748184709
0.7747615205732998,0.12192112381946751,0.09681552845142613,0.006501827155806559
0.775547012198016,0.1220276235227111,0.0960178461246381,0.006407518154634771
0.7747307491578498,0.12179152630829815,0.09693030317407601,0.006547421359776059
0.7745149200626216,0.12196973290953081,0.096968546895014,0.006546800132833626
0.7741782478774368,0.12204145520087274,0.09718730730920647,0.006592989612483992
0.7746218407700697,0.12162738868604486,0.0970648205225473,0.006685950021338138
0.7750011854521315,0.12124804400398312,0.09711223860780502,0.006638531936080421
0.7752643808981837,0.12159150187319201,0.09659980082515293,0.006544316403471333
0.7749276942771799,0.12227964534635627,0.09620217154236405,0.006590488834099853
0.774806807945764,0.12203100554686389,0.09657232257146921,0.006589863935902906
0.7752073951173264,0.12145058070632851,0.09675278502014695,0.006589239156198151
0.7750817496801099,0.12198474005971281,0.0962513624946685,0.0066821477655087435
0.7750769959725183,0.12229329542762378,0.0959014451551765,0.006728263444681355
0.7754725024868552,0.1219743261806641,0.0957320828004358,0.006821088532044906
0.7762565730257236,0.12151215121512152,0.09550428727083235,0.006726988488322517
0.7769146971060484,0.12134703737034055,0.09496518732534458,0.006773078198266471
0.7772303027431657,0.12123939925143318,0.09494480504098167,0.006585492964419387
0.7769303647560398,0.12183799147323543,0.0946470866887731,0.006584557081951682
0.7766672982190224,0.12225274725274725,0.09449602122015915,0.006583933308071239
0.777025106584557,0.12216958787304595,0.09431549028896258,0.006489815253434391
0.7763201515510301,0.12266161496566422,0.09448259531139001,0.006535638171915699
0.7762727918541321,0.1229931328439498,0.0942457968269003,0.00648827847501776
0.7760098498839797,0.12279206326656249,0.09471042288203817,0.006487663967419614
0.775878397575528,0.12269154275973103,0.0949427029074723,0.006487356757268681
0.7755469267923099,0.12340183729519841,0.0946112321242542,0.006440003788237523
0.7754899176370349,0.12363911767490296,0.09429139449020164,0.006579570197860456
0.7757062414233663,0.12321960914210003,0.09440211990725406,0.00667202952727961
0.7759167258102674,0.12301868937780933,0.09439318665720368,0.006671398154719659
0.776148351388429,0.12327924688963528,0.09385496002649132,0.006717441695444439
0.7762217911718787,0.12357477409282301,0.09357997823721437,0.006623456498083929
0.7749976350392583,0.12420773815154669,0.0941254375177372,0.006669189291457761
0.7748723283525629,0.12412521278607906,0.09424059012672593,0.006761868734632116
0.7755082742316785,0.12387706855791962,0.09385342789598108,0.006761229314420804
0.7764750378214826,0.12358169440242057,0.09318267776096822,0.006760590015128593
0.7763070814030444,0.12404273423466011,0.09289023352557436,0.006759950836721188
0.7761913767019667,0.12424357034795765,0.09289901664145235,0.006666036308623298
0.7770212765957447,0.12359338061465722,0.09281323877068558,0.006572104018912529
0.7776832151300236,0.12364066193853428,0.09215130023640662,0.006524822695035461
0.7773943462229366,0.12399546185118654,0.09203933062305002,0.0065708613028268885
0.7777147717607031,0.12366506001323127,0.09191002740761743,0.0067101408184481615
0.7774784991966733,0.1236178055004253,0.09224080899725924,0.0066628863056421885
0.7773839901710613,0.12309800585955959,0.09290237217654286,0.006615631792836216
0.7782136105860114,0.12258979206049149,0.09267485822306239,0.006521739130434782
0.7782662128946871,0.12266023823028928,0.09269238041217621,0.006381168462847419
0.7775992438563327,0.12301512287334594,0.09295841209829868,0.006427221172022685
0.7777095341585561,0.1229802513464991,0.09279032410469622,0.006519890390248512
0.7776202627350912,0.12309800585955959,0.09290237217654286,0.006379359228806351
0.7775467775467776,0.12346437346437346,0.0926100926100926,0.006378756378756379
0.7776832955404384,0.12339380196523053,0.09249811035525321,0.006424792139077854
0.7786281179138322,0.12325207860922147,0.09174225245653816,0.006377551020408163
0.7773684707660338,0.1239727968262964,0.09218853310664021,0.006470199301029564
0.7775731822474032,0.12412653446647781,0.09173748819641171,0.006562795089707271
0.7769964130639985,0.12450443647347555,0.091797243722862,0.006701906739663961
0.7774263595166163,0.12471676737160121,0.0912953172205438,0.006561555891238671
0.777022562069291,0.12517700368167659,0.09123949778155385,0.006560936467478524
0.7776308956139937,0.12487606817430716,0.09107218733770832,0.0064208488739908405
0.7778669183577159,0.12487022180273714,0.09070316186880605,0.006559697970740915
0.7771698113207547,0.12528301886792453,0.09080188679245282,0.006745283018867925
0.7770965003301575,0.12527120083011037,0.09088765210829167,0.00674464673144043
0.7770965003301575,0.12489387793604377,0.0913121403641166,0.006697481369682105
0.776787398604037,0.12521222410865873,0.09130352763629504,0.006696849651009243
0.7769288813431428,0.12511790228258818,0.09130352763629504,0.0066496887379739675
0.7766669810431011,0.12515325851174197,0.09153069885881354,0.006649061586343488
0.7766459158649311,0.12511790228258818,0.09168081494057725,0.006555366911903415
0.776420655505777,0.1252534779533129,0.0918179674605046,0.006507899080405564
0.7766880422482082,0.12495284798189363,0.09185213127121841,0.006506978498679743
0.7767196266088351,0.1251237565414172,0.09165055867238697,0.0065060581773608035
0.7766463960778768,0.12497053693489842,0.09187762221279404,0.006505444774430774
0.7766624251849757,0.1248880720109336,0.09185164239596588,0.006597860408124794
0.7770343495264571,0.12491165245252792,0.09141026245111436,0.006643735569900579
0.7769821453808828,0.12484100438121261,0.09148725679559053,0.006689593442314034
0.7775316903067716,0.1248763017765421,0.09108901559775694,0.006502992318929362
0.7773012207192346,0.1253711646321346,0.0909647923834661,0.006362822265164727
0.7767356365178866,0.1257482207663666,0.09120045246736108,0.006315690248385728
0.7767827685346655,0.12588961681670358,0.09105905641702408,0.006268558231606731
0.777657317935423,0.12495875559745463,0.09120905020032996,0.0061748762667923635
0.7777987273155786,0.12491161913740279,0.0911619137402781,0.006127739806740514
0.7782909930715936,0.12456992034689164,0.09101192440024508,0.0061271621812697364
0.7781442910324678,0.12482917864379624,0.09085339993402762,0.006173130389708308
0.7779557985014843,0.12497054804203384,0.09094764619951934,0.006126007256962443
0.7779976442873969,0.1247585394581861,0.0910718492343934,0.006171967020023557
0.7779139369373615,0.1255596926992506,0.09058773624923411,0.0059386341141537445
0.7781705075639757,0.12564211320043359,0.09024930486827842,0.005938074367312314
0.7782856604307055,0.1256773950332218,0.09009942981009378,0.005937514725978983
0.7773693388001319,0.12630189924124605,0.09048494273999717,0.005843819218624817
0.7778930002356823,0.1257600754183361,0.09064341267970775,0.005703511666273863
0.7782491868194032,0.12558336868901146,0.09055767689624288,0.005609767595342478
0.7781862745098039,0.12584841628959276,0.09035633484162896,0.005608974358974359
0.7779768077684548,0.1261902517205619,0.09031771471669651,0.005515225794286792
0.777327553712778,0.12641349415755748,0.09055785902751602,0.005701093102148511
0.7772804372408594,0.12679042593290615,0.09027516019600453,0.005653976630229929
0.7768879257549347,0.12677250671314835,0.09063928016205776,0.005700287369859142
0.7765792076875971,0.1267605633802817,0.09096047859060719,0.005699750341513966
0.7760455915599096,0.1270723436322532,0.09118311981914091,0.005698944988696307
0.7769089453106599,0.12671345800555844,0.09081916246643743,0.005558434217344199
0.7760715967969855,0.12689590202543571,0.0915214319359397,0.00551106924163919
0.7764800075354401,0.1266895869636886,0.09127301841473179,0.0055573870861395
0.7763442885394105,0.1267539316319804,0.0912986156888596,0.005603164139749505
0.7761615591018218,0.12658287435861224,0.09160664689544791,0.005648919644118062
0.7752729668674698,0.1266472138554217,0.0923851656626506,0.005694653614457831
0.7747718076597346,0.12689376117436718,0.09254728521690035,0.005787145948997836
0.7742238946378175,0.127516462841016,0.09238005644402635,0.005879586077140169
0.7737171346597056,0.12765156859978363,0.09279902168289356,0.0058322750576172335
0.7734092084842215,0.12778065183652354,0.09297841320603865,0.005831726473216385
0.7735032685886282,0.12763956167991347,0.09307247331044538,0.005784696421013027
0.7741359040677169,0.12706324947096168,0.09301669409828356,0.005784152363037856
0.7743710322125559,0.12701622384199387,0.0928756172113802,0.005737126734070068
0.7738492641873149,0.1273684705439842,0.09299920071465513,0.005783064554045795
0.7738705279488506,0.12730948239386958,0.09303746885430868,0.005782520802971181
0.7736992997133054,0.1273675800159797,0.09305823189359402,0.0058748883771208345
0.7740450124512521,0.12704975802283514,0.09293802565427806,0.005967203871634638
0.7738783180643646,0.12680291284942447,0.09335212591026544,0.005966643175945502
0.7733314546052322,0.12690808322765487,0.09370156404114414,0.006058898125968719
0.7737754191518339,0.12708401822195087,0.09308223359789602,0.006058329028319166
0.7737754191518339,0.12722490959470248,0.09298830601606162,0.006011365237401963
0.7741723409250998,0.12679032636769194,0.09302653204977694,0.006010800657431322
0.7745010565860531,0.12683728574782813,0.09269781638882367,0.00596384127729514
0.7740951129054974,0.1270832355288484,0.09276559785925544,0.00605605370639876
0.7743040886260151,0.1270713045111017,0.09256912171994555,0.006055485142937614
0.7746280565072511,0.1268597174637443,0.09241094475993805,0.006101281269066504
0.7746703580310638,0.12730514757636902,0.09187743418891652,0.006147060203650697
0.7753483789236616,0.12701168301036925,0.09149345469900999,0.006146483366959133
0.775270885125944,0.12683521741169848,0.09165533092546554,0.0062385665368919745
0.7744946297077998,0.1271985366540031,0.09206885230523897,0.006237981332958116
0.7734840313276743,0.12793696946958683,0.09234160296393566,0.00623739623880317
0.7729788032264115,0.12816544738323016,0.09261864565747514,0.006237103732883136
0.7726782616848717,0.1282171487506446,0.09277577235010079,0.006328817214382823
0.7724694078484692,0.12846359416756528,0.09283135636926251,0.0062356416147029865
0.7720646824466838,0.1289430513241153,0.09266463557534568,0.006327630653855168
0.7717900656044986,0.12928772258669166,0.09254920337394565,0.006373008434864105
0.7725185115755928,0.12920611116318306,0.09199550098415972,0.0062798762770643925
0.7712666291924302,0.1298950721379052,0.09237399287989508,0.006464305789769534
0.7712265255467616,0.1299114878471409,0.09235236266566758,0.006509623940429916
0.7714459636636074,0.1296122869451208,0.09243303989511144,0.0065087094961603295
0.7713229098399026,0.12952907031176855,0.09254751427768936,0.006600505570639454
0.7715168250105302,0.12935835634389478,0.09247905648897833,0.006645762156596621
0.7721145745577085,0.12880277075727792,0.09253018814939623,0.006552466535617336
0.7717213306508212,0.12876058578580452,0.09287418705843821,0.006643896504936134
0.771347026622374,0.12894773780002808,0.09310812707621766,0.006597108501380246
0.7717132033113512,0.12894626069875123,0.09260558439736215,0.006734951592535429
0.7713604265070383,0.1287003694523687,0.09320488238320161,0.006734321657391386
0.7708459991582098,0.12893420006547257,0.09353224524154702,0.006687555534770612
0.77157289181984,0.12861886721855853,0.09321360086057714,0.006594640101024274
0.7712629167251134,0.12830223967830925,0.09374853883200075,0.006686304764576612
0.7717386220122551,0.12863089948079892,0.09317554609663689,0.006454932410309182
0.7709609539396773,0.12896890343698855,0.09352349777881692,0.006546644844517185
0.7710758872212091,0.12914387244587833,0.09323420769626409,0.006546032636648431
0.7701369734935253,0.12968070683932495,0.09359076247019775,0.006591557196951989
0.7701079590596812,0.1302519044725896,0.09295695658269851,0.006683179885030612
0.7690043451852544,0.13105639396346305,0.09316450964818015,0.006774751203102369
0.7682066613724483,0.13126547391040314,0.0937076657168216,0.006820199000326996
0.768019806605316,0.13159246975288458,0.09361423833325548,0.006773485308543934
0.7682317215603831,0.1313711749591217,0.09371642139686989,0.006680682083625321
0.768088187210986,0.13162688588911206,0.09355878368910271,0.006726143210799196
0.7681782094989026,0.1315088964647644,0.0935413066828562,0.00677158735347686
0.7676579057933803,0.13150646561785165,0.09392652070398208,0.0069091078847859574
0.7682898361268033,0.13100518231476727,0.09388860357626407,0.0068163779821653675
0.7688214702450409,0.13045507584597432,0.09381563593932322,0.006907817969661611
0.7689722766732008,0.1303089704097825,0.09381125735088211,0.006907495566134603
0.7694749124854142,0.13012835472578763,0.09358226371061844,0.006814469078179696
0.7694533912150493,0.1305606124258974,0.09326424870466321,0.006721747654390141
0.7690297288467821,0.13109628039389556,0.09310682783404116,0.006767162925281187
0.7694389993465882,0.13054233174647625,0.09334453467749464,0.0066741342294408664
0.769557505601195,0.13032113517550412,0.09353995519044063,0.006581404032860344
0.7703938771700579,0.12964345715885756,0.09333582228859436,0.0066268433824901996
0.7697187368813844,0.13018331078874948,0.09328793320583982,0.006810019124026307
0.7694926319716471,0.12996642417459428,0.09368587950009327,0.006855064353665361
0.7694101189088366,0.1299137328048496,0.09386803450687806,0.006808113779435766
0.7695751527304948,0.13001912045889102,0.09369024856596558,0.006715478244648603
0.768933034881552,0.1301995896288006,0.09419884349934714,0.006668531990300317
0.7694459988808058,0.13001305726543555,0.09391904495429958,0.006621898899459056
0.7690478410892474,0.13018744754266529,0.09414343001025832,0.006621281357828966
0.769241527201529,0.12983077711994778,0.09426133979767844,0.006666355880844716
0.7698297971555141,0.1296339473070646,0.09405455817206808,0.006481697365353229
0.7693634879925391,0.13010025647003964,0.09410118908836558,0.006435066449055724
0.7696684232616705,0.12992584992771533,0.09406333069066829,0.006342396119945903
0.7685638372255629,0.1307043303966811,0.09420593856337109,0.006525893814384934
0.7679511672335865,0.13065560784679187,0.09472997530403988,0.006663249615581753
0.767808059631959,0.13039832285115305,0.09508502212904729,0.0067085953878406705
0.7672209026128266,0.13059475571701365,0.09538447207861767,0.00679986959154208
0.7674007169793752,0.1305926719121002,0.0950696028679175,0.006937008240607104
0.7671711292200233,0.1311292200232829,0.09490104772991852,0.00679860302677532
0.7671398650221084,0.13148708401210146,0.09439143588550152,0.006981615080288574
0.7675803974496207,0.131102527109415,0.09433611020617118,0.006980965234793131
0.7675089580715715,0.13150914421331844,0.094001582204849,0.006980315510261063
0.7672514075659579,0.13172956121167,0.09403936531571355,0.006979665906658601
0.7671118142478247,0.1322414033781583,0.09371364757340282,0.006933134800614211
0.7672730656492812,0.13255478527892803,0.0932396594239985,0.006932489647792304
0.7675554935083065,0.13290520731537064,0.092745125413002,0.006794173763320769
0.7678130962907804,0.13273141899753338,0.09275375808628473,0.006701726625401406
0.7679136422855016,0.13284012655871952,0.09249953471058998,0.006746696445188907
0.7681462869905081,0.1324213660897078,0.0927321794155965,0.006700167504187605
0.7675630408486089,0.13273471666511585,0.09300269842746813,0.006699544058807109
0.7674526766196921,0.1324124459327473,0.09334449560485558,0.006790381842704991
0.7671952750778961,0.1325396456308422,0.09347532902385713,0.006789750267404548
0.7669347714910038,0.13236319680133898,0.09382119112929471,0.006880840578362546
0.7668634652038492,0.1324903537724885,0.0937659801961787,0.006880200827483613
0.7665489029378951,0.13271662328002976,0.09390107846783191,0.006833395314243213
0.7660315985130112,0.1325278810408922,0.09447026022304833,0.006970260223048327
0.7657745562680048,0.1325155654678933,0.09474026577455627,0.006969612489545581
0.7655995911350648,0.13306695163313664,0.09441063048831483,0.006922826743483715
0.7656787141131655,0.1330484065780916,0.09435101737433801,0.0069218619344049055
0.7658260182991965,0.13264595234777762,0.09456133017509637,0.006966699177929497
0.7655908985372649,0.1327141862084978,0.09468307406547481,0.00701184118876248
0.7663694622457509,0.13202377635367327,0.09468747097613077,0.006919290424445064
0.7665087768180552,0.13207021454444134,0.09454815640382651,0.006872852233676976
0.7664236965504434,0.13227169320766982,0.09438692604113469,0.0069176842007521245
0.766980825479363,0.1318538465109801,0.09429407121964808,0.0068712567900088214
0.7667239218234994,0.13198087368274453,0.0944245856738313,0.006870618819924795
0.7668198913497701,0.13223754469053256,0.09420996424757394,0.006732599712123323
