btrf_pt-O+,btrf_pt-A+,btrf_pt-B+,btrf_pt-AB+,btrf_pt-O-,btrf_pt-A-,btrf_pt-B-,btrf_pt-AB-
1.0,0.0,0.0,0.0,0.0,0.0,0.0,0.0
1.0,0.0,0.0,0.0,0.0,0.0,0.0,0.0
1.0,0.0,0.0,0.0,0.0,0.0,0.0,0.0
1.0,0.0,0.0,0.0,0.0,0.0,0.0,0.0
1.0,0.0,0.0,0.0,0.0,0.0,0.0,0.0
1.0,0.0,0.0,0.0,0.0,0.0,0.0,0.0
1.0,0.0,0.0,0.0,0.0,0.0,0.0,0.0
1.0,0.0,0.0,0.0,0.0,0.0,0.0,0.0
1.0,0.0,0.0,0.0,0.0,0.0,0.0,0.0
1.0,0.0,0.0,0.0,0.0,0.0,0.0,0.0
1.0,0.0,0.0,0.0,0.0,0.0,0.0,0.0
1.0,0.0,0.0,0.0,0.0,0.0,0.0,0.0
1.0,0.0,0.0,0.0,0.0,0.0,0.0,0.0
1.0,0.0,0.0,0.0,0.0,0.0,0.0,0.0
1.0,0.0,0.0,0.0,0.0,0.0,0.0,0.0
1.0,0.0,0.0,0.0,0.0,0.0,0.0,0.0
1.0,0.0,0.0,0.0,0.0,0.0,0.0,0.0
1.0,0.0,0.0,0.0,0.0,0.0,0.0,0.0
1.0,0.0,0.0,0.0,0.0,0.0,0.0,0.0
1.0,0.0,0.0,0.0,0.0,0.0,0.0,0.0
1.0,0.0,0.0,0.0,0.0,0.0,0.0,0.0
1.0,0.0,0.0,0.0,0.0,0.0,0.0,0.0
1.0,0.0,0.0,0.0,0.0,0.0,0.0,0.0
1.0,0.0,0.0,0.0,0.0,0.0,0.0,0.0
1.0,0.0,0.0,0.0,0.0,0.0,0.0,0.0
1.0,0.0,0.0,0.0,0.0,0.0,0.0,0.0
1.0,0.0,0.0,0.0,0.0,0.0,0.0,0.0
1.0,0.0,0.0,0.0,0.0,0.0,0.0,0.0
1.0,0.0,0.0,0.0,0.0,0.0,0.0,0.0
1.0,0.0,0.0,0.0,0.0,0.0,0.0,0.0
1.0,0.0,0.0,0.0,0.0,0.0,0.0,0.0
1.0,0.0,0.0,0.0,0.0,0.0,0.0,0.0
1.0,0.0,0.0,0.0,0.0,0.0,0.0,0.0
1.0,0.0,0.0,0.0,0.0,0.0,0.0,0.0
1.0,0.0,0.0,0.0,0.0,0.0,0.0,0.0
1.0,0.0,0.0,0.0,0.0,0.0,0.0,0.0
1.0,0.0,0.0,0.0,0.0,0.0,0.0,0.0
1.0,0.0,0.0,0.0,0.0,0.0,0.0,0.0
1.0,0.0,0.0,0.0,0.0,0.0,0.0,0.0
1.0,0.0,0.0,0.0,0.0,0.0,0.0,0.0
1.0,0.0,0.0,0.0,0.0,0.0,0.0,0.0
1.0,0.0,0.0,0.0,0.0,0.0,0.0,0.0
1.0,0.0,0.0,0.0,0.0,0.0,0.0,0.0
1.0,0.0,0.0,0.0,0.0,0.0,0.0,0.0
1.0,0.0,0.0,0.0,0.0,0.0,0.0,0.0
1.0,0.0,0.0,0.0,0.0,0.0,0.0,0.0
1.0,0.0,0.0,0.0,0.0,0.0,0.0,0.0
1.0,0.0,0.0,0.0,0.0,0.0,0.0,0.0
1.0,0.0,0.0,0.0,0.0,0.0,0.0,0.0
1.0,0.0,0.0,0.0,0.0,0.0,0.0,0.0
1.0,0.0,0.0,0.0,0.0,0.0,0.0,0.0
1.0,0.0,0.0,0.0,0.0,0.0,0.0,0.0
1.0,0.0,0.0,0.0,0.0,0.0,0.0,0.0
1.0,0.0,0.0,0.0,0.0,0.0,0.0,0.0
1.0,0.0,0.0,0.0,0.0,0.0,0.0,0.0
1.0,0.0,0.0,0.0,0.0,0.0,0.0,0.0
1.0,0.0,0.0,0.0,0.0,0.0,0.0,0.0
1.0,0.0,0.0,0.0,0.0,0.0,0.0,0.0
1.0,0.0,0.0,0.0,0.0,0.0,0.0,0.0
1.0,0.0,0.0,0.0,0.0,0.0,0.0,0.0
1.0,0.0,0.0,0.0,0.0,0.0,0.0,0.0
1.0,0.0,0.0,0.0,0.0,0.0,0.0,0.0
1.0,0.0,0.0,0.0,0.0,0.0,0.0,0.0
1.0,0.0,0.0,0.0,0.0,0.0,0.0,0.0
1.0,0.0,0.0,0.0,0.0,0.0,0.0,0.0
1.0,0.0,0.0,0.0,0.0,0.0,0.0,0.0
1.0,0.0,0.0,0.0,0.0,0.0,0.0,0.0
1.0,0.0,0.0,0.0,0.0,0.0,0.0,0.0
1.0,0.0,0.0,0.0,0.0,0.0,0.0,0.0
1.0,0.0,0.0,0.0,0.0,0.0,0.0,0.0
1.0,0.0,0.0,0.0,0.0,0.0,0.0,0.0
1.0,0.0,0.0,0.0,0.0,0.0,0.0,0.0
1.0,0.0,0.0,0.0,0.0,0.0,0.0,0.0
1.0,0.0,0.0,0.0,0.0,0.0,0.0,0.0
1.0,0.0,0.0,0.0,0.0,0.0,0.0,0.0
1.0,0.0,0.0,0.0,0.0,0.0,0.0,0.0
1.0,0.0,0.0,0.0,0.0,0.0,0.0,0.0
1.0,0.0,0.0,0.0,0.0,0.0,0.0,0.0
1.0,0.0,0.0,0.0,0.0,0.0,0.0,0.0
1.0,0.0,0.0,0.0,0.0,0.0,0.0,0.0
1.0,0.0,0.0,0.0,0.0,0.0,0.0,0.0
1.0,0.0,0.0,0.0,0.0,0.0,0.0,0.0
1.0,0.0,0.0,0.0,0.0,0.0,0.0,0.0
1.0,0.0,0.0,0.0,0.0,0.0,0.0,0.0
1.0,0.0,0.0,0.0,0.0,0.0,0.0,0.0
1.0,0.0,0.0,0.0,0.0,0.0,0.0,0.0
1.0,0.0,0.0,0.0,0.0,0.0,0.0,0.0
1.0,0.0,0.0,0.0,0.0,0.0,0.0,0.0
1.0,0.0,0.0,0.0,0.0,0.0,0.0,0.0
1.0,0.0,0.0,0.0,0.0,0.0,0.0,0.0
1.0,0.0,0.0,0.0,0.0,0.0,0.0,0.0
1.0,0.0,0.0,0.0,0.0,0.0,0.0,0.0
1.0,0.0,0.0,0.0,0.0,0.0,0.0,0.0
1.0,0.0,0.0,0.0,0.0,0.0,0.0,0.0
1.0,0.0,0.0,0.0,0.0,0.0,0.0,0.0
1.0,0.0,0.0,0.0,0.0,0.0,0.0,0.0
1.0,0.0,0.0,0.0,0.0,0.0,0.0,0.0
1.0,0.0,0.0,0.0,0.0,0.0,0.0,0.0
1.0,0.0,0.0,0.0,0.0,0.0,0.0,0.0
1.0,0.0,0.0,0.0,0.0,0.0,0.0,0.0
0.986741206154455,0.013258793845544946,0.0,0.0,0.0,0.0,0.0,0.0
0.9734368816778789,0.026563118322121094,0.0,0.0,0.0,0.0,0.0,0.0
0.9601839944603818,0.039816005539618164,0.0,0.0,0.0,0.0,0.0,0.0
0.9469337289812068,0.03981206726013848,0.013254203758654798,0.0,0.0,0.0,0.0,0.0
0.9336860844624666,0.03980812975966769,0.026505785777865692,0.0,0.0,0.0,0.0,0.0
0.9204410601265823,0.03980419303797468,0.039754746835443035,0.0,0.0,0.0,0.0,0.0
0.9204489271235043,0.039800257094828435,0.03975081578166716,0.0,0.0,0.0,0.0,0.0
0.9204567925647618,0.03984575835475578,0.0396974490804825,0.0,0.0,0.0,0.0,0.0
0.9205180169047501,0.03979042064158964,0.03969156245366023,0.0,0.0,0.0,0.0,0.0
0.920525873572876,0.03978648742153907,0.03968763900558493,0.0,0.0,0.0,0.0,0.0
0.9204882387823681,0.0398300059300257,0.039681755287606243,0.0,0.0,0.0,0.0,0.0
0.9204960964522186,0.03982606976974009,0.03967783377804131,0.0,0.0,0.0,0.0,0.0
0.92050395256917,0.03982213438735178,0.03967391304347826,0.0,0.0,0.0,0.0,0.0
0.920466334041397,0.039816232771822356,0.039717433186780615,0.0,0.0,0.0,0.0,0.0
0.9203299417168823,0.039909117850439595,0.03976094043267806,0.0,0.0,0.0,0.0,0.0
0.9203378111418412,0.039905175819834056,0.039757013038324775,0.0,0.0,0.0,0.0,0.0
0.9203989926423386,0.039899264233864994,0.03970174312379635,0.0,0.0,0.0,0.0,0.0
0.9204068533056831,0.039895324149508714,0.03969782254480818,0.0,0.0,0.0,0.0,0.0
0.9203653418908911,0.039891384843248584,0.03974327326586028,0.0,0.0,0.0,0.0,0.0
0.9202251073702917,0.03988744631485412,0.03988744631485412,0.0,0.0,0.0,0.0,0.0
0.9195912927587738,0.04042647712127943,0.03998223011994669,0.0,0.0,0.0,0.0,0.0
0.9186614678446277,0.041310892848329304,0.04002763930704309,0.0,0.0,0.0,0.0,0.0
0.9170902630410107,0.04283669742881113,0.040073039530178156,0.0,0.0,0.0,0.0,0.0
0.9147791759190723,0.04460893165556378,0.04061189242536393,0.0,0.0,0.0,0.0,0.0
0.9122391593902619,0.04597701149425287,0.041685166000690645,9.866311479453407e-05,0.0,0.0,0.0,0.0
0.9089608916506386,0.047590866498989005,0.04325097400996203,0.0001972678404103171,0.0,0.0,0.0,0.0
0.9057478063689244,0.04914719510992803,0.04471063787833974,0.0003450655624568668,4.929508035098097e-05,0.0,0.0,0.0
0.9026409144659047,0.05084745762711865,0.045920378399684665,0.0005419787150177374,4.927079227433977e-05,0.0,0.0,0.0
0.8997044334975369,0.05236453201970443,0.04729064039408867,0.0005911330049261083,4.926108374384237e-05,0.0,0.0,0.0
0.8966756956414677,0.053385865550357056,0.049199704506279245,0.0006402363949766067,9.849790691947795e-05,0.0,0.0,0.0
0.8933792763967512,0.054787103125769135,0.05079990155057839,0.0007383706620723603,0.0002953482648289441,0.0,0.0,0.0
0.8901244894946613,0.056536928603060574,0.052059243221965264,0.0007872853417310436,0.0004920533385819023,0.0,0.0,0.0
0.8862708446062275,0.05878301933198878,0.05351960253824586,0.0008362437896600915,0.0005902897338777117,0.0,0.0,0.0
0.8819249864818365,0.06105294204394632,0.05515410706385489,0.000983139163348572,0.0008848252470137148,0.0,0.0,0.0
0.877751572327044,0.06269654088050315,0.057439072327044025,0.0010809748427672956,0.0010318396226415094,0.0,0.0,0.0
0.8734413352970054,0.06460481099656358,0.0593519882179676,0.0013745704467353953,0.0012272950417280314,0.0,0.0,0.0
0.8691001864390148,0.06682366794230203,0.06118143459915612,0.0015700127563536453,0.0013246982631733883,0.0,0.0,0.0
0.8640329379472601,0.06945397510048035,0.06308205077933536,0.0019115772963434958,0.0015194588765807273,0.0,0.0,0.0
0.8594239811912225,0.07170846394984326,0.06504702194357367,0.002106191222570533,0.0017143416927899687,0.0,0.0,0.0
0.8557160342717258,0.07334149326805385,0.06682986536107711,0.002105263157894737,0.00200734394124847,0.0,0.0,0.0
0.8516978177903904,0.07515412466973286,0.06859771014776397,0.0022017809961835796,0.0023485663959291517,0.0,0.0,0.0
0.8485085574572128,0.07594132029339853,0.07051344743276283,0.0022493887530562347,0.002787286063569682,0.0,0.0,0.0
0.8465373148917452,0.07604711402179756,0.07189286936122379,0.0022481794633693367,0.003274522261864034,0.0,0.0,0.0
0.8446616173955533,0.07627656975323724,0.07349132665526509,0.002296603957977034,0.003273882237967261,0.0,0.0,0.0
0.8427580818439301,0.07676530911221799,0.07442133020802813,0.0023439789041898623,0.0037112999316339487,0.0,0.0,0.0
0.8411365522628521,0.0775765268759459,0.07508665722794512,0.002343406727530147,0.0038568569057267003,0.0,0.0,0.0
0.8397091831755635,0.07816922025958817,0.07553430272274812,0.002342148921635601,0.004245144920464526,0.0,0.0,0.0
0.8388623280320031,0.07873938920870328,0.07576348912088984,0.0023416918723777927,0.004293101766025954,0.0,0.0,0.0
0.8374225647529389,0.07975220720940442,0.07619140529730258,0.002341349202477928,0.004292473537876201,0.0,0.0,0.0
0.8362758486149044,0.08042333203277409,0.07666796722590714,0.0023410066328521262,0.004291845493562232,0.0,0.0,0.0
0.8346418296191545,0.08148437119032526,0.07724191739406057,0.002340664163456381,0.004291217633003365,0.0,0.0,0.0
0.8333983422720624,0.08220380302291565,0.07776694295465626,0.002340321794246709,0.004290589956118966,0.0,0.0,0.0
0.8320089699215132,0.08297177399697753,0.07834056452006045,0.0023399795251791548,0.0042899624628284505,0.0,4.874957344123239e-05,0.0
0.8307174887892377,0.08378826281926302,0.07876779099239618,0.0023396373562097877,0.004338077597972314,0.0,4.8742444921037236e-05,0.0
0.828728743361107,0.08483165229254983,0.07956926375286265,0.0024362909905959167,0.00438532378307265,0.0,4.8725819811918335e-05,0.0
0.8263178407872942,0.08613465848192536,0.08062944558121407,0.002435934911819156,0.004433401539510864,0.0,4.8718698236383124e-05,0.0
0.8240050660041892,0.08738857226362706,0.08164060597203955,0.0024355789371133516,0.004481465244288567,0.0,4.8711578742267036e-05,0.0
0.8215816127775614,0.08852746396571874,0.08278145695364239,0.002532138683287885,0.004528632645111025,0.0,4.869497467861317e-05,0.0
0.8187040553040261,0.08996640864612239,0.08412443405871184,0.0025802054427729905,0.004527530305243172,4.868312156175454e-05,4.868312156175454e-05,0.0
0.8158150851581508,0.09124087591240876,0.08554744525547445,0.0027250608272506084,0.0045742092457420926,4.8661800486618005e-05,4.8661800486618005e-05,0.0
0.8133664088720268,0.09246558684760932,0.08658008658008658,0.002869789386643319,0.004620847317476531,4.864049807870033e-05,4.864049807870033e-05,0.0
0.8103087770483832,0.09428640894724045,0.08772185752492098,0.0029662047167517626,0.0046194991490396305,4.862630683199611e-05,4.862630683199611e-05,0.0
0.8064829664188171,0.09622393934975944,0.08927443261894348,0.003110268746658891,0.004811196967487972,4.8597949166545175e-05,4.8597949166545175e-05,0.0
0.8033615078208491,0.09729913533469348,0.09117847080540173,0.003303215777713009,0.004760516856115807,4.85767026134266e-05,4.85767026134266e-05,0.0
0.8008836667314042,0.09817440279665955,0.0925422412118858,0.0034472713148184114,0.004855311711011847,4.855311711011847e-05,4.855311711011847e-05,0.0
0.7983107616135139,0.09965535653609048,0.09353914858502015,0.0034949759720401923,0.004854133294500267,4.854133294500267e-05,9.708266589000534e-05,0.0
0.7954975498520208,0.10130512832953277,0.09441560331861627,0.0035903158507593035,0.005045849303769832,4.8517781767017614e-05,9.703556353403523e-05,0.0
0.7928225024248302,0.1026188166828322,0.09553831231813772,0.0036857419980601356,0.00518913676042677,4.8496605237633365e-05,9.699321047526673e-05,0.0
0.7898817600310137,0.1038961038961039,0.09672417135103702,0.0038767202946307423,0.0054758674161659235,4.845900368288428e-05,9.691800736576855e-05,0.0
0.787115524340034,0.10525550980867038,0.09789295228868976,0.003971906030515863,0.005570356018406394,4.843787842092516e-05,0.00014531363526277548,0.0
0.7846630518977536,0.10640975987606506,0.09880906274206042,0.004018202943454686,0.0058578621223857475,4.841208365608056e-05,0.00019364833462432224,0.0
0.7820909970958374,0.1079380445304937,0.09975798644724104,0.0040174249757986445,0.0059535333978702806,4.84027105517909e-05,0.0001936108422071636,0.0
0.7795626088639442,0.10920263208825237,0.10083220437391135,0.0041126378943293984,0.005999612928198181,9.676795045480937e-05,0.00019353590090961874,0.0
0.7776112185686653,0.10971953578336557,0.10193423597678916,0.00425531914893617,0.006189555125725338,9.671179883945841e-05,0.00019342359767891682,0.0
0.7752961082910321,0.11094996374184192,0.10287648054145516,0.004254290548706793,0.006333091612279429,9.668842156151801e-05,0.00019337684312303603,0.0
0.7740781906925047,0.11172860387570677,0.10307833566906684,0.004252645822258735,0.006523945295510559,0.00014497656212245687,0.0001933020828299425,0.0
0.7723518330676713,0.11239916920253104,0.1038496836207313,0.004395498236970488,0.006617398444669855,0.00014490653528474135,0.00024151089214123557,0.0
0.7716714154633699,0.11290867822475491,0.10392620852851693,0.00439464915246052,0.006712705848263872,0.00014487854348770946,0.00024146423914618245,0.0
0.7705345501955672,0.11391182577623256,0.10401274808054468,0.004394224733207784,0.006760345743396591,0.00014486455164421265,0.0002414409194070211,0.0
0.7690450902771073,0.11470503041421261,0.10461523607222169,0.004441440571594091,0.0067587139132953555,0.00014482958385632905,0.0002896591677126581,0.0
0.7689448788493097,0.11458635003378705,0.1047398397528719,0.0044405830678636935,0.006853943430833092,0.0001448016217781639,0.0002896032435563278,0.0
0.7689635205558772,0.11402238950009651,0.10519204786720711,0.004535803898861224,0.006851959081258444,0.00014475969889982628,0.00028951939779965256,0.0
0.7696314875554698,0.113254871695929,0.10510322207215898,0.004630522863206637,0.006945784294809956,0.0001447038394752074,0.0002894076789504148,0.0
0.7707740535326743,0.11261152640462985,0.10460573908849771,0.004678080540149505,0.006896551724137931,0.00014468290330359296,0.0002893658066071859,0.0
0.773218246696885,0.11211302922171859,0.1026135596489536,0.0047256244575176005,0.006895554055357315,0.0001446619731893143,0.0002893239463786286,0.0
0.7761172443715952,0.11145928747047197,0.10032300053029938,0.0047726944029311096,0.006893891915344935,0.00014462710311912452,0.00028925420623824905,0.0
0.7786612693364175,0.11054888921015854,0.09854946749554239,0.00491542576261385,0.006891234157390005,0.00014457134595923088,0.00028914269191846175,0.0
0.7796781653497784,0.1106186163037194,0.09741761418385045,0.004962420504914242,0.006889574099055695,0.00014453651956060899,0.00028907303912121797,0.0
0.7798487694456485,0.11140008669267447,0.09632519385445264,0.005057072677358763,0.006887251360593363,0.00014448779078167894,0.0003371381784905842,0.0
0.7799335612151558,0.11140532473159694,0.09604737374223678,0.005103268980790525,0.007029030860334119,0.00014443214096576958,0.000337008328920129,0.0
0.7823073590990037,0.10906290609808923,0.09592337681089666,0.005198055542186071,0.007027001010733022,0.00014439043172739086,0.000336911007363912,0.0
0.7849684838569985,0.10619256122792667,0.09599191647019198,0.00524467112543906,0.0071212048308713855,0.00014434874657171727,0.0003368137420006736,0.0
0.787552306286374,0.10316964070992256,0.0962435669279977,0.005338848540233755,0.007214660189505074,0.00014429320379010148,0.00033668414217690346,0.0
0.7895369524450642,0.10169736019618214,0.09563879405683512,0.005433475982112804,0.007164494879069097,0.00019233543299514353,0.0003365870077415012,0.0
0.7914924297043979,0.10146599375150205,0.09372746935832732,0.0055275174236962266,0.0072578707041576545,0.0001922614756068253,0.00033645758231194424,0.0
0.792984142239308,0.10211436809226333,0.09149447381066794,0.00557424315233061,0.007304180682364248,0.00019221528111484863,0.0003363767419509851,0.0
0.7935524166426444,0.10228692226386087,0.09070817718843087,0.0056212164889017004,0.007302776977034688,0.00019217834150091285,0.00033631209762659747,0.0
0.7919008502666091,0.10308882163616276,0.09151174520824326,0.005620406398616515,0.007349762213575443,0.00019215064610654753,0.0003362636306864582,0.0
0.7892133320526367,0.10431274613389684,0.09288252809528383,0.005667082893093843,0.007396023436749592,0.00019210450485063874,0.0003361828834886178,0.0
0.7871615133474169,0.10509890531976186,0.09396005377376608,0.0056654503552909545,0.007585942001152295,0.00019204916458613405,0.0003360860380257346,0.0
0.7851691864650828,0.10640748740100792,0.09445644348452124,0.005711543076553876,0.0077273818094552435,0.0001919846412287017,0.00033597312215022796,0.0
0.7826775431861804,0.10772552783109406,0.095489443378119,0.005710172744721689,0.007869481765834933,0.00019193857965451057,0.0003358925143953935,0.0
0.7804796163069544,0.1091127098321343,0.09611510791366906,0.005899280575539568,0.007865707434052759,0.00019184652278177457,0.0003357314148681055,0.0
0.7784967884191353,0.10972102387115329,0.09716230466877576,0.0060396893874029335,0.00805291918320391,0.00019173617102866456,0.00033553829930016297,0.0
0.7767288062491015,0.11041357166818422,0.09814539703838597,0.006086164757751473,0.008098912157952748,0.0001916902285905976,0.0003354579000335458,0.0
0.774652611403929,0.11183517010062291,0.09880210828941063,0.006133205558217537,0.008049832295160517,0.00019166267369429804,0.0003354096789650216,0.0
0.7735134876143932,0.11216520530880168,0.09965981505438168,0.006132911695654257,0.008001533227923914,0.00019165349048919553,0.0003353936083560922,0.0
0.7725835808027589,0.11289395535970878,0.09977009292077785,0.006274547370437781,0.007950953156432608,0.0001915892326851231,0.0003352811571989654,0.0
0.7721373497437862,0.11311718787414396,0.09994732053062592,0.006273645898184953,0.00794981083281452,0.00019156170681480772,0.00038312341362961545,0.0
0.7720936916223595,0.11313886094745414,0.10015806868802989,0.006179048713895675,0.007855534799061167,0.0001915984097331992,0.0003831968194663984,0.0
0.77151889639316,0.11361785697178714,0.1003975667001964,0.006226948316328975,0.007663936389327969,0.0001915984097331992,0.0003831968194663984,0.0
0.7711945588657917,0.11433087460484721,0.10010537407797682,0.006274547370437781,0.007471980074719801,0.0001915892326851231,0.00043107577354152695,0.0
0.7720239520958084,0.11353293413173653,0.10021556886227545,0.006227544910179641,0.0073772455089820355,0.00019161676646706587,0.0004311377245508982,0.0
0.7725879084027978,0.11291558877071955,0.10041199578422919,0.006227843249976047,0.00723387946727987,0.00019162594615310913,0.00043115837884449555,0.0
0.7743063874646605,0.11198428290766209,0.09990895586755474,0.006181417413388279,0.0069481048445062055,0.00019167185777948153,0.0004791796444487038,0.0
0.7749772389668886,0.11198428290766209,0.09938185825866117,0.006181417413388279,0.006804350951171594,0.00019167185777948153,0.0004791796444487038,0.0
0.7753821091466628,0.11197355181831249,0.09903694121029179,0.0062766518135211535,0.006659958794499545,0.00019165349048919553,0.00047913372622298883,0.0
0.7761594480643925,0.11153698735147566,0.09869681870448448,0.006276351092372556,0.006659639708700651,0.00019164430816404754,0.0004791107704101188,0.0
0.7767715969527095,0.1115423314647118,0.09812658713046811,0.006228738440898855,0.006659958794499545,0.00019165349048919553,0.00047913372622298883,0.0
0.7775808383233533,0.11118562874251497,0.09762874251497006,0.006227544910179641,0.006706586826347305,0.00019161676646706587,0.00047904191616766467,0.0
0.7787517363605883,0.11064808162092254,0.0969487953249988,0.006179048713895675,0.006801743545528572,0.0001915984097331992,0.00047899602433299805,0.0
0.7794864424643096,0.11090351633611191,0.09605250550924595,0.006036217303822937,0.006850627574973652,0.00019162594615310913,0.00047906486538277284,0.0
0.7792568473472515,0.11128136372342463,0.09567132733192875,0.0061290940432867265,0.006895230798697568,0.0001915341888527102,0.0005746025665581306,0.0
0.7798314499138096,0.11099406244014556,0.09547979314307604,0.0061290940432867265,0.006799463704271212,0.0001915341888527102,0.0005746025665581306,0.0
0.7807307379207968,0.1103768615620361,0.09538859359287459,0.006129387540104391,0.006560360101517981,0.00023942920078532778,0.0005746300818847866,0.0
0.7817589576547231,0.1101264610078559,0.09494155968576355,0.00598773711438973,0.006370952289710672,0.00023950948457558918,0.0005748227629814141,0.0
0.7820838323353293,0.10998802395209581,0.0948502994011976,0.0059401197604790415,0.006323353293413173,0.00023952095808383233,0.0005748502994011976,0.0
0.7823461759631972,0.11002491853555683,0.09488211615871191,0.005798351543032394,0.006133793367835921,0.00023960130343109068,0.0005750431282346176,0.0
0.7828253785700594,0.10988115775349817,0.09454667433390837,0.005702511021659958,0.006229633889208357,0.00023960130343109068,0.0005750431282346176,0.0
0.7828669988501341,0.10981218857799924,0.09443273284783442,0.005653507090839402,0.006420084323495592,0.0002395553852050594,0.0005749329244921426,0.0
0.7832958191657488,0.10957329629807001,0.0940089076193669,0.005746851204444231,0.006513098031703462,0.00028734256022221156,0.0005746851204444231,0.0
0.7829022988505747,0.10943486590038314,0.0946360153256705,0.005699233716475096,0.00646551724137931,0.00028735632183908046,0.0005747126436781609,0.0
0.7817946753495499,0.11075464470407968,0.09442635510438613,0.005793909212794484,0.006416395326565792,0.0002873012832790653,0.0005267190193449531,0.0
0.7812200727829918,0.11161654855391688,0.09418693736832025,0.005746025665581306,0.006416395326565792,0.0002873012832790653,0.0005267190193449531,0.0
0.7806396016851781,0.1120260436614324,0.09431252393718882,0.005792799693603983,0.006367292225201072,0.00028724626579854464,0.0005744925315970893,0.0
0.7797989468645284,0.11249401627573001,0.09468645284825275,0.005792245093346099,0.00636668262326472,0.0002872187649593107,0.0005744375299186214,0.0
0.77917663954045,0.11239827668741025,0.0955002393489708,0.005792245093346099,0.00627094303494495,0.0002872187649593107,0.0005744375299186214,0.0
0.7788254439285885,0.11243000047862921,0.09577370411142488,0.005791413392045182,0.006365768439190159,0.0002871775235724884,0.0005264921265495621,0.0
0.7778841092875257,0.1129240633523135,0.0961290013876262,0.005885449064548543,0.006363940858414278,0.0002870950763194411,0.0005263409732523087,0.0
0.7774216694570677,0.11313082994498924,0.09634058837598661,0.006027266204257355,0.006170772542453958,0.00028701267639320735,0.0005740253527864147,4.783544606553456e-05
0.7767840061220586,0.11349722594222307,0.09661373636885402,0.006074229959823991,0.00612205854218481,0.00028697149416491294,0.0005739429883298259,4.7828582360818826e-05
0.7757268553940322,0.11414498852333588,0.09692999234889059,0.0060730680948737565,0.006216526396327467,0.0002869166029074216,0.0005738332058148432,4.7819433817903595e-05
0.7756683085457414,0.11434173401558988,0.09693462770790492,0.00607335851943953,0.006121180240065038,0.00028693032375304864,0.0005260389268805891,4.782172062550811e-05
0.7752916427615223,0.11460126219162364,0.09695926563396443,0.006071906674316313,0.006167527251864601,0.00028686173264486515,0.0005737234652897303,4.7810288774144196e-05
0.7761472275334608,0.1141491395793499,0.0965583173996176,0.006166347992351816,0.00607074569789675,0.0002868068833652008,0.0005736137667304016,4.780114722753346e-05
0.7760409197380372,0.11463263062287872,0.09637171948945934,0.006166642764950523,0.005879822171231895,0.000286820593718629,0.000573641187437258,4.780343228643817e-05
0.7771403986806252,0.1141067928677279,0.09584588173430852,0.006166642764950523,0.0058320187389454565,0.000286820593718629,0.000573641187437258,4.780343228643817e-05
0.7774856596558317,0.11381453154875718,0.09584130019120458,0.006166347992351816,0.0057361376673040155,0.0003346080305927342,0.0005736137667304016,4.780114722753346e-05
0.7781282860147214,0.11366026192524616,0.09540196921900392,0.006213555109454163,0.005687792754038811,0.00028677946659019213,0.0005735589331803843,4.7796577765032026e-05
0.779291553133515,0.11286390362828051,0.0951766336822984,0.0061188393326640856,0.0056886084420861415,0.00023901716143219084,0.000573641187437258,4.780343228643817e-05
0.780529788658315,0.11255618246150904,0.09452997991775844,0.006072487329061872,0.005450894137898059,0.0002390743042937745,0.0005737783303050589,4.78148608587549e-05
0.7807570977917981,0.1120829748590001,0.09454163081923335,0.0061657585316891314,0.005592199598508747,0.00023898288882516012,0.0005735589331803843,4.7796577765032026e-05
0.7811335181114403,0.11210933766606136,0.09409347223549651,0.006212367389849947,0.005543343209404568,0.00023893720730192106,0.0006212367389849948,4.7787441460384214e-05
0.7813500214971576,0.11197630535518081,0.09382315005016004,0.006258061434099269,0.005684803898151245,0.00023885730664501028,0.0006210289972770267,4.777146132900205e-05
0.7815724111578143,0.1119124952235384,0.09366641192204815,0.006304929308368361,0.005636224684753535,0.0002388230798624379,0.0006209400076423385,4.776461597248758e-05
0.7811858009650757,0.11246476518083226,0.0935932349147198,0.006067555300750083,0.005780899144809135,0.0002388801299507907,0.0006210883378720559,4.777602599015814e-05
0.782103955665966,0.11202942862602713,0.093158799923562,0.006019491687368622,0.005828396713166444,0.00019109497420217848,0.0006210586661570801,4.777374355054462e-05
0.7819918796274182,0.11210890852639122,0.09324098399808932,0.006066395987580606,0.005732027704800574,0.0002388344877000239,0.0005732027704800573,4.776689754000478e-05
0.7831072042805274,0.11198165488247659,0.09244219377030384,0.006019491687368622,0.005637301738964266,0.0002388687177527231,0.0005255111790559908,4.777374355054462e-05
0.7823220258002866,0.11285236502627807,0.09245102723363594,0.005924510272336359,0.005637840420449116,0.00023889154323936931,0.0005255613951266125,4.777830864787386e-05
0.7819441127298782,0.11292094578457129,0.09266778122760927,0.005923095294960592,0.005684260807260568,0.0002388344877000239,0.0005732027704800573,4.776689754000478e-05
0.7825796284800153,0.11279308533498877,0.09206819158588415,0.00596915142543336,0.005730385368416026,0.00023876605701733441,0.0005730385368416026,4.7753211403466884e-05
0.7831630216789227,0.11231019004870595,0.09196829338172094,0.0059211154617515045,0.005777862668322032,0.00023875465571578645,0.0005730111737178875,4.775093114315729e-05
0.7836843864928118,0.11195491235611597,0.09199025648373693,0.00577924248937288,0.005731480154749964,0.00023881167311458183,0.0005731480154749964,4.7762334622916366e-05
0.7831215970961888,0.11257044607889961,0.09193810297067533,0.005731206418951189,0.005731206418951189,0.0002865603209475595,0.000573120641895119,4.776005349125991e-05
0.7828765160920638,0.11259669563556489,0.09211154617515041,0.005777862668322032,0.005730111737178875,0.00028650558685894376,0.0005730111737178875,4.775093114315729e-05
0.7826647564469914,0.11260744985673353,0.09240687679083094,0.0056829035339063996,0.0056829035339063996,0.00028653295128939826,0.0006208213944603629,4.775549188156638e-05
0.782095965624254,0.11272380042969682,0.09276677011219861,0.005729291000238721,0.005729291000238721,0.000286464550011936,0.000620673191692528,4.7744091668656006e-05
0.7824883032559916,0.11262293516661892,0.0925236321970782,0.005729017473503294,0.005729017473503294,0.0002864508736751647,0.0005729017473503294,4.774181227919412e-05
0.7822164948453608,0.11254295532646048,0.09278350515463918,0.005822833142420772,0.0057273768613974796,0.000286368843069874,0.000572737686139748,4.772814051164567e-05
0.7820463873246158,0.11291400209983773,0.09258375489166747,0.005822277369475995,0.0056791066144888805,0.00033406509496993413,0.0005726830199484585,4.7723584995704876e-05
0.7820402710182269,0.1127970226166619,0.09261379902662467,0.005821166141807424,0.005725737188663041,0.00033400133600534405,0.000620288195438496,4.7714476572192006e-05
0.7812082458484444,0.11342813514029394,0.09300439015079214,0.005821721702615003,0.005535407520519183,0.0003340332124451231,0.0006203473945409429,4.77190303493033e-05
0.7809696506966979,0.11366673029204047,0.09309982821149074,0.005821721702615003,0.005439969459820577,0.0003340332124451231,0.0006203473945409429,4.77190303493033e-05
0.7811291939101799,0.11344437550708729,0.09330406147091108,0.005727103517396077,0.005345296616236338,0.00038180690115973846,0.000620436214384575,4.772586264496731e-05
0.7803388212837031,0.11381531853972798,0.09372464805535671,0.00572655690765927,0.005344786447148652,0.000381770460510618,0.0006203769983297542,4.772130756382725e-05
0.7803539907447163,0.11387815466819332,0.09350698917036401,0.0057726253518439,0.0054386718190926,0.00038166118028720004,0.0006201994179667001,4.7707647535900004e-05
0.7806820891962795,0.11333174338182686,0.09363224421655139,0.00577152396851896,0.005533031242547102,0.00042928690674934414,0.0005723825423324589,4.769854519437157e-05
0.7807239257952215,0.11335781391578044,0.09351900424436073,0.005818112451714435,0.005484286327435739,0.00042920501692975344,0.0006199628022318661,4.768944632552816e-05
0.7806494683133851,0.11310857851318487,0.09389156454150971,0.00586524247770731,0.005388393495779887,0.0004768489819274236,0.0005722187783129083,4.7684898192742357e-05
0.7807285210260322,0.11328311242490703,0.09363974444550396,0.005912081624868885,0.005292266615810051,0.00047678077619910363,0.0006198150090588348,4.7678077619910363e-05
0.7808121246782956,0.11281098084072062,0.09389000095319798,0.0060528071680488035,0.0052425888857115625,0.00047659898961014205,0.0006672385854541988,4.76598989610142e-05
0.7814421198112758,0.11299623504741933,0.09307534670924081,0.006004861078015536,0.00524233903636277,0.000524233903636277,0.0006672067864461707,4.7657627603297905e-05
0.7817488682392185,0.11298546580891113,0.0927329044555635,0.005956635692161067,0.005384798665713605,0.0004765308553728854,0.0006671431975220396,4.765308553728854e-05
0.7824367465573927,0.11335588697765284,0.09167579930433126,0.0059560680421213135,0.005336636965740696,0.0005241339877066755,0.000667079620717587,4.7648544336970506e-05
0.782065942443301,0.11363636363636363,0.09181437011625691,0.00595578425767105,0.005288736420811893,0.0005241090146750524,0.0006670478368591576,4.76462740613684e-05
0.781912612569686,0.11354648115500071,0.09215228474770096,0.005908419497784343,0.005241339877066755,0.0005241339877066755,0.000667079620717587,4.7648544336970506e-05
0.7819706498951782,0.11373165618448637,0.09190966266437965,0.005860491709548313,0.005241090146750524,0.0005241090146750524,0.000714694110920526,4.76462740613684e-05
0.7825776338350162,0.11359306534578015,0.09130310535340065,0.006001143074871404,0.00523909316060202,0.0005239093160602019,0.0007144217946275481,4.7628119641836543e-05
0.7824969050566613,0.11337015522331206,0.09141986477478335,0.0059518141129416245,0.005428054471002762,0.000523759641938863,0.0007618322064565279,4.7614512903532995e-05
0.7825072608674951,0.11355520639908584,0.09127267533209542,0.005951530733704709,0.005332571537399419,0.0005237347045660143,0.0008094081797838404,4.761224586963767e-05
0.781971348341345,0.11355956403788492,0.09166627004902195,0.006044452905620865,0.005330541145114464,0.0005711294084051211,0.0008090999952405883,4.7594117367093426e-05
0.7817809718718767,0.11351196992051782,0.0919042406358574,0.005996858788253772,0.005378135262481557,0.0005711294084051211,0.0008090999952405883,4.7594117367093426e-05
0.7819176778491553,0.11325243873423745,0.09198191767784916,0.0059957173447537475,0.00542469664525339,0.0005710206995003569,0.0008089459909588389,4.758505829169641e-05
0.7823148676946506,0.11307824100513993,0.09189986674281363,0.005901389682086427,0.005377879307062631,0.0005711022272986865,0.0008090614886731392,4.759185227489054e-05
0.7820024745407823,0.11340059008280194,0.09189112020557723,0.005853240696678405,0.0053773674693061765,0.0005710478728466736,0.0008565718092700105,4.75873227372228e-05
0.7821183859916254,0.11300913589645983,0.09221545489151123,0.005852683669585078,0.0053292729349067374,0.0005709935287400076,0.0008564902931100114,4.7582794061667303e-05
0.7823397878110281,0.11270755031162281,0.09234502117132118,0.005899424330367762,0.00518578429040392,0.0006184880346353299,0.0008563680479566107,4.757600266425615e-05
0.7821598477640342,0.11294005708848716,0.09234062797335871,0.005899143672692674,0.005137963843958135,0.0006184586108468126,0.0008563273073263558,4.757373929590866e-05
0.7815561685532199,0.11333586987539238,0.0924569580519357,0.005992580614477314,0.005136497669551984,0.0006182821268905165,0.0008560829449253306,4.756016360696281e-05
0.7816452686638136,0.11345696623870662,0.09220161673799335,0.0060389919163100336,0.005135520684736091,0.0006181645268663814,0.0008559201141226819,4.75511174512601e-05
0.7816452686638136,0.11364717070851164,0.09205896338563956,0.005991440798858773,0.0050879695672848314,0.0006181645268663814,0.000903471231573942,4.75511174512601e-05
0.7804449092119022,0.11407928510314669,0.09264188611084703,0.00608422853883449,0.005181100865101245,0.0006654624964350223,0.0008555946382736002,4.753303545964445e-05
0.780544599154113,0.11390961364824408,0.09271491707456161,0.006225348096754265,0.005084826308035926,0.0007128261179489616,0.0007603478591455591,4.7521741196597446e-05
0.7796730970255631,0.11432101111850233,0.093176850707973,0.006271975672336786,0.0050841014919699706,0.0007127245082200894,0.0007127245082200894,4.7514967214672624e-05
0.779594164330181,0.11419474409542366,0.09352278667490377,0.0061778263555576675,0.005084826308035926,0.0006653043767523642,0.0007128261179489616,4.7521741196597446e-05
0.7784377078779816,0.11474864582343439,0.09412715005226646,0.006224460705122114,0.005036586524755298,0.0006652095410054167,0.0007127245082200894,4.7514967214672624e-05
0.7779150432386202,0.11527131046279578,0.09412715005226646,0.006129430770692768,0.005131616459184643,0.0006652095410054167,0.0007127245082200894,4.7514967214672624e-05
0.7776405188387894,0.11526583361049081,0.09445526678386468,0.006129139544828241,0.005083859932531952,0.0006651779350976386,0.0007126906447474699,4.751270964983133e-05
0.7784271798526966,0.1148016155856498,0.0941791399382276,0.005987170349251603,0.005131860299358517,0.0007127583749109052,0.0007127583749109052,4.751722499406035e-05
0.7780470420527441,0.1150392017106201,0.09441672606319791,0.005987170349251603,0.0049417913993822764,0.0007602755999049656,0.0007602755999049656,4.751722499406035e-05
0.777952007602756,0.11518175338560228,0.09436920883820385,0.005892135899263483,0.005036825849370397,0.0007602755999049656,0.0007602755999049656,4.751722499406035e-05
0.7779360782637603,0.11449874151113644,0.09474284086052144,0.006031248515932944,0.005176425891627487,0.0007598423327159615,0.000807332478510709,4.749014579474759e-05
0.7791128419452887,0.11412424012158055,0.09403495440729483,0.005984042553191489,0.005129179331306991,0.0007598784194528875,0.000807370820668693,4.749240121580547e-05
0.7797938536075618,0.11418800170997008,0.0934308649598632,0.005889896926803781,0.005082411057806488,0.000759986700232746,0.0008074858689972926,4.749916876454662e-05
0.7792022792022792,0.11424501424501425,0.09377967711301044,0.005935422602089269,0.005128205128205128,0.0008072174738841405,0.0008547008547008547,4.748338081671415e-05
0.7782418834250997,0.11467628631099297,0.09412378963356749,0.006028099487374217,0.005126257831782798,0.0009018416555914183,0.0008543763052971331,4.746535029428517e-05
0.777841043890866,0.11492289442467378,0.09413997627520759,0.0061209964412811384,0.005124555160142348,0.0009015421115065244,0.0009015421115065244,4.744958481613286e-05
0.7778463290778795,0.11475487637036685,0.09444259883251863,0.005979782639646908,0.005125527976840207,0.0009017132551848512,0.0009017132551848512,4.7458592378150065e-05
0.7785955082854565,0.11504676890935853,0.09372774322206923,0.005745216276530079,0.005080480508997673,0.0009021413987939794,0.0008546602725416647,4.74811262523147e-05
0.7788014056415614,0.1149681831133061,0.09369360812992687,0.00560357108937221,0.005128692183493209,0.0009022699211701016,0.0008547820305822015,4.7487890587900086e-05
0.7789808614712447,0.11440376121954694,0.09412546896518972,0.005556347057985468,0.00512893574583274,0.0009023127701002043,0.0008548226243054566,4.749014579474759e-05
0.7783421952145841,0.11469806304595519,0.09433156095708317,0.005649449297379415,0.00517470565894417,0.0009020129130269654,0.000854538549183441,4.7474363843524496e-05
0.7790228384217274,0.11452447652058306,0.09391766772707849,0.005507810645268505,0.005222923887754617,0.0009021413987939794,0.0008546602725416647,4.74811262523147e-05
0.7782893487753939,0.11448642490981584,0.09450351243592178,0.005553445984431365,0.005363584583254225,0.0009018416555914183,0.0008543763052971331,4.746535029428517e-05
0.7784368623356902,0.11436435248896692,0.09438618136952498,0.005552128315854411,0.005457220139515019,0.0009016276752242206,0.0008541735870545247,4.745408816969582e-05
0.7777725051013145,0.11455416884164571,0.09490817633939164,0.005504674227684715,0.005409766051345324,0.0009490817633939164,0.0008541735870545247,4.745408816969582e-05
0.7768920521945433,0.11478054567022539,0.09556346381969158,0.005551601423487544,0.005361803084223013,0.0009489916963226571,0.0008540925266903915,4.744958481613286e-05
0.776533662285904,0.11524410494852208,0.09550695070455947,0.005551074631114485,0.005313849219528396,0.0009489016463443564,0.0008540114817099208,4.744508231721782e-05
0.7771504483560279,0.11519665986620486,0.09503249988138729,0.0055036295487972675,0.0052189590548939605,0.0009963467286615742,0.0008540114817099208,4.744508231721782e-05
0.7763120432760748,0.11568757710923412,0.09556799848154124,0.005456961184397836,0.005124798329695359,0.0009490367277213628,0.0008541330549492266,4.745183638606814e-05
0.7762333965844402,0.1155123339658444,0.09573055028462998,0.0055028462998102465,0.005170777988614801,0.0009487666034155598,0.0008538899430740038,4.743833017077799e-05
0.7761229426552199,0.11563819190817246,0.09566949675093678,0.005502063273727648,0.005122610634160224,0.001043494758810416,0.000853768439026704,4.7431579945928e-05
0.77523827587842,0.11607947271089193,0.09602162264687752,0.0055953340604106405,0.00507373512257575,0.0010431978756697804,0.0009009436198966286,4.7418085257717294e-05
0.7743127962085308,0.1162085308056872,0.09658767772511849,0.005781990521327014,0.005071090047393365,0.001042654028436019,0.0009478672985781991,4.739336492890995e-05
0.7740238817285823,0.11661296436694465,0.09642721758908264,0.005780894617134193,0.0050701288855193325,0.001042456406368461,0.0009950720242608037,4.7384382107657316e-05
0.7730503174452762,0.11745475220316498,0.09656021984269876,0.005780346820809248,0.005069648441201554,0.0010423576234246186,0.0009949777314507723,4.73798919738463e-05
0.7738772029562251,0.11687511843850673,0.09626681826795527,0.005732423725601668,0.005163918893310593,0.0010422588592003033,0.0009948834565093804,4.737540269092287e-05
0.7741828517290383,0.11714827096162955,0.09564187588820464,0.005684509711037423,0.005305542396968261,0.0010421601136901943,0.0009474182851729038,4.737091425864519e-05
0.7745618190431075,0.11695878730459498,0.09549976314542871,0.005637138796778778,0.005258171482709616,0.0010895310279488393,0.0009474182851729038,4.737091425864519e-05
0.7739002793692883,0.11705099673279985,0.09588522183815522,0.005776788673706142,0.005303281405369572,0.0010890667171741086,0.0009470145366731379,4.73507268336569e-05
0.7734652340606807,0.11710133951815213,0.0960855776967861,0.005869266814976097,0.005348606049131443,0.001088654328584276,0.000993988734794339,4.7332796894968525e-05
0.7735232866338508,0.11704846648996592,0.09612836046951913,0.005868989019310867,0.005301022340022719,0.0010412722453616054,0.0010412722453616054,4.73305566073457e-05
0.7741385838697463,0.11666982203710716,0.09593903824308973,0.005821658462703522,0.005301022340022719,0.0010412722453616054,0.0010412722453616054,4.73305566073457e-05
0.7745692103768226,0.11645521681499715,0.0957678469986745,0.005586063245597425,0.005396705169475478,0.0010888089377011929,0.0010888089377011929,4.733951903048665e-05
0.7743431952662722,0.11635502958579881,0.0960473372781065,0.005491124260355029,0.005538461538461538,0.001088757396449704,0.001088757396449704,4.7337278106508875e-05
0.7742118716273786,0.11644419199091167,0.09618479598598884,0.005538199375177506,0.005396194262993468,0.0010887058600776295,0.0010887058600776295,4.733503739467954e-05
0.7740286782452321,0.11618001987601155,0.09649330367706213,0.005536888930954522,0.0054422412569211116,0.0010884482513842221,0.0011357720884009276,9.464767403341063e-05
0.773886706734182,0.11651128673512848,0.09630400832899531,0.0054422412569211116,0.005584212767971227,0.001041124414367517,0.0011357720884009276,9.464767403341063e-05
0.7740393715691841,0.1162218436494416,0.09648873745977664,0.005441983721370433,0.005536626916524702,0.0010410751466969526,0.001135718341851221,9.46431951542684e-05
0.7734777877655297,0.11638359275204617,0.09684439608269858,0.005535317216255855,0.005488006812698112,0.0010408288782703316,0.0011354496853858164,9.462080711548469e-05
