btrf_pt-O+,btrf_pt-A+,btrf_pt-B+,btrf_pt-AB+,btrf_pt-O-,btrf_pt-A-,btrf_pt-B-,btrf_pt-AB-
1.0,0.0,0.0,0.0,0.0,0.0,0.0,0.0
1.0,0.0,0.0,0.0,0.0,0.0,0.0,0.0
1.0,0.0,0.0,0.0,0.0,0.0,0.0,0.0
1.0,0.0,0.0,0.0,0.0,0.0,0.0,0.0
1.0,0.0,0.0,0.0,0.0,0.0,0.0,0.0
1.0,0.0,0.0,0.0,0.0,0.0,0.0,0.0
1.0,0.0,0.0,0.0,0.0,0.0,0.0,0.0
1.0,0.0,0.0,0.0,0.0,0.0,0.0,0.0
1.0,0.0,0.0,0.0,0.0,0.0,0.0,0.0
1.0,0.0,0.0,0.0,0.0,0.0,0.0,0.0
1.0,0.0,0.0,0.0,0.0,0.0,0.0,0.0
1.0,0.0,0.0,0.0,0.0,0.0,0.0,0.0
1.0,0.0,0.0,0.0,0.0,0.0,0.0,0.0
1.0,0.0,0.0,0.0,0.0,0.0,0.0,0.0
1.0,0.0,0.0,0.0,0.0,0.0,0.0,0.0
1.0,0.0,0.0,0.0,0.0,0.0,0.0,0.0
1.0,0.0,0.0,0.0,0.0,0.0,0.0,0.0
1.0,0.0,0.0,0.0,0.0,0.0,0.0,0.0
1.0,0.0,0.0,0.0,0.0,0.0,0.0,0.0
1.0,0.0,0.0,0.0,0.0,0.0,0.0,0.0
1.0,0.0,0.0,0.0,0.0,0.0,0.0,0.0
1.0,0.0,0.0,0.0,0.0,0.0,0.0,0.0
1.0,0.0,0.0,0.0,0.0,0.0,0.0,0.0
1.0,0.0,0.0,0.0,0.0,0.0,0.0,0.0
1.0,0.0,0.0,0.0,0.0,0.0,0.0,0.0
1.0,0.0,0.0,0.0,0.0,0.0,0.0,0.0
1.0,0.0,0.0,0.0,0.0,0.0,0.0,0.0
1.0,0.0,0.0,0.0,0.0,0.0,0.0,0.0
1.0,0.0,0.0,0.0,0.0,0.0,0.0,0.0
1.0,0.0,0.0,0.0,0.0,0.0,0.0,0.0
1.0,0.0,0.0,0.0,0.0,0.0,0.0,0.0
1.0,0.0,0.0,0.0,0.0,0.0,0.0,0.0
1.0,0.0,0.0,0.0,0.0,0.0,0.0,0.0
1.0,0.0,0.0,0.0,0.0,0.0,0.0,0.0
1.0,0.0,0.0,0.0,0.0,0.0,0.0,0.0
1.0,0.0,0.0,0.0,0.0,0.0,0.0,0.0
1.0,0.0,0.0,0.0,0.0,0.0,0.0,0.0
1.0,0.0,0.0,0.0,0.0,0.0,0.0,0.0
1.0,0.0,0.0,0.0,0.0,0.0,0.0,0.0
1.0,0.0,0.0,0.0,0.0,0.0,0.0,0.0
1.0,0.0,0.0,0.0,0.0,0.0,0.0,0.0
1.0,0.0,0.0,0.0,0.0,0.0,0.0,0.0
1.0,0.0,0.0,0.0,0.0,0.0,0.0,0.0
1.0,0.0,0.0,0.0,0.0,0.0,0.0,0.0
1.0,0.0,0.0,0.0,0.0,0.0,0.0,0.0
1.0,0.0,0.0,0.0,0.0,0.0,0.0,0.0
1.0,0.0,0.0,0.0,0.0,0.0,0.0,0.0
1.0,0.0,0.0,0.0,0.0,0.0,0.0,0.0
1.0,0.0,0.0,0.0,0.0,0.0,0.0,0.0
1.0,0.0,0.0,0.0,0.0,0.0,0.0,0.0
1.0,0.0,0.0,0.0,0.0,0.0,0.0,0.0
1.0,0.0,0.0,0.0,0.0,0.0,0.0,0.0
1.0,0.0,0.0,0.0,0.0,0.0,0.0,0.0
1.0,0.0,0.0,0.0,0.0,0.0,0.0,0.0
1.0,0.0,0.0,0.0,0.0,0.0,0.0,0.0
1.0,0.0,0.0,0.0,0.0,0.0,0.0,0.0
1.0,0.0,0.0,0.0,0.0,0.0,0.0,0.0
1.0,0.0,0.0,0.0,0.0,0.0,0.0,0.0
1.0,0.0,0.0,0.0,0.0,0.0,0.0,0.0
1.0,0.0,0.0,0.0,0.0,0.0,0.0,0.0
1.0,0.0,0.0,0.0,0.0,0.0,0.0,0.0
1.0,0.0,0.0,0.0,0.0,0.0,0.0,0.0
1.0,0.0,0.0,0.0,0.0,0.0,0.0,0.0
1.0,0.0,0.0,0.0,0.0,0.0,0.0,0.0
1.0,0.0,0.0,0.0,0.0,0.0,0.0,0.0
1.0,0.0,0.0,0.0,0.0,0.0,0.0,0.0
1.0,0.0,0.0,0.0,0.0,0.0,0.0,0.0
1.0,0.0,0.0,0.0,0.0,0.0,0.0,0.0
1.0,0.0,0.0,0.0,0.0,0.0,0.0,0.0
1.0,0.0,0.0,0.0,0.0,0.0,0.0,0.0
1.0,0.0,0.0,0.0,0.0,0.0,0.0,0.0
1.0,0.0,0.0,0.0,0.0,0.0,0.0,0.0
1.0,0.0,0.0,0.0,0.0,0.0,0.0,0.0
1.0,0.0,0.0,0.0,0.0,0.0,0.0,0.0
1.0,0.0,0.0,0.0,0.0,0.0,0.0,0.0
1.0,0.0,0.0,0.0,0.0,0.0,0.0,0.0
1.0,0.0,0.0,0.0,0.0,0.0,0.0,0.0
1.0,0.0,0.0,0.0,0.0,0.0,0.0,0.0
1.0,0.0,0.0,0.0,0.0,0.0,0.0,0.0
1.0,0.0,0.0,0.0,0.0,0.0,0.0,0.0
1.0,0.0,0.0,0.0,0.0,0.0,0.0,0.0
1.0,0.0,0.0,0.0,0.0,0.0,0.0,0.0
1.0,0.0,0.0,0.0,0.0,0.0,0.0,0.0
1.0,0.0,0.0,0.0,0.0,0.0,0.0,0.0
1.0,0.0,0.0,0.0,0.0,0.0,0.0,0.0
1.0,0.0,0.0,0.0,0.0,0.0,0.0,0.0
1.0,0.0,0.0,0.0,0.0,0.0,0.0,0.0
1.0,0.0,0.0,0.0,0.0,0.0,0.0,0.0
1.0,0.0,0.0,0.0,0.0,0.0,0.0,0.0
1.0,0.0,0.0,0.0,0.0,0.0,0.0,0.0
1.0,0.0,0.0,0.0,0.0,0.0,0.0,0.0
1.0,0.0,0.0,0.0,0.0,0.0,0.0,0.0
1.0,0.0,0.0,0.0,0.0,0.0,0.0,0.0
1.0,0.0,0.0,0.0,0.0,0.0,0.0,0.0
1.0,0.0,0.0,0.0,0.0,0.0,0.0,0.0
1.0,0.0,0.0,0.0,0.0,0.0,0.0,0.0
1.0,0.0,0.0,0.0,0.0,0.0,0.0,0.0
1.0,0.0,0.0,0.0,0.0,0.0,0.0,0.0
1.0,0.0,0.0,0.0,0.0,0.0,0.0,0.0
1.0,0.0,0.0,0.0,0.0,0.0,0.0,0.0
0.9867405501682169,0.013259449831783099,0.0,0.0,0.0,0.0,0.0,0.0
0.9734837241515781,0.026516275848421887,0.0,0.0,0.0,0.0,0.0,0.0
0.9601345335839351,0.02656049065189435,0.01325551488772381,4.946087644673064e-05,0.0,0.0,0.0,0.0
0.9468842729970326,0.02655786350148368,0.026508407517309596,4.945598417408506e-05,0.0,0.0,0.0,0.0
0.9468895262585303,0.026555236870734845,0.026505785777865692,4.945109286915241e-05,0.0,0.0,0.0,0.0
0.9468921524996291,0.02655392375018543,0.026504475102605944,4.94486475794887e-05,0.0,0.0,0.0,0.0
0.9468974042027194,0.026551297898640296,0.02650185414091471,4.9443757725587144e-05,0.0,0.0,0.0,0.0
0.9469000296647879,0.026549985167606052,0.026500543854444773,4.9441313161277566e-05,0.0,0.0,0.0,0.0
0.9469079044935489,0.026496613772307085,0.026496613772307085,4.943398091848337e-05,4.943398091848337e-05,0.0,0.0,0.0
0.946913153081904,0.026493994365083286,0.026493994365083286,4.942909396470763e-05,4.942909396470763e-05,0.0,0.0,0.0
0.9469210240189779,0.026490066225165563,0.026490066225165563,4.942176534545814e-05,4.942176534545814e-05,0.0,0.0,0.0
0.9469262700138368,0.026487448112275155,0.026487448112275155,4.94168808064835e-05,4.94168808064835e-05,0.0,0.0,0.0
0.9469288926224243,0.026486139249888817,0.026486139249888817,4.94144388990463e-05,4.94144388990463e-05,0.0,0.0,0.0
0.9468821029746022,0.02653424251408242,0.02648483051684949,4.941199723292816e-05,4.941199723292816e-05,0.0,0.0,0.0
0.9468873517786561,0.026531620553359683,0.026482213438735178,4.940711462450593e-05,4.940711462450593e-05,0.0,0.0,0.0
0.9467964234550215,0.02662648816874969,0.026478288791187077,4.939979252087141e-05,4.939979252087141e-05,0.0,0.0,0.0
0.9467055220784353,0.026721327669663144,0.026474365306727254,4.9392472587177715e-05,4.9392472587177715e-05,0.0,0.0,0.0
0.946612011062821,0.026817463453180562,0.026471750296325564,4.938759383642829e-05,4.938759383642829e-05,0.0,0.0,0.0
0.9465705397264332,0.02681349069181769,0.02651720902671473,4.938027751715965e-05,4.938027751715965e-05,0.0,0.0,0.0
0.9465784536387875,0.026809519107336824,0.026513281327145255,4.937296336526118e-05,4.937296336526118e-05,0.0,0.0,0.0
0.9458432069510269,0.027399289099526065,0.02665876777251185,4.936808846761453e-05,4.936808846761453e-05,0.0,0.0,0.0
0.9448612893671636,0.028383848356204958,0.026656135847566393,4.936321453253036e-05,4.936321453253036e-05,0.0,0.0,0.0
0.9433366238894373,0.02936821322803554,0.0271964461994077,4.935834155972359e-05,4.935834155972359e-05,0.0,0.0,0.0
0.9406135937654139,0.030679688270691525,0.028312123902535267,0.0003452698036894545,4.9324257669922065e-05,0.0,0.0,0.0
0.938498717695798,0.031909646873150524,0.029197080291970802,0.0003452357466956007,4.9319392385085815e-05,0.0,0.0,0.0
0.9364891518737672,0.03284023668639053,0.030226824457593688,0.0003944773175542406,4.930966469428008e-05,0.0,0.0,0.0
0.9341450189776704,0.033617587617686205,0.03164588159905358,0.0004929265046581555,9.858530093163109e-05,0.0,0.0,0.0
0.931510224193151,0.034540527223454055,0.03311160384331116,0.0005420054200542005,0.00029563932002956393,0.0,0.0,0.0
0.9289162561576355,0.03576354679802956,0.03433497536945813,0.000541871921182266,0.0004433497536945813,0.0,0.0,0.0
0.9269673987983847,0.036787156505466365,0.035112774549394266,0.0005909583374372107,0.0005417118093174431,0.0,0.0,0.0
0.9242886679137541,0.038052574579108,0.03628039775524269,0.0006399527419513636,0.0007384070099438811,0.0,0.0,0.0
0.9216805234417278,0.039356520883553896,0.03709352093274954,0.0006887391154621931,0.0011806956265066168,0.0,0.0,0.0
0.9186332350049164,0.040609636184857426,0.03844641101278269,0.0007866273352999017,0.0015240904621435594,0.0,0.0,0.0
0.9151068533529845,0.04220093343158929,0.03984279046917219,0.0008843036109064112,0.0019651191353475803,0.0,0.0,0.0
0.9122195493151357,0.04330109480092297,0.041042761058471204,0.0008836958122637341,0.002552899013206343,0.0,0.0,0.0
0.9087564385577631,0.04473877851361295,0.0424822173166544,0.0009811135638950208,0.0030414520480745648,0.0,0.0,0.0
0.9053570553349998,0.0458756065284517,0.04401313532323678,0.0010292604028819291,0.0037249424104298387,0.0,0.0,0.0
0.9021249510379945,0.047150411280846065,0.04504504504504504,0.001028202115158637,0.004651390520955739,0.0,0.0,0.0
0.8983465414343019,0.04877213579884551,0.046472947852460623,0.0010762156344780354,0.005332159279913902,0.0,0.0,0.0
0.8941889448218562,0.05053516445921509,0.04823811152925077,0.001270710131469625,0.005767069058208299,0.0,0.0,0.0
0.891193986136874,0.05115688763057698,0.04964365908425266,0.001366787074099385,0.006638680074197012,0.0,0.0,0.0
0.8890514508656425,0.05145086564252621,0.050719336747134844,0.0013655206047305535,0.007412826139965862,0.0,0.0,0.0
0.8874001169362697,0.05154940557396219,0.05145195868251803,0.001364256480218281,0.008234262327031767,0.0,0.0,0.0
0.8864222773964266,0.05175015822014507,0.051555425733898055,0.0013631274037291272,0.00890901124580108,0.0,0.0,0.0
0.885402986526582,0.05199669244613065,0.051558927963422346,0.001361933946203609,0.009679459117661365,0.0,0.0,0.0
0.884179829890644,0.052393681652490885,0.05171324422843256,0.0013608748481166463,0.010352369380315918,0.0,0.0,0.0
0.8828728208614578,0.052882047297625405,0.05176516291943865,0.0013596853299664934,0.011120283591511678,0.0,0.0,0.0
0.881576392933411,0.05324208891477383,0.05227140361094933,0.0013589594253543,0.011502620850320326,0.0,4.8534265191225004e-05,0.0
0.8807005627789637,0.05360954783621191,0.05249369299437221,0.0013584319813700757,0.011789248981176014,0.0,4.851542790607413e-05,0.0
0.8793287418760306,0.05422446406052964,0.05306043263168105,0.0013580366669900088,0.01197982345523329,0.0,4.850130953535746e-05,0.0
0.8777626987204343,0.05472082202404033,0.05360604885614579,0.0014055835595191935,0.012456378441256301,0.0,4.846839860411012e-05,0.0
0.8767262683529583,0.055192130639143286,0.05398071425110239,0.001405243010127441,0.01264718709114697,0.0,4.84566555216359e-05,0.0
0.875442081294511,0.055811249454968265,0.05455162056101933,0.001404970689404583,0.012741630734945013,0.0,4.844726515188218e-05,0.0
0.8740130782271737,0.056769193509324294,0.05497699200775006,0.0014046984742068296,0.012787599903124244,0.0,4.843787842092516e-05,0.0
0.8727783427768899,0.05729090997142719,0.05564434113032108,0.0014044263644728558,0.012833551261562303,0.0,4.84284953266502e-05,0.0
0.8708912233141308,0.05843055622791306,0.056155298446047344,0.0014038824611511836,0.013070629810717917,0.0,4.840974003969599e-05,0.0
0.8688476987852684,0.05928471180370711,0.05715530174708416,0.0014034748100469438,0.013260417170788366,0.0,4.8395683105067026e-05,0.0
0.8667279411764706,0.06027476780185759,0.05804953560371517,0.0014996130030959752,0.013399767801857585,0.0,4.837461300309598e-05,0.0
0.8646322000290178,0.06117908787541713,0.059099482516806114,0.0014992503748125937,0.013493253373313344,4.836291531653528e-05,4.836291531653528e-05,0.0
0.8626891650147465,0.06222501571338781,0.0598559203210366,0.0015471643378620122,0.013586036841850795,4.834888555818788e-05,4.834888555818788e-05,0.0
0.8604358961967815,0.0632097810853912,0.06079350505001691,0.0015947421833470256,0.013772773401633402,0.00014497656212245687,4.832552070748562e-05,0.0
0.8582882534775889,0.06404559505409582,0.06177550231839258,0.0016904945904173106,0.013958655332302937,0.00014489953632148376,9.659969088098918e-05,0.0
0.8555636012551291,0.06526671494086411,0.0629012792662322,0.0017378711078928314,0.014240888245232923,0.0001448225923244026,0.0001448225923244026,0.0
0.8534407875687675,0.06625808319660265,0.06384518868835054,0.0017855419361065535,0.014380851269182511,0.00014477367049512595,0.00014477367049512595,0.0
0.8516642547033285,0.06690786300048239,0.06473709599614086,0.0018330921369995176,0.01456825856246985,0.0001447178002894356,0.0001447178002894356,0.0
0.849770918736436,0.0677115987460815,0.0656860380998312,0.0018326501085121774,0.01470942850253195,0.00014468290330359296,0.00014468290330359296,0.0
0.8473587815693079,0.06882591093117409,0.06651243493348756,0.0018796992481203006,0.015037593984962405,0.000192789666473877,0.000192789666473877,0.0
0.8454273874915679,0.06952876553917317,0.06760142623108799,0.0019273393080851884,0.015129613568468729,0.00019273393080851883,0.00019273393080851883,0.0
0.843613077182339,0.07015263132553325,0.06817853531705907,0.0019259473253406519,0.015648322018392797,0.00024074341566758149,0.00024074341566758149,0.0
0.8417913319543989,0.07066236952234355,0.06878637741113089,0.002068401558516523,0.016114291211698495,0.0002886141709557939,0.0002886141709557939,0.0
0.8398788636254386,0.07099937509013123,0.06979762534249868,0.002067009565927991,0.016632216507234534,0.0002884199394318127,0.00033648992933711484,0.0
0.8381364073006724,0.07137367915465898,0.07050912584053795,0.0021133525456292026,0.017243035542747358,0.00028818443804034583,0.0003362151777137368,0.0
0.8359884836852207,0.07207293666026872,0.07120921305182341,0.002159309021113244,0.017946257197696738,0.00028790786948176584,0.0003358925143953935,0.0
0.8341486810551558,0.0728537170263789,0.07189448441247002,0.002158273381294964,0.018321342925659474,0.00028776978417266187,0.0003357314148681055,0.0
0.8325026358669606,0.0735167257739864,0.07222275472059811,0.002156618422313812,0.01893031726253235,0.00033547397680437077,0.00033547397680437077,0.0
0.8310270529087862,0.07402441943978932,0.07244433804165669,0.00220253770648791,0.01958343308594685,0.00033516878142207326,0.00038305003591094085,0.0
0.8300631699846861,0.07441615620214395,0.07259762633996937,0.0022013782542113325,0.020003828483920367,0.00033499234303215926,0.00038284839203675346,0.0
0.8288611469842636,0.07504663509829244,0.07279858420624671,0.0022480508920457265,0.02032811976849859,0.00033481609030468266,0.0003826469603482087,0.0
0.8278911889850361,0.07544102882822584,0.07300282067218053,0.002246976143806473,0.020605249318735957,0.0004302720275374098,0.00038246402447769754,0.0
0.8272879330943848,0.0754599761051374,0.07335722819593787,0.002246117084826762,0.0208363201911589,0.00043010752688172043,0.0003823178016726404,0.0
0.8263361513110761,0.07551225103883077,0.07379280699240579,0.0022925920618999856,0.021254238907197784,0.0004298610116062473,0.0003820986769833309,0.0
0.8263547386010981,0.07457627118644068,0.07448078300310336,0.002291716400095488,0.0214848412508952,0.000429696825017904,0.00038195273334924805,0.0
0.8270249630089256,0.07441172259080713,0.07383895756765786,0.0022910600925970122,0.021621879623884302,0.00042957376736193977,0.0003818433487661687,0.0
0.8291426117658285,0.0738584856147717,0.07199770981439954,0.002290185600458037,0.02189989980437998,0.00042940980008588194,0.00038169760007633955,0.0
0.8296766192883717,0.07407230754554994,0.07106744252599446,0.0022894209672803586,0.022083373080225125,0.00042926643136506723,0.00038157016121339313,0.0
0.8299556530446808,0.07386390730055792,0.0708120738162224,0.002288875113251633,0.022268847456010682,0.00042916408373468124,0.00038147918554193885,0.0
0.830091533180778,0.07375095347063311,0.0706998474446987,0.002336003051106026,0.02221586575133486,0.00042906178489702515,0.0004767353165522502,0.0
0.8299423452613522,0.07385524372230429,0.07037689998570544,0.002382427216848525,0.02253776147138705,0.00042883689903273453,0.00047648544336970506,0.0
0.8301185883697672,0.07415345049292756,0.06967662046959089,0.002524170119540887,0.022622279373243796,0.0004286326618088298,0.000476258513120922,0.0
0.8294296867561649,0.07431210130438923,0.06988479482052747,0.0025230886413405693,0.022898219556317243,0.0004760544606302961,0.0004760544606302961,0.0
0.8313981155420196,0.07257066717426477,0.06947749119634529,0.0025697154278100315,0.022984676882078614,0.0005234605501094508,0.00047587322737222806,0.0
0.8336662861491628,0.06944444444444445,0.0700152207001522,0.0026160578386605782,0.023211567732115676,0.0005232115677321156,0.0005232115677321156,0.0
0.8367016976556184,0.06781111797993247,0.0685244186599458,0.0026629892053830423,0.023253602168434067,0.0005230871653430976,0.0005230871653430976,0.0
0.8388001521201749,0.06717056474614946,0.06679026430880396,0.002614565506750333,0.023578627115421184,0.0005229131013500665,0.0005229131013500665,0.0
0.8391389060495177,0.0670056550872024,0.06643539419284322,0.002661217507009457,0.023713348857102124,0.0005227391531625719,0.0005227391531625719,0.0
0.8384476534296029,0.0670720121603648,0.06678700361010831,0.002707581227436823,0.023940718221546645,0.0005225156754702641,0.0005225156754702641,0.0
0.8371154576528674,0.06731864793011774,0.06741359665780479,0.0027060387390808963,0.024306874287884542,0.0005222180022787695,0.0006171667299658184,0.0
0.8353739559605163,0.06767274107820805,0.06857441154138193,0.0027524677296886864,0.024440015186028854,0.0005694760820045558,0.0006169324221716021,0.0
0.8335152061488826,0.06851069886606254,0.06945960051240689,0.0027518147743986338,0.024481662475684396,0.0006167860701238317,0.0006642311524410495,0.0
0.8319263966612919,0.0691454045338139,0.0701413259982927,0.0027980650668690127,0.02466091245376079,0.0006165228113440197,0.0007113724746277151,0.0
0.8307094081942337,0.06951820940819424,0.07098823975720789,0.0027977996965098634,0.02461115326251897,0.0006164643399089529,0.0007587253414264037,0.0
0.8290197193780812,0.07020288206295032,0.0717671596511187,0.002844141069397042,0.024791429654910883,0.0006162305650360258,0.0007584376185058779,0.0
0.8275992796891289,0.07065680978106341,0.07255236470476732,0.0028433323855558716,0.024973936119799072,0.0006160553502037721,0.0007582219694815658,0.0
0.825881015536188,0.07138120500189465,0.07322849564228874,0.0028893520272830616,0.025198938992042442,0.0006157635467980296,0.0008052292535051155,0.0
0.8248496614423031,0.07187840333349117,0.07353567877266916,0.002888394336853071,0.025427340309673755,0.0006155594488375396,0.0008049623561721673,0.0
0.8234820879276892,0.07231082296152572,0.07415645260517723,0.0030287255690691402,0.025602195826037576,0.0006152098812171691,0.0008045052292839903,0.0
0.8227806170736324,0.07278061707363241,0.07448419458640923,0.0030759038425137233,0.025459019496498203,0.0006151807685027446,0.0008044671588112815,0.0
0.8222432560340748,0.0730241362991008,0.07491717936583057,0.003028868906767629,0.025366777094178894,0.0006152389966871747,0.0008045433033601515,0.0
0.8214944867729875,0.07344659504992665,0.07529222469357816,0.0030287255690691402,0.025318252803937343,0.0006152098812171691,0.0008045052292839903,0.0
0.8209654519640321,0.07401798390913393,0.07539044013251302,0.003028868906767629,0.025130146710837672,0.0006625650733554188,0.0008045433033601515,0.0
0.820160908660672,0.07434926644581165,0.0759110269758637,0.002981542830099385,0.025035494557501183,0.0006625650733554188,0.0008991954566966398,0.0
0.8204023668639053,0.07431952662721894,0.07597633136094674,0.00293491124260355,0.024757396449704143,0.0007100591715976331,0.0008994082840236686,0.0
0.8200662565073356,0.07463322290582111,0.07595835305253194,0.003028868906767629,0.024704212020823475,0.000709891150023663,0.0008991954566966398,0.0
0.8204327036879231,0.07446858874212943,0.07607820858779529,0.002935189130331866,0.024428348245987785,0.0007101264024996449,0.0009468352033328599,0.0
0.8207288215806909,0.07392333175579745,0.07610033128253668,0.0029342167534311407,0.024514907714150498,0.000709891150023663,0.0010411736867013725,4.73260766682442e-05
0.8207203369776137,0.07387950210611008,0.07624591793269914,0.0028870273084386387,0.024421411330398976,0.0007099247479767144,0.0010885512802309622,4.732831653178096e-05
0.8216973540966536,0.07369716476546599,0.07559047664126473,0.0028399678136981116,0.024234392010223885,0.0008046575472144649,0.001088654328584276,4.7332796894968525e-05
0.8224936097699517,0.07317996781217458,0.07535737953232984,0.0027454321688914133,0.024140869071286566,0.0008520306731042318,0.0011833759348669885,4.733503739467954e-05
0.823248106060606,0.07296401515151515,0.07523674242424243,0.002746212121212121,0.023721590909090907,0.0008522727272727272,0.0011837121212121212,4.734848484848485e-05
0.8235767356017226,0.07259476598362595,0.07491363399744451,0.0027921063839856136,0.02394586153045289,0.0009464767403341063,0.0011830959254176328,4.7323837016705316e-05
0.8237130961392884,0.07234102952308857,0.07503785011355034,0.0028860711582134745,0.02384557153671461,0.0009462528387585163,0.0011828160484481454,4.7312641937925814e-05
0.8241862225586677,0.07182059046177139,0.0751324753974262,0.002838758516275549,0.023798258894776686,0.0009935654806964421,0.0011828160484481454,4.7312641937925814e-05
0.8239663165862428,0.07219226038414231,0.07498344214211373,0.002885798088750118,0.023701390860062448,0.0009934714731762702,0.0012300123001230013,4.73081653893462e-05
0.8244700984102953,0.07172596517789553,0.0751324753974262,0.002838758516275549,0.023561695685087054,0.0009935654806964421,0.0012301286903860713,4.7312641937925814e-05
0.824675939067083,0.07152994606869145,0.07517267480367111,0.002838489923360772,0.023464850033115717,0.0010407796385656163,0.0012300123001230013,4.73081653893462e-05
0.8244393982401362,0.0715772542340808,0.07550383196139654,0.002838489923360772,0.02327561737155833,0.0010407796385656163,0.0012773204655123474,4.73081653893462e-05
0.8244758885050399,0.07160096540627514,0.07581278690076192,0.0027447825469689084,0.022952060953102076,0.001041124414367517,0.0013250674364677487,4.7323837016705316e-05
0.8251360946745562,0.07152662721893491,0.07559763313609467,0.0027455621301775146,0.022579881656804735,0.0010414201183431952,0.0013254437869822486,4.7337278106508875e-05
0.8257719265012313,0.07108353854896761,0.07586664140935784,0.0026993748816063648,0.02225800340973669,0.0010418639893919302,0.0012312938056450084,4.7357454063269556e-05
0.8261754817936455,0.0707419858894834,0.07566646148018372,0.002604289975851129,0.022444244519153368,0.0010417159903404517,0.0012784696245087361,4.73507268336569e-05
0.8266180578571091,0.07059324842573741,0.07537521897637423,0.002604043369158657,0.022394772974764453,0.0010416173476634628,0.0013256948061171345,4.734624307561195e-05
0.8260046386140957,0.07085719695176788,0.07554314384436976,0.002603303829223269,0.02243574572821508,0.0010413215316893076,0.0014673167037440242,4.7332796894968525e-05
0.8255087553241837,0.07094178892569807,0.0759110269758637,0.002602934216753431,0.022479886417415995,0.0010411736867013725,0.0014671083767155704,4.73260766682442e-05
0.8244451805233521,0.07154686982444518,0.07627880565939525,0.0025552453508730423,0.022571333932711872,0.0010410258836890173,0.001514219467184025,4.731935834950078e-05
0.8236184708554126,0.07186790310370932,0.0767884178652536,0.0026021953065859197,0.02247350492051476,0.0010881907645722937,0.001514004542013626,4.7312641937925814e-05
0.8228614685844058,0.07196252838758516,0.07754542013626041,0.0026021953065859197,0.02237887963663891,0.0010881907645722937,0.001514004542013626,4.7312641937925814e-05
0.8213238770685579,0.07252955082742317,0.07796690307328605,0.0026004728132387705,0.022884160756501182,0.0011347517730496454,0.001513002364066194,4.728132387706856e-05
0.8203649428004159,0.07308310485014655,0.07833033941571334,0.0026472534745201853,0.022832561217736597,0.0011818095868393684,0.0015127162711543916,4.727238347357474e-05
0.8197976741987331,0.07317764961709369,0.07889760801739623,0.0026472534745201853,0.022738016450789447,0.0011818095868393684,0.0015127162711543916,4.727238347357474e-05
0.8189638873132917,0.07387975042541123,0.07898468519568917,0.002599735299678578,0.022783134808092267,0.0011816978634902628,0.001559841179807147,4.726791453961051e-05
0.8184912081678957,0.0742106258271885,0.07922102476838722,0.002599735299678578,0.022641331064473434,0.0012289657780298732,0.001559841179807147,4.726791453961051e-05
0.8187319748475249,0.07427544796936315,0.0791924731691173,0.0025530707767954233,0.02245756701810789,0.0011819772114793627,0.0015602099191527588,4.727908845917451e-05
0.8184096066565809,0.0747447049924357,0.07914145234493192,0.0026002269288956125,0.022267397881996973,0.0012291981845688352,0.0015601361573373677,4.7276853252647505e-05
0.8179067788597901,0.07497400018908953,0.07946487661907914,0.0025999810910466107,0.022218020232580127,0.0012290819703129432,0.0015599886546279664,4.727238347357474e-05
0.8182978120126648,0.07461840177685365,0.07920230612919994,0.002599121024526251,0.022446954302726713,0.0012286753934124097,0.0015594726147157506,4.725674590047729e-05
0.8180358070763852,0.07435400821956635,0.07950304690821484,0.0026453776749019793,0.022532949123718646,0.0012754499503991685,0.001606122159761916,4.723888705182106e-05
0.818010105302923,0.07427869858809086,0.0793313500495821,0.00264437833498607,0.022807763139254852,0.0012749681257968552,0.0016055154176701138,4.7221041696179814e-05
0.8183406525947963,0.0743731406714832,0.07895358171601266,0.00259715729328989,0.022807763139254852,0.0012749681257968552,0.0016055154176701138,4.7221041696179814e-05
0.8183406525947963,0.0744203617131794,0.07895358171601266,0.0025499362515937103,0.02276054209755867,0.001322189167493035,0.0016055154176701138,4.7221041696179814e-05
0.8181346172000378,0.07424714434060228,0.07915604644576607,0.0026432549797035776,0.02279807419994336,0.0013216274898517888,0.001652034362314736,4.7200981780421035e-05
0.8183878736364925,0.07427869858809086,0.07923690796618973,0.0025027152098975303,0.022571657930773953,0.001322189167493035,0.0016527364593662936,4.7221041696179814e-05
0.8184693829375383,0.07407582267126198,0.07926915631934281,0.0024550304518200275,0.02261460743118833,0.0013219394740569379,0.0017468485907180965,4.7212124073462063e-05
0.8187612123501086,0.07407232555943725,0.07907657445000472,0.002454914550089699,0.022519120007553583,0.0013218770654329147,0.0017467661221792087,4.7209895194032666e-05
0.8190013215027374,0.07386256371531055,0.07891259203322636,0.002454219369454408,0.022654332641117613,0.0012743062110628658,0.0017934680007551443,4.7196526335661694e-05
0.8197734780556867,0.07366682397357244,0.07824445493157149,0.0023596035865974517,0.02284096271826333,0.0012741859367626238,0.0017932987258140632,4.719207173194903e-05
0.8189752783544065,0.07374032836384223,0.07878845065106624,0.002358935648235516,0.023023211926778638,0.0012738252500471786,0.0017927910926589922,4.717871296471032e-05
0.8187694630555817,0.0740775691233368,0.07893743512314806,0.002406341417382278,0.02274228555251486,0.001273945456261206,0.0017457771067283193,4.7183165046711336e-05
0.8192202397809875,0.07401113943170018,0.07892004153686397,0.0023600490890210517,0.02242046634569999,0.001274426508071368,0.0017464363258755781,4.7200981780421035e-05
0.8191383947529844,0.07408106450243004,0.07870523285990658,0.002406454961543906,0.022554617090548765,0.0013211909592790072,0.0017458594819044024,4.718539140282169e-05
0.8190395320313237,0.07392206811963392,0.07887536560052835,0.002405887347863006,0.022690819888668744,0.001273705066515709,0.0017454476837437494,4.717426172280404e-05
0.81840913379883,0.07421211549348934,0.07940177391960747,0.0024061143612002264,0.022457067371202115,0.0012738252500471786,0.0017927910926589922,4.717871296471032e-05
0.818966737438075,0.07454588346308091,0.07865062514744044,0.0023590469450342063,0.022410945977824958,0.0012738853503184713,0.0017456947393253127,4.718093890068412e-05
0.8186406301589547,0.0747134569124098,0.07867553417291637,0.0024055469081647094,0.02231026838356681,0.001273524833734258,0.0018867034573840857,9.433517286920429e-05
0.8183532962369141,0.07483731019522777,0.0787041403376403,0.002404979722719985,0.02235216448175045,0.0012732245590870508,0.0019805715363576345,9.431293030274451e-05
0.8172686975384326,0.07497877959068189,0.07978873903612185,0.002452136187871357,0.02216353862114496,0.0012732245590870508,0.0019805715363576345,9.431293030274451e-05
0.8175172153570418,0.07485142911046128,0.07989812281860202,0.002405433449674559,0.021979058579379304,0.0012734647674747664,0.001980945193849637,9.433072351664937e-05
0.8172773140944027,0.0748337812986278,0.08002074786627057,0.0024048663177252795,0.022021030791719715,0.0012731645211486774,0.0020276323855330787,0.00014146272457207527
0.8168874640516713,0.07496110508698317,0.0802413841874499,0.002451558153788129,0.02196973268587054,0.0012729244260053746,0.0020743953608976474,0.0001414360473339305
0.8170633985387697,0.07456987980202687,0.08041480084845629,0.0024982323827480554,0.022012726844214,0.0012255479613481027,0.0020740042422814045,0.00014140938015555032
0.8172002451789335,0.07501532368334198,0.08010750153236833,0.0024046395398180016,0.021830355037955586,0.001225894667358197,0.0020745909755292566,0.00014144938469517657
0.81684031870256,0.07505539578520579,0.08047711093300645,0.002451558153788129,0.021734005940313987,0.0012729244260053746,0.002027250011786337,0.0001414360473339305
0.8160870794458581,0.07496937140703044,0.08104796908868156,0.0025916501743473755,0.021816982376778815,0.001272264631043257,0.0020733201394779,0.0001413627367825841
0.81634769491845,0.07485622701989253,0.0813613651362308,0.0025926275101348165,0.0213538229471104,0.0012727444140661827,0.0020741020081078533,0.00014141604600735364
0.8165448974781994,0.07485269856233796,0.08116898420928588,0.002545368842799906,0.021399952863539948,0.001319820881451803,0.0020268677822295545,0.00014140938015555032
0.8168449827968138,0.0745628505443748,0.08120846491021351,0.0025922609228448885,0.021303671584107085,0.0013196964698119432,0.002026676721496913,0.00014139605033699392
0.816545745783473,0.07481390747196834,0.08103269575049468,0.0026853858475454633,0.021435974747950625,0.0013191369075661924,0.002025817393762367,0.0001413360972392349
0.8160150730098916,0.07498822421102214,0.08130004710315591,0.002684879886952426,0.021526142251530853,0.0012717852096090438,0.002072538860103627,0.0001413094677343382
0.8160497315625883,0.0747386267307149,0.08147310916454742,0.002731468399736272,0.021522087218611662,0.0012715456343599886,0.002072148441179241,0.00014128284826222097
0.8163486454652532,0.0751472320376914,0.08108362779740871,0.0025441696113074207,0.021342756183745582,0.0013663133097762074,0.0020259128386336867,0.0001413427561837456
0.8169485138254274,0.07485044043525366,0.08069150690093739,0.00254369023505582,0.021432945499081445,0.0013660558669744219,0.0020255311131000047,0.00014131612416976778
0.8174580742415677,0.07480685886564914,0.0803184473337102,0.002496702468437912,0.021433955153570754,0.0013190126248351234,0.002025626530996797,0.00014132278123233464
0.8167216203485633,0.07489401789919925,0.08097032501177578,0.0024964672633066417,0.021384832783796513,0.0013188883655204898,0.002072538860103627,0.0001413094677343382
0.8176509371762268,0.07445606103419045,0.08038994066120372,0.002495996985965904,0.02138080437034944,0.0014128284826222096,0.002072148441179241,0.00014128284826222097
0.8175014121634344,0.07437394087742422,0.08039917153078516,0.0025889662963660327,0.02146488420259838,0.0014121634343814723,0.0021182451515722087,0.00014121634343814725
0.8185371826873263,0.07412989214901333,0.0800169547402628,0.0024019215372297837,0.021240521829228087,0.001412895021899873,0.002119342532849809,0.00014128950218998728
0.8185628178564701,0.07449613863251082,0.07962893200226032,0.002448672066302505,0.02119043134300245,0.00141269542286683,0.0021190431343002447,0.000141269542286683
0.8181219110378912,0.07455871969875265,0.07973640856672158,0.002494704636385032,0.021322664156272063,0.0015062367615909626,0.002118145445987291,0.00014120969639915275
0.8181818181818182,0.07481648785996613,0.07919254658385093,0.0024938829286655375,0.02155091285526068,0.0015057406361754188,0.0021174477696216825,0.0001411631846414455
0.8187635268655312,0.0746682977321916,0.0787616448668486,0.0024936482544462217,0.021454784981650512,0.0015526489131457608,0.0021642984849910606,0.00014114990119506917
0.818968761761385,0.07409672563041024,0.07913059841926985,0.002493413624388408,0.021405720737674067,0.0015525028227324049,0.002211140383891607,0.00014113662024840045
0.8184810721843405,0.07420644251116859,0.07923818481072184,0.0025393839642605218,0.02153773806724665,0.0015518457559369856,0.0023042558194215847,0.00014107688690336235
0.8184340465553727,0.07425346814013638,0.07923818481072184,0.0024923583352927346,0.021584763696214437,0.0015518457559369856,0.0023042558194215847,0.00014107688690336235
0.8182544907363867,0.07429699990595316,0.0794225524311107,0.0024922411360857708,0.021583748706856015,0.0015517727828458572,0.0022571240477757925,0.00014107025298598703
0.8180792553941616,0.07436656794998354,0.0793494100502985,0.0025384289945000705,0.021670662341935785,0.0015512621633055987,0.002303389272787101,0.0001410238330277817
0.8188998589562765,0.07400094029149036,0.07907851433944522,0.002538787023977433,0.021438645980253877,0.0016455101081335214,0.002256699576868829,0.00014104372355430183
0.8195032458368614,0.07413679555931885,0.0789349891805438,0.0024931790384796313,0.021027377928309342,0.0015993978737416502,0.0021638912409445857,0.00014112334180073385
0.8195032458368614,0.07413679555931885,0.07902907140841095,0.002446137924546053,0.020933295700442188,0.0015993978737416502,0.0022109323548781634,0.00014112334180073385
0.8196266516198806,0.07401137913198853,0.07885456340809706,0.0025391451544646637,0.021018479334179715,0.0015516998166172943,0.002257017915079701,0.0001410636196924813
0.8189039293100207,0.07398007144200038,0.07938522278623801,0.0025850723820266966,0.021197593532618915,0.001551043429216018,0.0022560631697687537,0.0001410039481105471
0.8187714433425765,0.07397659444470556,0.07956948817972459,0.0025849508859331675,0.02119659726465197,0.0015039714245429338,0.0022559571368144004,0.00014099732105090002
0.818579080913448,0.07424114274974157,0.0793628418381731,0.00258434357673151,0.021285593459261346,0.0015506061460389062,0.002255427121511136,0.000140964195094446
0.8184252560368317,0.074180212346143,0.07953584515644085,0.002630837169970873,0.021187635065301136,0.0015972939960537443,0.0023019825237245136,0.0001409377055341539
0.8182373390961195,0.07446208775721132,0.07948886592126281,0.0025838579347928214,0.021140655830123086,0.0015503147608756929,0.0023959409940806165,0.0001409377055341539
0.8183013904547163,0.07464299135663284,0.07934047350620067,0.002677564825253664,0.020997745208568206,0.0015501691093573844,0.0023487410747839157,0.00014092446448703494
0.8187071314479001,0.07450906699238936,0.07925396974537255,0.0026778164051489244,0.020858780419054777,0.0015033355256976416,0.002348961758902565,0.0001409377055341539
0.8187497064487342,0.0745855056127002,0.0789535484477009,0.0026302193415058007,0.021088722934573294,0.0015029824808604575,0.002348410126344465,0.0001409046075806679
0.8188392186326071,0.07470886551465064,0.07860631104432757,0.002629601803155522,0.02122464312546957,0.0015026296018031556,0.0023478587528174303,0.00014087152516904582
0.8188991170392635,0.07453503663347737,0.07890287431899305,0.002536163817396205,0.02113469847830171,0.0015029118917903438,0.0023482998309224123,0.00014089798985534473
0.8189760450915923,0.0746359793330202,0.07891028651949272,0.00253640206669798,0.020948802254579613,0.0015030530765617661,0.0023485204321277596,0.00014091122592766557
0.8183568075117371,0.07469483568075118,0.0792018779342723,0.002629107981220657,0.020985915492957745,0.001596244131455399,0.0023943661971830986,0.00014084507042253522
0.8190994882388845,0.07432273815672097,0.07892389314052303,0.002582280858256256,0.02098690079346448,0.0015493685149537537,0.0023944786140194375,0.00014085168317761398
0.8187109796742242,0.07459043327230906,0.07895601558465944,0.002581795991174952,0.021029901891752335,0.001549077594704971,0.002440970755292682,0.0001408252358822701
0.8186980804430469,0.07476416201248416,0.07865959543811893,0.0025343783733045478,0.021119819777537897,0.0016426526493640587,0.0024405125076266015,0.0001407987985169193
0.8189242466910729,0.07467380080728434,0.07861635220125786,0.0024875621890547263,0.02107387590350136,0.0016427297474889704,0.0024406270534121843,0.000140805406927626
0.8184121621621622,0.07465277777777778,0.0789695945945946,0.0024868618618618618,0.021161786786786787,0.0016891891891891893,0.0024868618618618618,0.00014076576576576576
0.8184292014638266,0.07473960776954115,0.07891526696068311,0.0025335460260861404,0.021019048512714647,0.001689030684057427,0.0025335460260861404,0.0001407525570047856
0.8189068730940652,0.07445460942997889,0.07886464930799907,0.002627257799671593,0.020924231761670187,0.0016420361247947454,0.002439596528266479,0.00014074595355383532
0.8187916314851299,0.07444413171967351,0.07894736842105263,0.0026268880758044846,0.021015104606435877,0.0016418050473778027,0.0023923444976076554,0.00014072614691809738
0.8184205589945601,0.07493903582817482,0.07864378165447383,0.0026261489401613208,0.021196773588444944,0.0016413430876008254,0.0023916713562183453,0.00014068655036578504
0.8181690338911546,0.07551680495007734,0.0780949702339099,0.0027187924811325178,0.02128158252472695,0.0016406506351661744,0.002390662354099283,0.00018750292973327708
0.8183735645652683,0.07555659714084838,0.07785329271150691,0.0027654089524255915,0.021185844855870634,0.0016404968361846731,0.002437309585188657,0.0001874853527068198
0.8188422779470353,0.07546285446449497,0.07757206468244668,0.0027654089524255915,0.02113897351769393,0.0016404968361846731,0.002390438247011952,0.0001874853527068198
0.8191105487604855,0.07530812128028493,0.07737007357420685,0.002764890575940766,0.02118187356483434,0.001687051876845213,0.002389990158864052,0.000187450208538357
0.8192127460168698,0.07511715089034676,0.0774601686972821,0.002717900656044986,0.021227741330834115,0.0016869728209934396,0.0023898781630740393,0.00018744142455482662
0.8195323117296968,0.07512067107174657,0.0771826233656685,0.0026711654716715873,0.02122873611696893,0.0017339144289798022,0.0023431276067294626,0.000187450208538357
0.8196045356573892,0.07506325555243182,0.07712491800206166,0.0026707899915659264,0.021319463967763096,0.0017336706962796365,0.0022959422734514104,0.00018742385905725798
0.8198472567118025,0.0746380546314951,0.07735557325586843,0.002670664854987584,0.02136531883990067,0.0016398819285011479,0.0022958346999016072,0.00018741507754298833
0.8197489226157018,0.0740584598088814,0.07799325463743677,0.0027168821435263257,0.021266629192430206,0.0016394978452314035,0.002388982574480045,0.00018737118231216038
0.8200252891865312,0.07380695920947876,0.07783449632370158,0.002716245960754929,0.02135531307076289,0.001639113941834871,0.0024352549992975227,0.00018732730763827097
0.8200973965162015,0.07360929012923768,0.0779172129612287,0.0026690391459074734,0.021492788911781233,0.0016388836860835362,0.0023880876568645815,0.00018730099269526128
0.820161063770016,0.07369603895495833,0.07781627493210974,0.002668789212473078,0.021443955426538066,0.001685551081561944,0.0023410431688360334,0.00018728345350688266
0.8203231093420744,0.07365956450479981,0.0779208616249122,0.00262233668929993,0.021353313041442286,0.001638960430812456,0.0022945446031374384,0.00018730976352142355
0.8205068153075086,0.07349290364888285,0.07822380439364841,0.0025762330788327323,0.021125111246428404,0.0015925804487329617,0.0022951894702327976,0.0001873624057332896
0.8205788684900712,0.07352941176470588,0.07811914574747096,0.002575871112776321,0.02112214312476583,0.0015923566878980893,0.0022948669913825403,0.00018733608092918696
0.820475610897856,0.07344817900945605,0.0780357644415317,0.0026214773897575133,0.021252691695534127,0.0016384233685984458,0.002340604812283494,0.00018724838498267952
0.8212078651685393,0.07331460674157303,0.0776685393258427,0.0026685393258426967,0.021020599250936328,0.001591760299625468,0.0023408239700374533,0.00018726591760299626
0.8206580240557869,0.07329058829035429,0.0780175036270885,0.002667665091028221,0.021154116160434316,0.00159123882622736,0.0024336593812889036,0.0001872045677914541
0.819998128392289,0.07322665169380498,0.07860752386299831,0.0026670409882088714,0.021242747520119783,0.001590866554370204,0.0024798802171064945,0.00018716077110237696
0.8197173872356354,0.07332023207935617,0.07893505521242747,0.0027138311809844656,0.021149167134568596,0.0015440763615946099,0.0024330900243309003,0.00018716077110237696
0.8204024333177351,0.07309312119794104,0.0786616752456715,0.0027140851661207298,0.021010762751520824,0.001544220870379036,0.0023865231633130556,0.00018717828731867103
0.8205080226411564,0.07306918650886467,0.0783084623660944,0.002666417177340132,0.021237778921270524,0.0015904944566590262,0.0024325209337138047,0.0001871169949010619
0.8198952389860631,0.07328594144607614,0.07857076045271724,0.002665793658217192,0.02137311757553082,0.0015901225329716584,0.002431952109250772,0.0001870732391731363
0.8198775185825815,0.07325510728811183,0.07839745687438643,0.002758169323547286,0.021457622364545837,0.0016362021410873731,0.0024309288953298118,0.0001869945304099855
0.8199411022297013,0.07329500303837704,0.07829663908755201,0.0027579114663675033,0.02150236058523816,0.0016360491749637732,0.0023839573692329267,0.00018697704856728836
