btrf_pt-O+,btrf_pt-A+,btrf_pt-B+,btrf_pt-AB+,btrf_pt-O-,btrf_pt-A-,btrf_pt-B-,btrf_pt-AB-
1.0,0.0,0.0,0.0,0.0,0.0,0.0,0.0
1.0,0.0,0.0,0.0,0.0,0.0,0.0,0.0
1.0,0.0,0.0,0.0,0.0,0.0,0.0,0.0
1.0,0.0,0.0,0.0,0.0,0.0,0.0,0.0
1.0,0.0,0.0,0.0,0.0,0.0,0.0,0.0
1.0,0.0,0.0,0.0,0.0,0.0,0.0,0.0
1.0,0.0,0.0,0.0,0.0,0.0,0.0,0.0
1.0,0.0,0.0,0.0,0.0,0.0,0.0,0.0
1.0,0.0,0.0,0.0,0.0,0.0,0.0,0.0
1.0,0.0,0.0,0.0,0.0,0.0,0.0,0.0
1.0,0.0,0.0,0.0,0.0,0.0,0.0,0.0
1.0,0.0,0.0,0.0,0.0,0.0,0.0,0.0
1.0,0.0,0.0,0.0,0.0,0.0,0.0,0.0
1.0,0.0,0.0,0.0,0.0,0.0,0.0,0.0
1.0,0.0,0.0,0.0,0.0,0.0,0.0,0.0
1.0,0.0,0.0,0.0,0.0,0.0,0.0,0.0
1.0,0.0,0.0,0.0,0.0,0.0,0.0,0.0
1.0,0.0,0.0,0.0,0.0,0.0,0.0,0.0
1.0,0.0,0.0,0.0,0.0,0.0,0.0,0.0
1.0,0.0,0.0,0.0,0.0,0.0,0.0,0.0
1.0,0.0,0.0,0.0,0.0,0.0,0.0,0.0
1.0,0.0,0.0,0.0,0.0,0.0,0.0,0.0
1.0,0.0,0.0,0.0,0.0,0.0,0.0,0.0
1.0,0.0,0.0,0.0,0.0,0.0,0.0,0.0
1.0,0.0,0.0,0.0,0.0,0.0,0.0,0.0
1.0,0.0,0.0,0.0,0.0,0.0,0.0,0.0
1.0,0.0,0.0,0.0,0.0,0.0,0.0,0.0
1.0,0.0,0.0,0.0,0.0,0.0,0.0,0.0
1.0,0.0,0.0,0.0,0.0,0.0,0.0,0.0
1.0,0.0,0.0,0.0,0.0,0.0,0.0,0.0
1.0,0.0,0.0,0.0,0.0,0.0,0.0,0.0
1.0,0.0,0.0,0.0,0.0,0.0,0.0,0.0
1.0,0.0,0.0,0.0,0.0,0.0,0.0,0.0
1.0,0.0,0.0,0.0,0.0,0.0,0.0,0.0
1.0,0.0,0.0,0.0,0.0,0.0,0.0,0.0
1.0,0.0,0.0,0.0,0.0,0.0,0.0,0.0
1.0,0.0,0.0,0.0,0.0,0.0,0.0,0.0
1.0,0.0,0.0,0.0,0.0,0.0,0.0,0.0
1.0,0.0,0.0,0.0,0.0,0.0,0.0,0.0
1.0,0.0,0.0,0.0,0.0,0.0,0.0,0.0
1.0,0.0,0.0,0.0,0.0,0.0,0.0,0.0
1.0,0.0,0.0,0.0,0.0,0.0,0.0,0.0
1.0,0.0,0.0,0.0,0.0,0.0,0.0,0.0
1.0,0.0,0.0,0.0,0.0,0.0,0.0,0.0
1.0,0.0,0.0,0.0,0.0,0.0,0.0,0.0
1.0,0.0,0.0,0.0,0.0,0.0,0.0,0.0
1.0,0.0,0.0,0.0,0.0,0.0,0.0,0.0
1.0,0.0,0.0,0.0,0.0,0.0,0.0,0.0
1.0,0.0,0.0,0.0,0.0,0.0,0.0,0.0
1.0,0.0,0.0,0.0,0.0,0.0,0.0,0.0
1.0,0.0,0.0,0.0,0.0,0.0,0.0,0.0
1.0,0.0,0.0,0.0,0.0,0.0,0.0,0.0
1.0,0.0,0.0,0.0,0.0,0.0,0.0,0.0
1.0,0.0,0.0,0.0,0.0,0.0,0.0,0.0
1.0,0.0,0.0,0.0,0.0,0.0,0.0,0.0
1.0,0.0,0.0,0.0,0.0,0.0,0.0,0.0
1.0,0.0,0.0,0.0,0.0,0.0,0.0,0.0
1.0,0.0,0.0,0.0,0.0,0.0,0.0,0.0
1.0,0.0,0.0,0.0,0.0,0.0,0.0,0.0
1.0,0.0,0.0,0.0,0.0,0.0,0.0,0.0
1.0,0.0,0.0,0.0,0.0,0.0,0.0,0.0
1.0,0.0,0.0,0.0,0.0,0.0,0.0,0.0
1.0,0.0,0.0,0.0,0.0,0.0,0.0,0.0
1.0,0.0,0.0,0.0,0.0,0.0,0.0,0.0
1.0,0.0,0.0,0.0,0.0,0.0,0.0,0.0
1.0,0.0,0.0,0.0,0.0,0.0,0.0,0.0
1.0,0.0,0.0,0.0,0.0,0.0,0.0,0.0
1.0,0.0,0.0,0.0,0.0,0.0,0.0,0.0
1.0,0.0,0.0,0.0,0.0,0.0,0.0,0.0
1.0,0.0,0.0,0.0,0.0,0.0,0.0,0.0
1.0,0.0,0.0,0.0,0.0,0.0,0.0,0.0
1.0,0.0,0.0,0.0,0.0,0.0,0.0,0.0
1.0,0.0,0.0,0.0,0.0,0.0,0.0,0.0
1.0,0.0,0.0,0.0,0.0,0.0,0.0,0.0
1.0,0.0,0.0,0.0,0.0,0.0,0.0,0.0
1.0,0.0,0.0,0.0,0.0,0.0,0.0,0.0
1.0,0.0,0.0,0.0,0.0,0.0,0.0,0.0
1.0,0.0,0.0,0.0,0.0,0.0,0.0,0.0
1.0,0.0,0.0,0.0,0.0,0.0,0.0,0.0
1.0,0.0,0.0,0.0,0.0,0.0,0.0,0.0
1.0,0.0,0.0,0.0,0.0,0.0,0.0,0.0
1.0,0.0,0.0,0.0,0.0,0.0,0.0,0.0
1.0,0.0,0.0,0.0,0.0,0.0,0.0,0.0
1.0,0.0,0.0,0.0,0.0,0.0,0.0,0.0
1.0,0.0,0.0,0.0,0.0,0.0,0.0,0.0
1.0,0.0,0.0,0.0,0.0,0.0,0.0,0.0
1.0,0.0,0.0,0.0,0.0,0.0,0.0,0.0
1.0,0.0,0.0,0.0,0.0,0.0,0.0,0.0
1.0,0.0,0.0,0.0,0.0,0.0,0.0,0.0
1.0,0.0,0.0,0.0,0.0,0.0,0.0,0.0
1.0,0.0,0.0,0.0,0.0,0.0,0.0,0.0
1.0,0.0,0.0,0.0,0.0,0.0,0.0,0.0
1.0,0.0,0.0,0.0,0.0,0.0,0.0,0.0
1.0,0.0,0.0,0.0,0.0,0.0,0.0,0.0
1.0,0.0,0.0,0.0,0.0,0.0,0.0,0.0
1.0,0.0,0.0,0.0,0.0,0.0,0.0,0.0
1.0,0.0,0.0,0.0,0.0,0.0,0.0,0.0
1.0,0.0,0.0,0.0,0.0,0.0,0.0,0.0
1.0,0.0,0.0,0.0,0.0,0.0,0.0,0.0
1.0,0.0,0.0,0.0,0.0,0.0,0.0,0.0
0.984134853743183,0.015865146256817054,0.0,0.0,0.0,0.0,0.0,0.0
0.9682712805512865,0.0317287194487135,0.0,0.0,0.0,0.0,0.0,0.0
0.9524092801903629,0.03172714653975808,0.01586357326987904,0.0,0.0,0.0,0.0,0.0
0.9365488524265106,0.031725573786744656,0.031725573786744656,0.0,0.0,0.0,0.0,0.0
0.9365519976207,0.03172400118965005,0.03172400118965005,0.0,0.0,0.0,0.0,0.0
0.9365551425030979,0.031722428748451055,0.031722428748451055,0.0,0.0,0.0,0.0,0.0
0.936558287073751,0.0317208564631245,0.0317208564631245,0.0,0.0,0.0,0.0,0.0
0.9365614313327055,0.03171928433364722,0.03171928433364722,0.0,0.0,0.0,0.0,0.0
0.9366141342055704,0.031717712359996035,0.03166815343443354,0.0,0.0,0.0,0.0,0.0
0.9366172753853016,0.031716140542147775,0.03166658407255067,0.0,0.0,0.0,0.0,0.0
0.9366235568108617,0.031712997373767406,0.031663445815370894,0.0,0.0,0.0,0.0,0.0
0.9366266970567833,0.03171142602318898,0.03166187692002775,0.0,0.0,0.0,0.0,0.0
0.9365802903433583,0.03175940147649012,0.031660308180151614,0.0,0.0,0.0,0.0,0.0
0.9365834324217202,0.031757827982560445,0.03165873959571938,0.0,0.0,0.0,0.0,0.0
0.9365897156445061,0.03175468146239968,0.03165560289309422,0.0,0.0,0.0,0.0,0.0
0.9366423936196562,0.03170357160548868,0.03165403477485511,0.0,0.0,0.0,0.0,0.0
0.9365959976223499,0.031702001188825046,0.031702001188825046,0.0,0.0,0.0,0.0,0.0
0.9365032194155523,0.03174839029222387,0.03174839029222387,0.0,0.0,0.0,0.0,0.0
0.9365095087163233,0.03174524564183835,0.03174524564183835,0.0,0.0,0.0,0.0,0.0
0.936367237793404,0.03179162127364564,0.03184114093295038,0.0,0.0,0.0,0.0,0.0
0.9357793622499505,0.03238265002970885,0.03183798772034066,0.0,0.0,0.0,0.0,0.0
0.9346469947519557,0.033468660263392416,0.031884344984651945,0.0,0.0,0.0,0.0,0.0
0.9325314325314326,0.0350955350955351,0.03232353232353232,4.95000495000495e-05,0.0,0.0,0.0,0.0
0.9298297703879652,0.036322248614410135,0.03369952494061758,0.0001484560570071259,0.0,0.0,0.0,0.0
0.9275183059568574,0.03765090045517514,0.034632891351672274,0.00019790223629527012,0.0,0.0,0.0,0.0
0.9250667721832031,0.03867840538134336,0.035958057176773174,0.0002967652586803838,0.0,0.0,0.0,0.0
0.9227079418455147,0.03990703194540599,0.03703886855899515,0.00034615765008406686,0.0,0.0,0.0,0.0
0.9205399525316456,0.041089794303797465,0.038024129746835444,0.000346123417721519,0.0,0.0,0.0,0.0
0.918421833283892,0.04212399881340848,0.03910807871057055,0.00034608919212894296,0.0,0.0,0.0,0.0
0.9162052600355942,0.043157998813525805,0.04029068617757564,0.0003460549733043306,0.0,0.0,0.0,0.0
0.9128866488783477,0.044569621504101195,0.04200019764798893,0.0005435319695622097,0.0,0.0,0.0,0.0
0.9104743083003952,0.0458498023715415,0.04313241106719368,0.0005434782608695652,0.0,0.0,0.0,0.0
0.9067871962062833,0.04791543173285912,0.04470460383323454,0.0005927682276229994,0.0,0.0,0.0,0.0
0.9029883921956039,0.04993825635959496,0.04648061249691282,0.0005927389478883675,0.0,0.0,0.0,0.0
0.8982180759168764,0.05251986771311516,0.04837356236734291,0.000888494002665482,0.0,0.0,0.0,0.0
0.8942511719713793,0.054132741179373306,0.05062916358253146,0.0009869232667160128,0.0,0.0,0.0,0.0
0.890818491292121,0.05619418816912527,0.051951255612018354,0.0010360649267354089,0.0,0.0,0.0,0.0
0.8876448828606659,0.057657213316892726,0.053563501849568436,0.0011344019728729963,0.0,0.0,0.0,0.0
0.8843953442493588,0.059183270862102975,0.0552870388636812,0.0011343460248569737,0.0,0.0,0.0,0.0
0.8813291919341321,0.060740521619089875,0.05664842478923236,0.001281861657545728,0.0,0.0,0.0,0.0
0.8783024447949527,0.06171135646687697,0.05860607255520505,0.0013801261829652998,0.0,0.0,0.0,0.0
0.8763862191335207,0.062004041598895956,0.06022968110798955,0.0013800581595938687,0.0,0.0,0.0,0.0
0.8753573188762938,0.06200098570724495,0.06126170527353376,0.0013799901429275504,0.0,0.0,0.0,0.0
0.8747289572245219,0.06253696037847428,0.06135422826729746,0.0013798541297062883,0.0,0.0,0.0,0.0
0.8745872961119598,0.06268171290592815,0.0613512048489627,0.0013797861331493618,0.0,0.0,0.0,0.0
0.8734108603528137,0.06322065635163103,0.06198876515226175,0.0013797181432935843,0.0,0.0,0.0,0.0
0.8727828143476547,0.0635593220338983,0.06227828143476547,0.0013795821836815136,0.0,0.0,0.0,0.0
0.8717051781051387,0.06434448440656254,0.06257082327437552,0.0013795142139232399,0.0,0.0,0.0,0.0
0.8706832848908813,0.0650770973939603,0.06286023942066112,0.0013793782944972659,0.0,0.0,0.0,0.0
0.8700064036254371,0.06551401408797596,0.06310033988473474,0.0013792424018521255,0.0,0.0,0.0,0.0
0.8689291695399468,0.06610186188552852,0.06358979410895478,0.0013791744655698946,0.0,0.0,0.0,0.0
0.8679570527974784,0.06668636721828211,0.0639775413711584,0.0013790386130811663,0.0,0.0,0.0,0.0
0.8665977249224406,0.06756290934160634,0.06441128674841187,0.0014280789875412419,0.0,0.0,0.0,0.0
0.8653372722796652,0.06829148202855737,0.06489414081733136,0.0014771048744460858,0.0,0.0,0.0,0.0
0.8640705001969279,0.06892477353288697,0.06552776683733753,0.0014769594328475778,0.0,0.0,0.0,0.0
0.8617838157117543,0.07033864934042135,0.06635164402441425,0.00152589092341012,0.0,0.0,0.0,0.0
0.8595541557994193,0.07165001722356183,0.06717189114708921,0.0016239358299296295,0.0,0.0,0.0,0.0
0.8572342204949083,0.07310473754120136,0.0679391941752349,0.0017218477886554828,0.0,0.0,0.0,0.0
0.8552456839309429,0.0742216319905563,0.06876198908071418,0.0017706949977866313,0.0,0.0,0.0,0.0
0.8529209284028324,0.07533438237608182,0.06987608182533438,0.0018194335169158143,4.917387883556255e-05,0.0,0.0,0.0
0.8500983284169125,0.07630285152409046,0.07168141592920355,0.0018682399213372665,4.9164208456243856e-05,0.0,0.0,0.0
0.8479650019661816,0.07756586708611876,0.07250294927251277,0.0019170271333071175,4.915454187966968e-05,0.0,0.0,0.0
0.8457002457002457,0.07906633906633907,0.07316953316953317,0.002014742014742015,4.914004914004914e-05,0.0,0.0,0.0
0.8443057875601847,0.08032819101896434,0.07325341456224821,0.002063476466542203,4.913039206052864e-05,0.0,0.0,0.0
0.8424852652259333,0.08138506876227898,0.07391944990176817,0.0021611001964636544,4.911591355599214e-05,0.0,0.0,0.0
0.8409291818092526,0.08250662999705334,0.07435418917591592,0.002160887928494254,4.9111089283960316e-05,0.0,0.0,0.0
0.8393734040463563,0.08323512080141426,0.07518169318405028,0.002160675702219603,4.910626595953644e-05,0.0,0.0,0.0
0.838112540508691,0.08406167141313954,0.07561622311695963,0.0021604635176274184,4.910144358244132e-05,0.0,0.0,0.0
0.8370152184585175,0.08463426607756505,0.07609229258713794,0.0022091310751104565,4.909180166912126e-05,0.0,0.0,0.0
0.8346421910277805,0.08594286836163738,0.07710807892411897,0.0022577795229213704,4.908216354176892e-05,0.0,0.0,0.0
0.8331779598645798,0.0867965261763407,0.07757224866297041,0.0024041999901869386,4.906530592218242e-05,0.0,0.0,0.0
0.8317307692307693,0.08766679748822606,0.07810047095761381,0.0024529042386185244,4.905808477237049e-05,0.0,0.0,0.0
0.830431157109923,0.08858586354049149,0.07843233433070093,0.002501594153136803,4.905086574778045e-05,0.0,0.0,0.0
0.8304477904752563,0.08906763450880377,0.07793418019520329,0.0025013487664917356,4.9046054244935994e-05,0.0,0.0,0.0
0.8302358652478792,0.08949149217868876,0.0776737115676948,0.0025498945716667483,4.903643407051439e-05,0.0,0.0,0.0
0.8299583231184113,0.09016915910762442,0.07727384162784996,0.0025496445207158617,4.903162539838196e-05,0.0,0.0,0.0
0.8293950387292872,0.09084223943523875,0.07706637905677027,0.002549269536229042,0.00014707324247475241,0.0,0.0,0.0
0.828620436167606,0.09135015927468758,0.0771379563832394,0.0025974025974025974,0.00019603038470963,0.0,9.8015192354815e-05,0.0
0.828148728751286,0.09155930044579434,0.07710772546906383,0.00259638465683633,0.00044089550776465976,0.0,0.0001469651692548866,0.0
0.8274409950053864,0.09191068455587112,0.07717167760258545,0.002644207227499755,0.0006365684066203114,0.0,0.0001958672020370189,0.0
0.8278680501174628,0.091327329678935,0.07698707909162099,0.00269185591229444,0.0008809710258418168,0.0,0.0002447141738449491,0.0
0.8285308937918888,0.08981948045594638,0.07744239518614549,0.0026906707108262807,0.0012719534269360598,0.0,0.0002446064282569346,0.0
0.829732107938991,0.08931364880719593,0.0761634728197106,0.002737583105201408,0.00171098944075088,9.777082518576456e-05,0.00024442706296441143,0.0
0.8319491939423547,0.0882266731802638,0.07440156326331217,0.00273571079628725,0.0022471910112359553,9.770395701025892e-05,0.00034196384953590623,0.0
0.8323896915267474,0.08756345177664974,0.07379929714955095,0.002733307301835221,0.00302616165560328,0.00014642717688402967,0.0003416634127294026,0.0
0.8329511635849148,0.08693955212957993,0.07347416695126116,0.002732107137629897,0.0034151339220373713,0.0001463628823730302,0.00034151339220373715,0.0
0.8331058685903685,0.0865178397348411,0.07291869760187171,0.0027783193604991228,0.004094365373367128,0.00019496977968414895,0.0003899395593682979,0.0
0.8324082189112864,0.08632778264680105,0.07279189794527217,0.002775343266140812,0.005063784204888499,0.00019476093095724997,0.00043821209465381246,0.0
0.8319875474267925,0.08629244089892013,0.07238058176865454,0.0028212861173265882,0.005691215098745014,0.00024321432045918862,0.0005837143691020527,0.0
0.8306287046934214,0.08638616266640754,0.07263628413176562,0.0028665824506850647,0.0066077154795452335,0.0002915168593917015,0.000583033718783403,0.0
0.8309968469560999,0.0837254426388552,0.07344166868784865,0.002910502061605627,0.007615813727868057,0.0006306087800145525,0.0006791171477079797,0.0
0.833171772004653,0.08069988367584335,0.07352656068243506,0.0029081039162466072,0.00819115936409461,0.0006785575804575417,0.0008239627762698721,0.0
0.8321796795585459,0.0803523887893896,0.07381770656856576,0.0030495183697177987,0.008809719734740307,0.0007744808558013456,0.0010165061232392662,0.0
0.8302470628052023,0.08040419668326645,0.07474737707295846,0.0031910264468404,0.009524730454963014,0.000821931054489194,0.0010636754822801334,0.0
0.8278858687780621,0.08110848259547145,0.07517018297687443,0.0032829623907690824,0.010331675759185054,0.0009172983150678318,0.001255250325882296,4.8278858687780624e-05
0.8258332127526166,0.08151256451068345,0.07596585154102156,0.003279795495104423,0.010996961365938359,0.0010128780205469542,0.0013505040273959388,4.82322866927121e-05
0.8234387047031612,0.08254626060138782,0.07661912104857363,0.0033731688511950656,0.011516962220508867,0.0010119506553585196,0.0014456437933693137,4.818812644564379e-05
0.8220220605943837,0.08371465729011127,0.0765859062665575,0.0034198738018399884,0.011704638504888974,0.00105967920620394,0.0014450170993690092,4.816723664563364e-05
0.8193455245428296,0.0846968238691049,0.0775264677574591,0.0034648700673724736,0.01231953801732435,0.0010587102983638113,0.0015399422521655437,4.812319538017324e-05
0.8176745081060278,0.08543801414345505,0.07817385866166354,0.003415596286140376,0.012604031365757445,0.0010583537788040602,0.0015875306682060903,4.8106989945639104e-05
0.8167083493651405,0.08642747210465564,0.07801077337437476,0.0034147749134282417,0.012697191227395151,0.0011061946902654867,0.001587148903424394,4.809542131589073e-05
0.8155717995575646,0.08714052130422237,0.07843608733288449,0.003414446474944696,0.012695969991343656,0.0011060882947003944,0.001586996248917957,4.8090795421756275e-05
0.8148557692307692,0.08721153846153847,0.07899038461538462,0.0035096153846153845,0.012692307692307692,0.0011057692307692307,0.0015865384615384615,4.807692307692308e-05
0.8138729990866702,0.08763159159736576,0.0795077633033697,0.0035091092630870546,0.012738547324905062,0.0011056097678219488,0.00158630966687497,4.806998990530212e-05
0.8134672690570028,0.0884360280688263,0.07906373161588004,0.0035086032875132176,0.012784773622993368,0.0011054503508603286,0.0015860809381909064,4.806305873305777e-05
0.8129956264718604,0.08896044600374874,0.07905993175373673,0.003508434661412025,0.012736098428413514,0.0011053972220887202,0.001586004709953381,4.806074878646609e-05
0.8118212397885632,0.0897164824603556,0.0794329649207112,0.0035079288803459875,0.012782316194137434,0.0011052378664103797,0.0015857760691975011,4.805382027871216e-05
0.8110406457192274,0.09032382050542904,0.0795137887960027,0.0035072547323916595,0.012827904295185932,0.001105025463630249,0.0016335159027577593,4.804458537522821e-05
0.8103837471783296,0.09101388021708852,0.07924691417319053,0.003506075596753278,0.012967676864703905,0.0011526823879736805,0.001680995149128284,4.802843283223668e-05
0.8105071071840184,0.09133691893968499,0.07875528236650019,0.0035055704955820207,0.013013830195927776,0.001152516327314637,0.0016807529773338456,4.8021513638109875e-05
0.8105915114269253,0.09122335317841368,0.0786441328980219,0.003456884962550413,0.013203380065296717,0.0011522949875168043,0.001680430190128673,4.801229114653351e-05
0.8110599078341014,0.09091781874039939,0.07838901689708141,0.0035042242703533025,0.013248847926267281,0.001152073732718894,0.0016801075268817205,4.8003072196620584e-05
0.8110209763356214,0.09115345845533529,0.07814525032400518,0.0034560552968847503,0.013344213507416118,0.0011520184322949168,0.001680026880430087,4.8000768012288194e-05
0.8108354527568501,0.09127117424060656,0.07802677671673305,0.0034550602236191755,0.013484332261624838,0.001199673688756658,0.0016795431642593216,4.798694755026633e-05
0.8094713656387665,0.09049990423290558,0.07805018195747941,0.003399731852135606,0.015514269297069528,0.0011970886803294388,0.001819574794100747,4.788354721317755e-05
0.807934689200802,0.0901365415831185,0.07710302683089851,0.0033896686718227825,0.01809414685381457,0.0014322543683758235,0.0018619306788885707,4.774181227919412e-05
0.8053678500047587,0.08951175406871609,0.07713905015703816,0.0032835252688683736,0.020795660036166366,0.001713143618540021,0.002141429523175026,4.75873227372228e-05
0.8037941664690539,0.08873606829499645,0.07626274602798198,0.0032724685795589284,0.023713540431586435,0.0019919373962532607,0.0021816457197059522,4.742708086317287e-05
0.8009263635504301,0.08857169864826543,0.07614141223177995,0.003355704697986577,0.02632573967293695,0.002221381983174213,0.0024104357689762736,4.726344645051517e-05
0.7984916332783408,0.08838086259721895,0.07621965590384162,0.0033466886636813577,0.028281876031110063,0.0024982323827480554,0.002733914683007306,4.713646005185011e-05
0.7965974245699784,0.08830717172666604,0.07533602782216374,0.003289782874330294,0.030688974527681174,0.002866810790487828,0.002866810790487828,4.699689820471849e-05
0.7942568042347871,0.08750644118611514,0.07537358879467841,0.0032323043050545746,0.03340047781889727,0.0030449243453412656,0.00313861432519792,4.6844989928327164e-05
0.7922077922077922,0.0868448098663926,0.07544613659721573,0.0031766794356722413,0.03573764365131272,0.003223395309726245,0.0032701111837802484,9.34317481080071e-05
0.7894589812831735,0.08604153086879597,0.07584505074960425,0.003119471086693361,0.03831827916938262,0.003491945246298538,0.0036316230561504797,9.311853990129435e-05
0.7886190210310813,0.08617159873441281,0.07598176065512749,0.0030709101060859855,0.03880513679508654,0.0035827284571003162,0.003675786339102922,9.305788200260562e-05
0.787953488372093,0.08576744186046512,0.07674418604651163,0.0030232558139534882,0.03906976744186046,0.0035813953488372094,0.003767441860465116,9.302325581395348e-05
0.7869858238438299,0.08580060422960725,0.07710899372530793,0.003067627236811527,0.0395537996746456,0.0036253776435045317,0.003764815245177783,9.295840111550081e-05
0.7858736059479554,0.0862453531598513,0.07764869888475837,0.003066914498141264,0.03968401486988848,0.00362453531598513,0.0037639405204460967,9.29368029739777e-05
0.7853758245842237,0.08603549196320728,0.0781380655950943,0.003066059648796804,0.03985877543435845,0.003669980488711326,0.003762891387159714,9.2910898448388e-05
0.7841325843739845,0.08588273524905993,0.07896569332900051,0.0031103477090200084,0.040341674016990854,0.003667424910635532,0.003806694211039413,9.284620026925398e-05
0.782130424692504,0.08688790902761662,0.07992573682989093,0.0032025992109538178,0.04019494082153632,0.0036667440241355304,0.0038524019494082153,0.0001392434439545138
0.7810005568962317,0.08766474846853536,0.08014664934100613,0.003109337293484314,0.04037497679599035,0.0037126415444588825,0.0038518656023760907,0.0001392240579172081
0.7799990723131871,0.08822301590982884,0.08033767799990724,0.0032469038452618395,0.0404935293844798,0.003710747251727817,0.0038499002736676097,0.00013915302193979312
0.7795918367346939,0.0887291280148423,0.08028756957328385,0.003246753246753247,0.04044526901669759,0.0037105751391465678,0.003849721706864564,0.0001391465677179963
0.7790142347104373,0.08865396207168359,0.08067881485603004,0.003199332313256364,0.04066397737283813,0.0037557379329531226,0.0038948393378773127,0.00013910140492418973
0.7779064918215096,0.08929150641768221,0.08062647699365183,0.003197256846299986,0.041147305500208516,0.003799638570965201,0.003892312682452157,0.00013901116723043417
0.777124334336652,0.08978930307941653,0.08043528594582079,0.0032414910858995136,0.04149108589951377,0.0038434822875665665,0.003936096318592266,0.0001389210465385506
0.7757623432511221,0.0903706445791495,0.08060709823700893,0.003239091203553746,0.041923094720281336,0.0038406367127851557,0.004118273101661191,0.0001388181944380177
0.7752751826843031,0.09069466284340023,0.08038109333086671,0.003237443344741467,0.04231800943483489,0.003838682823050597,0.00411617796688558,0.00013874757191749144
0.7739118380925978,0.09079567507624065,0.08095370113667869,0.0033268644302744664,0.04283337953978376,0.003927548285740689,0.004112374087422604,0.0001386193512614361
0.7723873707533235,0.09139586410635155,0.08100997045790251,0.003369645494830133,0.043436115214180206,0.004015878877400295,0.004246676514032497,0.00013847858197932054
0.772136137244051,0.09112709832134293,0.08079690094078583,0.0034126544917911826,0.04390333886736764,0.0040582918280760005,0.004427227448810182,0.0001383508577753182
0.7714627855563744,0.0908714075165807,0.08064664701547532,0.0034543109801031687,0.0449060427413412,0.0040530582166543845,0.004467575534266765,0.00013817243920412675
0.7706645802650958,0.09112665684830633,0.08058726067746687,0.0034517673048600882,0.04537923416789396,0.004096097201767305,0.004556332842415317,0.00013807069219440353
0.7701920426353027,0.09027841587797482,0.08030873839933841,0.003399797849857576,0.046908021685197095,0.004088946062666544,0.0046862078471009835,0.00013782964256179363
0.7695342968570773,0.08951594402385868,0.0803854094975912,0.0032576278963064925,0.04808442303280569,0.0041293874741913286,0.004955264969029594,0.00013764624913971095
0.7682725773951273,0.08953104964279172,0.0799596995786774,0.003251511265799597,0.049459607986810775,0.004350613665506503,0.004991756732002198,0.00018318373328448433
0.7677885494786904,0.0891713919882934,0.07961404792390708,0.003338211084689958,0.05025608194622279,0.004527162977867203,0.00507591000548747,0.00022864459484177793
0.7663547135357225,0.08902077151335312,0.07966217758502625,0.0033325724720383474,0.05163204747774481,0.004519516092216389,0.005249942935402876,0.00022825838849577722
0.76534937782032,0.08924745886321163,0.07903733078080132,0.0032818268836318884,0.05296503942750353,0.0046036738228725105,0.005287387756962487,0.00022790464469665892
0.7631674702083144,0.08969344128081506,0.07877740380241972,0.003229327754025289,0.05494405530792323,0.0045938324388247066,0.005367051760211044,0.00022741744746656962
0.761716621253406,0.08928247048138056,0.07929155313351499,0.0032697547683923707,0.05594913714804723,0.004768392370572207,0.005495004541326067,0.00022706630336058128
0.7601414132257626,0.08915378688301681,0.0792276662285274,0.0032180573811358385,0.057381135838281284,0.004895073199474233,0.005756243484566922,0.0002266237592349182
0.7579966520381849,0.08921865810071031,0.07971768538207483,0.0032574763606750216,0.058634574492150385,0.005021942722707325,0.005881554540107678,0.00027145636338958513
0.7564808960346853,0.08910667509710053,0.07980308915183813,0.0032969018155541503,0.05988618914280553,0.005148586396892783,0.005961521091139012,0.0003161412699846446
0.7549032868930069,0.08922854952883358,0.07980522115514677,0.003246314080887326,0.06086838901663736,0.005365435772577663,0.006267189683935254,0.00031561386897515666
0.7530391715443494,0.0895092300765421,0.08018910400720396,0.0032417829806393518,0.061773975686627645,0.005628095452498875,0.006303466906798739,0.00031517334533993696
0.751731893837157,0.09005847953216374,0.08016194331983806,0.0032388663967611335,0.06230319388214125,0.005802968960863698,0.006387764282501125,0.0003148897885739991
0.7504271198633217,0.09027965111051164,0.08074813416059706,0.003192158978509127,0.0624943800017984,0.005934718100890208,0.006609117885082277,0.0003147198992896322
0.7492586935034594,0.0904843202444065,0.08109443795489263,0.0031898643184473,0.0628538053733489,0.006110162638152575,0.006694222302093629,0.00031449366519902954
0.7487877155172413,0.09060704022988506,0.08095366379310345,0.003187859195402299,0.06344288793103449,0.00610632183908046,0.0066002155172413795,0.00031429597701149425
0.7484059272563988,0.09079479119892232,0.08123035473731477,0.003143242029636282,0.06317916479568927,0.0061966771441400986,0.00673551863493489,0.0003143242029636282
0.7482369851322823,0.09104792705385617,0.08139064816062526,0.0030094776085882406,0.06297444189911512,0.006333378250909581,0.0066927188608902665,0.00031442303373309974
0.7472162356321839,0.09123563218390805,0.08189655172413793,0.002963362068965517,0.06330818965517242,0.006375718390804598,0.006690014367816092,0.00031429597701149425
0.746767821871072,0.09135392350511762,0.08210630274735141,0.002962829951517328,0.06352127850601544,0.006374573532052433,0.006599030346561322,0.0003142395403124439
0.7457809694793537,0.09187612208258528,0.08254039497307002,0.003052064631956912,0.06342010771992819,0.006418312387791741,0.006597845601436266,0.0003141831238779174
0.7455124753186142,0.09235325794291868,0.08225632740980075,0.0030963920301561657,0.06345359899479447,0.006506910788009334,0.006506910788009334,0.00031412672769700234
0.744659845629151,0.09271225991742954,0.08288458086519476,0.0031412672769700234,0.06309459702028361,0.006506910788009334,0.006641536528450906,0.0003590019745108598
0.7440096921834335,0.0930180382302791,0.08323611235753388,0.003185856591582159,0.06290944987884771,0.006506326841963565,0.006775554159562057,0.0003589697567979898
0.743327501906428,0.09388597317543623,0.08289597631543534,0.003229713362939039,0.06293455344727045,0.006683712376082178,0.006683712376082178,0.00035885704032655993
0.7430032292787944,0.09441155364190887,0.0826157158234661,0.0032292787944025836,0.06292608539648367,0.006727664155005382,0.006727664155005382,0.0003588087549336204
0.7425818018825638,0.09430748543254146,0.08265351860152398,0.003272075302554908,0.06342447333034514,0.006723442402510085,0.0066786194531600175,0.00035858359480053786
0.742283743224477,0.09407337723424271,0.08269497827352955,0.003270169780047485,0.06370111544147292,0.006943511176813152,0.006674730099001031,0.0003583747704161627
0.7421116233272166,0.093720628384729,0.08248668486774381,0.0033119992838920465,0.0643602023004968,0.006937295797341449,0.006713512061943338,0.00035805397663697804
0.7407208657544048,0.09413290403362848,0.08281906806189071,0.0033539039441910384,0.0649315803595385,0.00697612020391736,0.006707807888382077,0.0003577497540470441
0.7397364306455215,0.09403618494527585,0.08304668304668304,0.0033504578959124413,0.06557962921599285,0.0070136251954433775,0.006834934107661381,0.00040205494750949295
0.7386140382211109,0.0945704590105376,0.08322914806215395,0.0033041614574031075,0.06581532416502947,0.00705483121986069,0.007010180389355242,0.00040185747454902663
0.737462073888988,0.09543994288773872,0.08294663573085846,0.0033018026057469213,0.06616990897733357,0.00718365161520614,0.007094413706942709,0.00040157058718543636
0.7368444523724581,0.09552265429896539,0.08308062789867998,0.003300035676061363,0.06640206921155904,0.007268997502675705,0.007179807349268641,0.0004013556903317874
0.7363798484172983,0.09598751671868033,0.08296923762817655,0.0033437360677663844,0.0664288898796255,0.0073562193490860454,0.007133303611234953,0.00040124832813196614
0.7358877255513477,0.09596792158609935,0.0829583426152818,0.003386054800623747,0.06660726219648029,0.007484963243484072,0.007306749832924927,0.0004009801737580753
0.7351146737920286,0.09654865286127812,0.08301046537519484,0.0035626809173903364,0.06631039857492764,0.0074370964150523265,0.007570696949454465,0.00044533511467379205
0.7344104686874082,0.09658610406373792,0.0832331864512396,0.0035162683046245603,0.06658654916099167,0.0074776338629990655,0.007744692215249032,0.0004450972537499444
0.733395572152574,0.09682582021872499,0.08299991108740108,0.0035565039566106517,0.06726238107939896,0.007602027207255268,0.0079132213034587,0.00044456299457633147
0.7328471697274223,0.09698074614255858,0.08355195873538174,0.00342389612699542,0.06709947085241674,0.007737115923340299,0.007959446840677665,0.0004001956512072569
0.7316205884967553,0.09711974397724242,0.0844075028891457,0.0034669748422081962,0.06716152546893057,0.007645124011023202,0.008178504755978309,0.00040003555871633034
0.7317864604169445,0.09712406098590923,0.08427790372049607,0.0033782282082055384,0.06716451082366538,0.007645463839623061,0.008223318664710851,0.00040005334044539273
0.7315382564649426,0.09712965431440505,0.08428863414200657,0.003421309872922776,0.06727094996889718,0.007731271660890429,0.00822003021416511,0.0003998933617701946
0.731577310887043,0.09718829120952338,0.08408475103273665,0.00350908364056323,0.0671611957535646,0.007817705325811754,0.008261893128414693,0.00039976902234264646
0.7306173168242134,0.09736830426485599,0.08418763591177385,0.0035503483779345847,0.06758975724492966,0.00789952514090445,0.008343318688146275,0.0004437935472418231
0.7308869858454985,0.09730665128455429,0.08395083640236056,0.003594089719128544,0.06775524692727515,0.007765008652438212,0.008297466388605405,0.00044371478013932646
0.7309772969137992,0.09715324583185526,0.08354026250443419,0.0036360411493437388,0.06806491663710536,0.007848527846754168,0.00833628946434906,0.00044341965235899253
0.7300926131076351,0.09717729427925732,0.08392785926352639,0.003677936810386848,0.0681526122213852,0.007976248504453406,0.008552310896441706,0.00044312491691407807
0.7297345211186456,0.09750476443735319,0.08420866019589593,0.003678588840136507,0.06789877232637503,0.007977662544874352,0.008553827062004166,0.00044320347471524176
0.7297908172309874,0.09789930863322106,0.0838060627548307,0.003678425811026414,0.06780712639602907,0.008110264137564261,0.00846481120368729,0.0004431838326537848
0.7293966396240635,0.09837301059538059,0.08409806268564082,0.0036795673183490714,0.06738484727579022,0.008290109500376824,0.008334441636742474,0.0004433213636565146
0.7289901991219123,0.09907312962880838,0.08430529070025278,0.0038139163599272695,0.06661049270477626,0.008204354960308661,0.008470442148210564,0.000532174375803805
0.7287285955106024,0.09937006476798864,0.0846420015970189,0.0038594623369709873,0.06623192263330671,0.008162541034513353,0.008517434122970456,0.00048797799662851567
0.7288097985266708,0.09936096565190379,0.08498269281973907,0.0038608325197479363,0.06594479453270613,0.008121061507056004,0.008431703204047217,0.00048815123812904945
0.7282854733478319,0.09928542896453775,0.08570414096134216,0.0038169632950157562,0.06577604189782965,0.008166526119568595,0.008477209178465226,0.0004882162354089921
0.7278938728426283,0.09938329118416966,0.08571808864634634,0.0038156085008207996,0.06624073827587737,0.008074892408713785,0.008385465193664315,0.0004880429477794046
0.7276639162452311,0.09976931949250288,0.08552923431816166,0.0038594623369709873,0.06605447608907816,0.008162541034513353,0.008473072486913317,0.00048797799662851567
0.7273976854520463,0.09958763800824724,0.08557619828847604,0.0038575799228484017,0.06655433866891322,0.008114219837715602,0.008424599831508003,0.0004877399902452002
0.7272404771407033,0.09981818988071482,0.08567247572169749,0.003857922043368365,0.0664715533679216,0.008159283402066427,0.008292315196665337,0.00048778324686266685
0.7271436809652664,0.1002528501086812,0.0857028789424655,0.003859291132502329,0.06640642327995387,0.008162178946901476,0.007984740274142749,0.00048795635008650135
0.7261234085969037,0.10043028878143992,0.0867231513108282,0.0039923701370713745,0.06600718626624673,0.008117819278711795,0.008117819278711795,0.00048795635008650135
0.7254023854919522,0.10122821797543564,0.08632997827340043,0.0040349399193012015,0.06615527867689443,0.008202899835942003,0.008158559836828803,0.0004877399902452002
0.7245201046238419,0.10160925655007315,0.08671365873121425,0.004034224409274283,0.06618787959391763,0.008245777364011171,0.00820144522764552,0.0004876535000221661
0.7239606417870756,0.10185267263540466,0.0870046981650563,0.004166297314067902,0.06608456697101321,0.00824395000443223,0.008155305380728659,0.0005318677422214343
0.7231007751937985,0.10157253599114065,0.08766334440753046,0.004119601328903655,0.0667109634551495,0.008106312292358805,0.00823920265780731,0.0004872646733111849
0.7235012839812273,0.10125741609846808,0.08722217302753918,0.004117594970335606,0.06707695032320907,0.008058089081732046,0.008279465155406004,0.0004870273620827061
0.7230585318338794,0.1016558930310812,0.08739927388647835,0.004206145399805189,0.06672274860533074,0.008146639511201629,0.008323740370140794,0.0004870273620827061
0.7223770963316961,0.10164166556042303,0.08774724545333865,0.004292225319704412,0.06681711580158414,0.00823045267489712,0.00840745165715297,0.00048674720120359306
0.7220107974157005,0.10195592530312417,0.08797238693689707,0.004336666961678025,0.0665988140543411,0.008275068590140721,0.008363571997521904,0.000486768740596513
0.7218756912187569,0.10196859101968592,0.08790090687900907,0.00433532404335324,0.06688785666887857,0.00827250608272506,0.00827250608272506,0.00048661800486618007
0.7215783420330886,0.10174290011501372,0.08838361496947714,0.004246660178713616,0.06670795364062639,0.008404848270370698,0.008449084313898965,0.00048659647881093513
0.7208624193690908,0.101661217637183,0.08827427763541575,0.004373950693646727,0.06711142528938764,0.008659538747017761,0.008526994786604224,0.0005301758416541486
0.7195197316147258,0.10214531650039728,0.08850534122009358,0.004458373797121921,0.06744945704952768,0.008696036020128896,0.008651893705305906,0.0005738500926988612
0.7196203928492606,0.10178768483778415,0.08881041712646215,0.004458177002869124,0.0671374972412271,0.008783932906643125,0.008828073273008165,0.0005738247627455308
0.7186727850335334,0.10205612424991176,0.08912813272149665,0.004368160960112955,0.06733145075891281,0.008912813272149664,0.008956936110130603,0.0005735968937522061
0.7185279971760138,0.10201650266954948,0.08952918854520585,0.004456603274059039,0.06676079954110224,0.00917795525746812,0.008957331333009752,0.0005736222035917575
0.717775719892402,0.1020417162764034,0.08978259910922962,0.004453851920448031,0.06720465670062177,0.009348679278564184,0.00886360629712925,0.0005291705252017463
0.7180515759312321,0.10204981265153185,0.08931011681728014,0.00449636323561825,0.06726912056424951,0.009477628388803174,0.008816398501212255,0.0005289839100727353
0.7169354128117015,0.10229976209357652,0.08983170323376509,0.004581901489117984,0.06727464974887655,0.009560313684025025,0.008987575997885276,0.000528680941052075
0.7172237635971287,0.1021270973708548,0.08957590170432025,0.004712203285330515,0.06729202448584137,0.009556524419782445,0.008895935174175364,0.0006165499625666094
0.7171472595201409,0.10195905789126128,0.08976447281532027,0.00488663878494387,0.06726832489544354,0.009597182478538411,0.0087607307946291,0.0006163328197226503
0.7168698560802782,0.10237225474230888,0.08947669556797676,0.004885348356146297,0.06733858544958408,0.009638660270234585,0.008802429470533868,0.0006161700629373707
0.7162221635419417,0.10236774931784173,0.09030895167678901,0.005017163982043834,0.06698354018132206,0.009594225860399612,0.008890062494498724,0.0006161429451632779
0.7163292253521126,0.1025088028169014,0.09022887323943662,0.005061619718309859,0.06672535211267605,0.009639084507042253,0.008890845070422536,0.0006161971830985916
0.7161537445515784,0.10320081010874829,0.09008057059833575,0.0050631796768370535,0.0663056399418835,0.009686082860036103,0.008893585171487695,0.0006163870910932066
0.7160656892528507,0.1034209483555673,0.08999251529960815,0.0050631796768370535,0.0663056399418835,0.009686082860036103,0.008849557522123894,0.0006163870910932066
0.715053289879327,0.10420153263454593,0.09054875363340087,0.00502069937461464,0.06566546287324936,0.009865233858891922,0.009028450629789483,0.0006165771161807451
0.7151419002291557,0.10422175215935131,0.09095716552088842,0.004935660144544333,0.06526529173276925,0.009827251894940948,0.009034020800282037,0.0006169575180680416
0.7140024673951357,0.10451180824814946,0.09182234755022911,0.004978850898836799,0.06520972858653508,0.009737398660556926,0.009120549876630243,0.0006168487839266831
0.7140150680706702,0.10459532096752874,0.09181830197823501,0.0050226902233775385,0.06503062078688814,0.009736969643565229,0.009208265409525488,0.0005727629202097194
0.7142983035910994,0.10495703899537343,0.09134170522141441,0.005023132848645076,0.06525666446353823,0.009429389733421459,0.009076889182639348,0.0006168759638686935
0.7138575458392101,0.10547425952045134,0.09172249647390691,0.005156911142454161,0.06470380818053596,0.009432299012693934,0.00907968970380818,0.0005729901269393512
0.7139708151479082,0.10554159502711281,0.09178680068773971,0.005158047877264912,0.06449764140545783,0.009478464047965436,0.00899351937574395,0.0005731164308072124
0.712863436123348,0.1062114537444934,0.09176211453744493,0.0052863436123348016,0.06466960352422907,0.009691629955947136,0.008986784140969163,0.0005286343612334801
0.7125991189427313,0.10634361233480176,0.09193832599118942,0.0052863436123348016,0.06466960352422907,0.009691629955947136,0.008942731277533039,0.0005286343612334801
0.713064551663362,0.105970478078872,0.09200264375413086,0.005155320555188367,0.06486010134390835,0.009605640008812514,0.008812513769552765,0.0005287508261731659
0.7120958505858515,0.10629019469650251,0.09241476521892344,0.0051537309488150825,0.06506034710598185,0.009690776143071095,0.008765747511232491,0.0005285877896220598
0.7112118278623603,0.106353955821526,0.09244917715392062,0.0052802956965590075,0.06560767402974567,0.009768547038634164,0.008800492827598346,0.0005280295696559007
0.7106652587117213,0.10682858148539247,0.09261703625483984,0.005367828229496656,0.0651619148187258,0.009855684618092221,0.008931714185146076,0.0005719816965857093
0.710733617920169,0.1066760550983585,0.0930774985697311,0.005501034194428552,0.06442811248514721,0.00976983672930511,0.00919772917308454,0.0006161158297759979
0.710628189336618,0.10667781101530882,0.09290867499560092,0.005542847087805737,0.06493049445715292,0.009546014428998769,0.009150096779869787,0.0006158718986450818
0.7102947646282446,0.10668719753629564,0.0934007919049714,0.005543334799824021,0.06484821821381434,0.009546854377474703,0.00906291245050594,0.0006159260888693356
0.7102022867194371,0.1063764291996482,0.09349164467897977,0.00554089709762533,0.06499560246262093,0.009542656112576956,0.009234828496042216,0.0006156552330694811
0.7107009448472863,0.1058668424522083,0.0929026587563173,0.005493298176225006,0.06574379257306087,0.00940452647769721,0.009272687321467809,0.0006152493957372006
0.7103690685413006,0.10588752196836555,0.09323374340949034,0.00562390158172232,0.06542179261862917,0.009622144112478031,0.00922671353251318,0.0006151142355008787
0.7102245265609209,0.10598005184762072,0.09345753328353619,0.005668087350059317,0.06529285117975306,0.009578628234983962,0.00918318028032866,0.0006151412627971352
0.7102697004304664,0.10625494157954844,0.09290169551084951,0.005622419397346921,0.0654484757972415,0.009707458490731792,0.009180356672230518,0.0006149521215848195
0.7096080410832638,0.10608787253654041,0.09318351402361409,0.005662116490365623,0.06583856384146074,0.009875784576219111,0.00912961418601589,0.0006144932625203002
0.7094891151685393,0.10639044943820225,0.09313553370786516,0.0057496488764044945,0.06570400280898876,0.009875351123595506,0.009041432584269662,0.0006144662921348314
0.7093927018838098,0.10683704386773811,0.0933122557414482,0.005752426118649278,0.06507706494533,0.009880121196153339,0.009089711500461072,0.0006586747464102226
0.7088324338554692,0.10640164977403362,0.09372120573910754,0.005791759905225747,0.06563994559255847,0.009916194989250143,0.009038655609670484,0.000658154534684744
0.708739141879442,0.10643151706589453,0.09370887075546197,0.005747126436781609,0.06558743528998859,0.01013424585417215,0.00899359480565061,0.0006580679126085812
