btrf_pt-O+,btrf_pt-A+,btrf_pt-B+,btrf_pt-AB+,btrf_pt-O-,btrf_pt-A-,btrf_pt-B-,btrf_pt-AB-
1.0,0.0,0.0,0.0,0.0,0.0,0.0,0.0
1.0,0.0,0.0,0.0,0.0,0.0,0.0,0.0
1.0,0.0,0.0,0.0,0.0,0.0,0.0,0.0
1.0,0.0,0.0,0.0,0.0,0.0,0.0,0.0
1.0,0.0,0.0,0.0,0.0,0.0,0.0,0.0
1.0,0.0,0.0,0.0,0.0,0.0,0.0,0.0
1.0,0.0,0.0,0.0,0.0,0.0,0.0,0.0
1.0,0.0,0.0,0.0,0.0,0.0,0.0,0.0
1.0,0.0,0.0,0.0,0.0,0.0,0.0,0.0
1.0,0.0,0.0,0.0,0.0,0.0,0.0,0.0
1.0,0.0,0.0,0.0,0.0,0.0,0.0,0.0
1.0,0.0,0.0,0.0,0.0,0.0,0.0,0.0
1.0,0.0,0.0,0.0,0.0,0.0,0.0,0.0
1.0,0.0,0.0,0.0,0.0,0.0,0.0,0.0
1.0,0.0,0.0,0.0,0.0,0.0,0.0,0.0
1.0,0.0,0.0,0.0,0.0,0.0,0.0,0.0
1.0,0.0,0.0,0.0,0.0,0.0,0.0,0.0
1.0,0.0,0.0,0.0,0.0,0.0,0.0,0.0
1.0,0.0,0.0,0.0,0.0,0.0,0.0,0.0
1.0,0.0,0.0,0.0,0.0,0.0,0.0,0.0
1.0,0.0,0.0,0.0,0.0,0.0,0.0,0.0
1.0,0.0,0.0,0.0,0.0,0.0,0.0,0.0
1.0,0.0,0.0,0.0,0.0,0.0,0.0,0.0
1.0,0.0,0.0,0.0,0.0,0.0,0.0,0.0
1.0,0.0,0.0,0.0,0.0,0.0,0.0,0.0
1.0,0.0,0.0,0.0,0.0,0.0,0.0,0.0
1.0,0.0,0.0,0.0,0.0,0.0,0.0,0.0
1.0,0.0,0.0,0.0,0.0,0.0,0.0,0.0
1.0,0.0,0.0,0.0,0.0,0.0,0.0,0.0
1.0,0.0,0.0,0.0,0.0,0.0,0.0,0.0
1.0,0.0,0.0,0.0,0.0,0.0,0.0,0.0
1.0,0.0,0.0,0.0,0.0,0.0,0.0,0.0
1.0,0.0,0.0,0.0,0.0,0.0,0.0,0.0
1.0,0.0,0.0,0.0,0.0,0.0,0.0,0.0
1.0,0.0,0.0,0.0,0.0,0.0,0.0,0.0
1.0,0.0,0.0,0.0,0.0,0.0,0.0,0.0
1.0,0.0,0.0,0.0,0.0,0.0,0.0,0.0
1.0,0.0,0.0,0.0,0.0,0.0,0.0,0.0
1.0,0.0,0.0,0.0,0.0,0.0,0.0,0.0
1.0,0.0,0.0,0.0,0.0,0.0,0.0,0.0
1.0,0.0,0.0,0.0,0.0,0.0,0.0,0.0
1.0,0.0,0.0,0.0,0.0,0.0,0.0,0.0
1.0,0.0,0.0,0.0,0.0,0.0,0.0,0.0
1.0,0.0,0.0,0.0,0.0,0.0,0.0,0.0
1.0,0.0,0.0,0.0,0.0,0.0,0.0,0.0
1.0,0.0,0.0,0.0,0.0,0.0,0.0,0.0
1.0,0.0,0.0,0.0,0.0,0.0,0.0,0.0
1.0,0.0,0.0,0.0,0.0,0.0,0.0,0.0
1.0,0.0,0.0,0.0,0.0,0.0,0.0,0.0
1.0,0.0,0.0,0.0,0.0,0.0,0.0,0.0
1.0,0.0,0.0,0.0,0.0,0.0,0.0,0.0
1.0,0.0,0.0,0.0,0.0,0.0,0.0,0.0
1.0,0.0,0.0,0.0,0.0,0.0,0.0,0.0
1.0,0.0,0.0,0.0,0.0,0.0,0.0,0.0
1.0,0.0,0.0,0.0,0.0,0.0,0.0,0.0
1.0,0.0,0.0,0.0,0.0,0.0,0.0,0.0
1.0,0.0,0.0,0.0,0.0,0.0,0.0,0.0
1.0,0.0,0.0,0.0,0.0,0.0,0.0,0.0
1.0,0.0,0.0,0.0,0.0,0.0,0.0,0.0
1.0,0.0,0.0,0.0,0.0,0.0,0.0,0.0
1.0,0.0,0.0,0.0,0.0,0.0,0.0,0.0
1.0,0.0,0.0,0.0,0.0,0.0,0.0,0.0
1.0,0.0,0.0,0.0,0.0,0.0,0.0,0.0
1.0,0.0,0.0,0.0,0.0,0.0,0.0,0.0
1.0,0.0,0.0,0.0,0.0,0.0,0.0,0.0
1.0,0.0,0.0,0.0,0.0,0.0,0.0,0.0
1.0,0.0,0.0,0.0,0.0,0.0,0.0,0.0
1.0,0.0,0.0,0.0,0.0,0.0,0.0,0.0
1.0,0.0,0.0,0.0,0.0,0.0,0.0,0.0
1.0,0.0,0.0,0.0,0.0,0.0,0.0,0.0
1.0,0.0,0.0,0.0,0.0,0.0,0.0,0.0
1.0,0.0,0.0,0.0,0.0,0.0,0.0,0.0
1.0,0.0,0.0,0.0,0.0,0.0,0.0,0.0
1.0,0.0,0.0,0.0,0.0,0.0,0.0,0.0
1.0,0.0,0.0,0.0,0.0,0.0,0.0,0.0
1.0,0.0,0.0,0.0,0.0,0.0,0.0,0.0
1.0,0.0,0.0,0.0,0.0,0.0,0.0,0.0
1.0,0.0,0.0,0.0,0.0,0.0,0.0,0.0
1.0,0.0,0.0,0.0,0.0,0.0,0.0,0.0
1.0,0.0,0.0,0.0,0.0,0.0,0.0,0.0
1.0,0.0,0.0,0.0,0.0,0.0,0.0,0.0
1.0,0.0,0.0,0.0,0.0,0.0,0.0,0.0
1.0,0.0,0.0,0.0,0.0,0.0,0.0,0.0
1.0,0.0,0.0,0.0,0.0,0.0,0.0,0.0
1.0,0.0,0.0,0.0,0.0,0.0,0.0,0.0
1.0,0.0,0.0,0.0,0.0,0.0,0.0,0.0
1.0,0.0,0.0,0.0,0.0,0.0,0.0,0.0
1.0,0.0,0.0,0.0,0.0,0.0,0.0,0.0
1.0,0.0,0.0,0.0,0.0,0.0,0.0,0.0
1.0,0.0,0.0,0.0,0.0,0.0,0.0,0.0
1.0,0.0,0.0,0.0,0.0,0.0,0.0,0.0
1.0,0.0,0.0,0.0,0.0,0.0,0.0,0.0
1.0,0.0,0.0,0.0,0.0,0.0,0.0,0.0
1.0,0.0,0.0,0.0,0.0,0.0,0.0,0.0
1.0,0.0,0.0,0.0,0.0,0.0,0.0,0.0
1.0,0.0,0.0,0.0,0.0,0.0,0.0,0.0
1.0,0.0,0.0,0.0,0.0,0.0,0.0,0.0
1.0,0.0,0.0,0.0,0.0,0.0,0.0,0.0
1.0,0.0,0.0,0.0,0.0,0.0,0.0,0.0
1.0,0.0,0.0,0.0,0.0,0.0,0.0,0.0
0.9841277714399087,0.015872228560091264,0.0,0.0,0.0,0.0,0.0,0.0
0.9683082874572236,0.03169171254277637,0.0,0.0,0.0,0.0,0.0,0.0
0.9524423506074883,0.031688569303248204,0.015869080089263576,0.0,0.0,0.0,0.0,0.0
0.936576415749281,0.03168699791728652,0.03173658633343251,0.0,0.0,0.0,0.0,0.0
0.9366322887742959,0.0317334391114637,0.03163427211424038,0.0,0.0,0.0,0.0,0.0
0.9366354306113343,0.03173186573454311,0.031632703654122664,0.0,0.0,0.0,0.0,0.0
0.9365889935547843,0.03173029251363411,0.031680713931581554,0.0,0.0,0.0,0.0,0.0
0.9365921372267116,0.0317287194487135,0.03167914332457489,0.0,0.0,0.0,0.0,0.0
0.9365984236355525,0.031725573786744656,0.03167600257770287,0.0,0.0,0.0,0.0,0.0
0.9366015663725588,0.03172400118965005,0.031674432437791215,0.0,0.0,0.0,0.0,0.0
0.9367038413878562,0.0316728624535316,0.031623296158612146,0.0,0.0,0.0,0.0,0.0
0.9367565424266455,0.03167129262490087,0.03157216494845361,0.0,0.0,0.0,0.0,0.0
0.9367101154780195,0.03171928433364722,0.03157060018833325,0.0,0.0,0.0,0.0,0.0
0.9366141342055704,0.03181683021112102,0.031569035583308556,0.0,0.0,0.0,0.0,0.0
0.9365677189157045,0.0319143664205362,0.031517914663759354,0.0,0.0,0.0,0.0,0.0
0.9363726461843409,0.03201189296333003,0.03161546085232904,0.0,0.0,0.0,0.0,0.0
0.9361775927852931,0.032059858282542986,0.03176254893216392,0.0,0.0,0.0,0.0,0.0
0.936131206025171,0.03205826974531761,0.031810524229511444,0.0,0.0,0.0,0.0,0.0
0.9360879904875149,0.03205509314308363,0.03185691636940151,0.0,0.0,0.0,0.0,0.0
0.9361406985385187,0.03205350507802824,0.03180579638345306,0.0,0.0,0.0,0.0,0.0
0.9356484692361042,0.03259684930149609,0.03175468146239968,0.0,0.0,0.0,0.0,0.0
0.9343669506637606,0.033881513770556766,0.03175153556568258,0.0,0.0,0.0,0.0,0.0
0.9323956218116983,0.03511465504432668,0.03244019612698727,4.952701698776683e-05,0.0,0.0,0.0,0.0
0.9299227416798732,0.03625198098256735,0.03377575277337559,4.9524564183835184e-05,0.0,0.0,0.0,0.0
0.9274041794592454,0.03778350004951966,0.03476280083193028,4.951965930474398e-05,0.0,0.0,0.0,0.0
0.9246880570409982,0.03926520102990691,0.035997227173697764,4.951475539710834e-05,0.0,0.0,0.0,0.0
0.9220297029702971,0.04024752475247525,0.03762376237623762,9.900990099009902e-05,0.0,0.0,0.0,0.0
0.9193644193644194,0.041926541926541924,0.03861003861003861,9.9000099000099e-05,0.0,0.0,0.0,0.0
0.9158749010292954,0.043942992874109264,0.03998416468725257,0.0001979414093428345,0.0,0.0,0.0,0.0
0.9135576447303315,0.04512617516081148,0.04111825828797625,0.0001979218208807521,0.0,0.0,0.0,0.0
0.911042944785276,0.0465565010884623,0.04220265188996636,0.00019790223629527012,0.0,0.0,0.0,0.0
0.9084388603086664,0.04832805698456668,0.042985753858330034,0.0002473288484368817,0.0,0.0,0.0,0.0
0.9057770303689782,0.04970818082896429,0.04426748441982392,0.0002473043822336532,0.0,0.0,0.0,0.0
0.9020567586275091,0.05166617225353506,0.045881538613665576,0.00039553050529022053,0.0,0.0,0.0,0.0
0.8993374864036389,0.05280332245624444,0.04751310194798774,0.00034608919212894296,0.0,0.0,0.0,0.0
0.8959466139396935,0.054522985664854175,0.04913494809688582,0.0003954522985664854,0.0,0.0,0.0,0.0
0.8923806700266825,0.05637908884277103,0.05069670916098429,0.0005435319695622097,0.0,0.0,0.0,0.0
0.8891742394310549,0.057585934413275384,0.05249901224812327,0.0007408139075464243,0.0,0.0,0.0,0.0
0.8855267054990621,0.05923585743903643,0.054299535985783395,0.0009379010761180768,0.0,0.0,0.0,0.0
0.8824951882741944,0.060652420668213,0.05581601934560529,0.001036371711987366,0.0,0.0,0.0,0.0
0.879853949770563,0.06187398233581685,0.0571865594315883,0.0010855084620318746,0.0,0.0,0.0,0.0
0.8778369844089204,0.06196960726268009,0.05910795342411684,0.001085454904282613,0.0,0.0,0.0,0.0
0.8764676862358165,0.06250616674888998,0.05994079921065614,0.001085347804637395,0.0,0.0,0.0,0.0
0.8756906077348067,0.06294396211523283,0.06028018942383583,0.001085240726124704,0.0,0.0,0.0,0.0
0.8752034725990233,0.06333547082326246,0.0603758693829231,0.0010851871947911015,0.0,0.0,0.0,0.0
0.8743711157147085,0.06367761665186938,0.06086613396468383,0.0010851336687382855,0.0,0.0,0.0,0.0
0.8737916748865654,0.06421384888538173,0.060909449595580985,0.001085026632471888,0.0,0.0,0.0,0.0
0.8730088277358584,0.06480248557478917,0.06110371356709572,0.0010849731222567442,0.0,0.0,0.0,0.0
0.872078114212447,0.06563763684781537,0.06119932932241839,0.0010849196173192623,0.0,0.0,0.0,0.0
0.8702105626510183,0.06701513881355096,0.061689432417772076,0.0010848661176586618,0.0,0.0,0.0,0.0
0.8688920664661506,0.06774813865194024,0.06227503574774419,0.001084759134164982,0.0,0.0,0.0,0.0
0.8673700818459718,0.06848437037767478,0.06306084212602307,0.0010847056503303421,0.0,0.0,0.0,0.0
0.8666370852438002,0.06882611053591678,0.06345215204851354,0.0010846521717694621,0.0,0.0,0.0,0.0
0.8651419558359621,0.06974566246056782,0.0639294164037855,0.0011829652996845426,0.0,0.0,0.0,0.0
0.8637259733859044,0.07057663873829473,0.06451453918186299,0.0011828486939379004,0.0,0.0,0.0,0.0
0.8625073920756948,0.07155529272619751,0.06475458308693081,0.0011827321111768185,0.0,0.0,0.0,0.0
0.8604651162790697,0.07301931415057154,0.0652837997635002,0.0012317698068584943,0.0,0.0,0.0,0.0
0.8585291364957391,0.07403576178513374,0.06610511797448401,0.0013299837446431211,0.0,0.0,0.0,0.0
0.8564885496183207,0.07520315193302142,0.06692932775178527,0.0013789706968726915,0.0,0.0,0.0,0.0
0.8545750024623264,0.0761843790012804,0.0678617157490397,0.0013789027873534916,0.0,0.0,0.0,0.0
0.8522402757262433,0.0775972427375677,0.06873461349089119,0.0014278680452978827,0.0,0.0,0.0,0.0
0.8505243464132736,0.07813500073851608,0.06991285510314608,0.001427797745064251,0.0,0.0,0.0,0.0
0.8480582763203229,0.07914554314121179,0.07127036471920067,0.0015258158192646553,0.0,0.0,0.0,0.0
0.8460289341600237,0.08045467965751403,0.07189253026276941,0.0015746481645507332,4.920775514221041e-05,0.0,0.0,0.0
0.8442389058348913,0.08157040244022434,0.07251795729607399,0.0016235363573747909,4.9198071435599724e-05,0.0,0.0,0.0
0.8422373081463991,0.08308736717827626,0.07300275482093664,0.0016233766233766235,4.919323101141283e-05,0.0,0.0,0.0
0.8404307631785995,0.08443154996066089,0.07331825334382376,0.0017702596380802518,4.917387883556255e-05,0.0,0.0,0.0
0.8389047291318454,0.0855373119653918,0.07364074328974536,0.0018680562383246485,4.915937469275391e-05,0.0,0.0,0.0
0.8372653101346702,0.08689668730954488,0.07387201415511649,0.0019168386906517252,4.91497100167109e-05,0.0,0.0,0.0
0.8353808353808354,0.08771498771498772,0.07488943488943489,0.0019656019656019656,4.914004914004914e-05,0.0,0.0,0.0
0.8342177672955975,0.08819772012578617,0.07556996855345911,0.0019654088050314465,4.9135220125786166e-05,0.0,0.0,0.0
0.8321705807212342,0.08941731355016214,0.07639775965412204,0.001965215682421146,4.913039206052864e-05,0.0,0.0,0.0
0.8312211415659692,0.09023479713134885,0.07648099027409372,0.0020139502898123586,4.912073877591119e-05,0.0,0.0,0.0
0.831385068762279,0.09027504911591355,0.0762770137524558,0.002013752455795678,4.911591355599214e-05,0.0,0.0,0.0
0.830992831189237,0.09093587351468133,0.07591083177845429,0.002111362074044977,4.910144358244132e-05,0.0,0.0,0.0
0.830060867857844,0.09184174356960534,0.07579030041233065,0.0021598272138228943,0.00014726094639701552,0.0,0.0,0.0
0.8298321390006872,0.09232354962206735,0.07553744969078237,0.0021596151958378326,0.00014724649062530676,0.0,0.0,0.0
0.8295961925322605,0.0926843628870026,0.07521711397870566,0.0022570040724203917,0.0002453265296109121,0.0,0.0,0.0
0.8288531345040714,0.09339742960855489,0.07514961247915236,0.0023055037771019327,0.00029431963111939565,0.0,0.0,0.0
0.829074500956398,0.0933346412281132,0.0749423708862622,0.002354210603756928,0.000294276325469616,0.0,0.0,0.0
0.8298936222363842,0.092357468503358,0.0747095445855189,0.002353056522378548,0.0006863081523604098,0.0,0.0,0.0
0.830647136628619,0.09165727722529761,0.07411943369421448,0.0024004310978298143,0.001126732964287464,4.8988389751628865e-05,0.0,0.0
0.8317350034249926,0.09095801937567277,0.07275662980722185,0.002593208728838438,0.0017614247969468637,9.785693316371466e-05,4.892846658185733e-05,4.892846658185733e-05
0.8335288367546432,0.09012707722385142,0.07082111436950146,0.0025904203323558164,0.002688172043010753,0.0001466275659824047,4.887585532746823e-05,4.887585532746823e-05
0.8347898257091246,0.08939120246057707,0.06927696138260997,0.0026363325684714153,0.003563931064785432,0.00019528389396084557,9.764194698042278e-05,4.882097349021139e-05
0.8353732871702345,0.08875018286438777,0.06831813527088311,0.0026332471838884284,0.004486272979958063,0.000243819183693373,0.0001462915102160238,4.87638367386746e-05
0.8355670354305765,0.08845460305083094,0.06788829865003168,0.002582971879721234,0.004971002485501243,0.0003411472293971441,0.0001462059554559189,4.8735318485306304e-05
0.8353296328756451,0.08803194079267698,0.06767942350764437,0.002580582335183562,0.0058428279287175,0.00034083162917518747,0.00014607069821793748,4.869023273931249e-05
0.8340063244952566,0.08859158355631233,0.06776939917295062,0.002627098029676478,0.006324495256628557,0.00048649963512527365,0.0001459498905375821,4.864996351252737e-05
0.8323373657873002,0.08871398727104893,0.06816304717485304,0.0027206918330661225,0.007238983627265219,0.0005830053927998834,0.00019433513093329447,4.858378273332362e-05
0.8333252462516376,0.08612742005919743,0.06861080110631278,0.0027657819399291572,0.008151778349264885,0.0007278373526129361,0.0002426124508709787,4.852249017419574e-05
0.8344884408471865,0.0832646730964959,0.06930645083119275,0.002811030872873552,0.008869287064411379,0.0008723888915814472,0.00033926234672611836,4.846604953230262e-05
0.8336720867208672,0.08246225319396051,0.06954123112659698,0.0028552071234998065,0.010114208284939993,0.0009194734804490902,0.00038714672861014324,4.8393341076267905e-05
0.8311751063007344,0.0833011209895632,0.06982025512176265,0.0029474294549671435,0.011161577116350985,0.0011596443757247777,0.00038654812524159255,4.831851565519907e-05
0.8290623039428598,0.0840693016746296,0.07002557791612374,0.002943873365185078,0.012161575213551469,0.0013030259157376576,0.00038608175281115774,4.826021910139472e-05
0.8269444042625006,0.08481604706109262,0.07059163894112541,0.002941318289213559,0.012777858141665462,0.0014465499783017503,0.0004339649934905251,4.821833261005834e-05
0.8245242110334859,0.08561792339195375,0.07159720549265237,0.002987231992291014,0.013249819320645628,0.001493615996145507,0.000481811611659841,4.81811611659841e-05
0.8226909371087354,0.08629490513339112,0.07232976981604546,0.0030338052585957816,0.013579890205143023,0.0015409804488105557,0.00048155639025329865,4.8155639025329867e-05
0.8205313312157089,0.08715949562036769,0.07315429781499663,0.003080180960631437,0.014005197805371065,0.0015400904803157184,0.000481278275098662,4.81278275098662e-05
0.8185185185185185,0.08826358826358827,0.0736892736892737,0.0032227032227032226,0.01418951418951419,0.0015392015392015391,0.0005291005291005291,4.81000481000481e-05
0.817451923076923,0.08879807692307692,0.07389423076923077,0.003269230769230769,0.014471153846153845,0.0015384615384615385,0.0005288461538461538,4.807692307692308e-05
0.8163598788869131,0.08939299274282693,0.07425385687509012,0.0033642524150526267,0.01451434613351276,0.0015379439611669149,0.000528668236651127,4.806074878646609e-05
0.8152027676340573,0.09009225446857583,0.07457236209878916,0.0033634441668268307,0.014606957524505092,0.0015856236786469344,0.0005285412262156448,4.8049202383240436e-05
0.8139590738783745,0.0907387837448362,0.07507925833413392,0.0034585454894802575,0.014602747622249976,0.0015851666826784514,0.0005283888942261505,4.8035354020559135e-05
0.8130042258932002,0.09119285439877065,0.07544179792547061,0.0035055704955820207,0.014694583173261621,0.0015847099500576258,0.0005282366500192086,4.8021513638109875e-05
0.8133851841182966,0.09121897354649768,0.0748955782802823,0.0035047289836285947,0.014835085697825148,0.0015843295405444332,0.0005281098468481444,4.800998607710404e-05
0.8127728995729572,0.09131039777361931,0.07504438366681061,0.0035986756873470564,0.015114437886857636,0.0015834173024327047,0.0005278057674775683,4.798234249796075e-05
0.8127818827367815,0.09144995681796372,0.07494482295365128,0.003598503022742539,0.015017752614912196,0.0015833413300067173,0.0005757604836388062,4.798004030323385e-05
0.8122901276024177,0.09176820493140171,0.0749784131248201,0.003549841696248681,0.015158783459656528,0.0015830375131919792,0.0006236208385301737,4.797083373309028e-05
0.8115261063431941,0.09243898930814595,0.0747950328426907,0.0036918061082610153,0.01524667977177926,0.0016301481516996692,0.0006232919403557558,4.794553387351968e-05
0.8122274926932107,0.09218532892530305,0.07388242058358488,0.0037851564371616116,0.015619759474869436,0.001629054669158162,0.0006228738440898855,4.791337262229888e-05
0.8118773946360153,0.09190613026819923,0.07423371647509579,0.0038314176245210726,0.01585249042145594,0.0016283524904214558,0.0006226053639846744,4.789272030651341e-05
0.8116531814047014,0.09201895916120074,0.07416096136352755,0.0038780102456073156,0.01599080767941782,0.0016278067697610954,0.0006223967060851247,4.7876669698855745e-05
0.8112738061058474,0.0920183749641114,0.07412192554311417,0.003923820461288162,0.01631735094267394,0.0016748014164034836,0.0006220690975212939,4.785146904009953e-05
0.8098238579407132,0.09155568284882333,0.07375053701847344,0.003914267984151988,0.01833023055993126,0.0019093990166595064,0.0006682896558308272,4.773497541648766e-05
0.807952380952381,0.0911904761904762,0.07371428571428572,0.003904761904761905,0.02038095238095238,0.002,0.0008095238095238096,4.761904761904762e-05
0.8066125124697164,0.09077953541399458,0.07310816588285592,0.003847798204360838,0.022374234003135242,0.0022326730321599922,0.0009975773122416988,4.750368153531899e-05
0.8051184834123223,0.0904739336492891,0.07270142180094787,0.0037914691943127963,0.024360189573459715,0.0024170616113744076,0.001090047393364929,4.739336492890995e-05
0.8029479850711012,0.08980960929749138,0.07251854301507063,0.003779468039873388,0.027023196485094724,0.002598384277412954,0.0012755704634572684,4.7243350498417346e-05
0.8008288984128479,0.08938915838553195,0.0721518391183535,0.003767720058399661,0.02967079545989733,0.00277869354306975,0.001365798521169877,4.709650072999576e-05
0.7977844536237326,0.08937288772061584,0.07219301539616974,0.0038021028914757794,0.032012767555388656,0.0031918888471648517,0.0015959444235824258,4.693954187007135e-05
0.795255696439433,0.08903757076685538,0.07205352547606794,0.00378982828802695,0.03457633462780143,0.0035091002666916204,0.001731156131567866,4.678800355588827e-05
0.792084285114913,0.08880704862244185,0.07207123211039113,0.0037760477367022515,0.03757400587385203,0.0036361941168243906,0.0020045685515826766,4.661787329262039e-05
0.7905873599032693,0.08808073292098777,0.07208296516765103,0.003766916244244989,0.03952936799516347,0.0037204111054271495,0.0021857415244384503,4.6505138817839374e-05
0.7905062996885025,0.0881026547026826,0.0718768887442466,0.003719373285601376,0.03970430982379469,0.0038123576177414107,0.002231623971360826,4.64921660700172e-05
0.7898675342784104,0.08835696026028353,0.07204276086451313,0.0037183360446200325,0.03987915407854985,0.0038577736462932838,0.0022310016267720195,4.647920055775041e-05
0.7891387159713834,0.08872990801821054,0.07214531264517328,0.003902257734832296,0.03995168633280684,0.003855802285608102,0.002229861562761312,4.6455449224194e-05
0.7884543934608954,0.08898383800854542,0.07235742151216794,0.0039011703511053317,0.0400798811071893,0.0039011703511053317,0.0022756827048114434,4.644250417982538e-05
0.7880856200956493,0.08905604308863815,0.07247991828016902,0.003853832938663695,0.04020987138412964,0.0039466963829688445,0.002321586107628732,4.643172215257464e-05
0.787643891570739,0.08879502413665058,0.07282770144819903,0.003759747493501671,0.04052172298551801,0.003945414036390643,0.0024136650575566285,9.28332714444857e-05
0.7861550596204705,0.08945390432886373,0.07330766018651695,0.003758177515891059,0.04073678838212778,0.0039901637823040875,0.002505451677260706,9.279450656521133e-05
0.7850783640916257,0.08981730501715664,0.07354168598720208,0.0038022813688212928,0.040990447927292964,0.004080497078735046,0.0025503106742094037,0.00013910785495687656
0.7841146195576575,0.09055501460564752,0.0737701117447953,0.0038021050679278526,0.04094218018268651,0.004126675012750962,0.002550192423610145,0.00013910140492418973
0.7835357374617595,0.09112820988226569,0.07360711968109762,0.003847223509780291,0.04102160007416335,0.0041253360526559745,0.0025957170668397143,0.00013905627143784185
0.7829169949483246,0.09153265050748483,0.0736895768642536,0.003800342957779117,0.04120127913982481,0.004124762478565139,0.0025953561662881773,0.00013903693747972378
0.7817828020756116,0.09205893254262416,0.0740826538176427,0.003845441067457376,0.04123424759080801,0.004169755374351372,0.002687175685693106,0.00013899184581171237
0.7803082905152062,0.09230199509327408,0.07461926584270703,0.003888348840438828,0.04170717030042124,0.004166088043327316,0.0028236818960329585,0.00018515946859232513
0.7801231310466139,0.09220941535897792,0.0749432949127436,0.003842058973290747,0.04170717030042124,0.004166088043327316,0.0028236818960329585,0.00018515946859232513
0.7797974191758013,0.09204014615420193,0.07483465149623052,0.003931363026687017,0.04199620739096249,0.004162619675315666,0.003006336432172425,0.00023125664862864808
0.7790719171750786,0.09202255500092439,0.07515252357182474,0.004067295248659641,0.04215196894065446,0.004159733777038269,0.003096690700684045,0.00027731558513588466
0.778121536756557,0.09230698189878093,0.07503694126339121,0.004063538973032878,0.04280568895456224,0.0042020687107499075,0.0031861839674916883,0.00027705947543405987
0.7773574460232515,0.09263701789998155,0.07469090238051301,0.004059789629082856,0.04350433659346743,0.004244325521313896,0.0032293781140431813,0.0002768038383465584
0.776702161987738,0.09311759553773107,0.07421748951274605,0.004056608122435809,0.044069515511916284,0.0042870972203014794,0.0032729451896925275,0.00027658691743880515
0.7765242217719653,0.09242033523669184,0.07418493276846565,0.004052311659605821,0.04485172223245533,0.004282556640265243,0.00340762571375944,0.0002762939767913059
0.7757637099742363,0.09247331615752669,0.07411667280088333,0.004048582995951417,0.04550055207949945,0.004278616120721384,0.00354251012145749,0.00027603974972396027
0.7746841258901906,0.09262577532736044,0.07388008270158511,0.004043188605559384,0.04645072363886975,0.004364805881001608,0.003675626005053986,0.0002756719503790489
0.7729940394314535,0.09197615772581384,0.07436955524988538,0.004080696928014672,0.047867950481430534,0.0045392022008253095,0.0038514442916093533,0.00032095369096744614
0.7720655557590185,0.09183299761948362,0.07407068302508699,0.0040743453579930415,0.049029481779893795,0.004715253616553745,0.0038912287126899835,0.0003204541292803516
0.7705876976510374,0.09171922127776254,0.07412485147609908,0.004067269902202724,0.05022392834293026,0.004981263138652774,0.0039758705785577185,0.0003198976327575176
0.7699046402336086,0.09134461833280103,0.07373271889400922,0.00401514805858466,0.051558151206825754,0.005110188438198659,0.00401514805858466,0.00031938677738741617
0.7684948979591837,0.09170007288629738,0.07334183673469388,0.004008746355685131,0.052660349854227406,0.0052842565597667635,0.0041909620991253645,0.00031887755102040814
0.7675729744475767,0.09070655633354552,0.07352005092297899,0.003955624261162135,0.05428753296353551,0.0054105665181413114,0.004228425934345731,0.00031826861871419476
0.766003813674748,0.09066557704531009,0.0738218469081994,0.003904476527739944,0.05552528829565059,0.005402705893035504,0.004358485426314356,0.00031780622900208846
0.764596554850408,0.09097914777878513,0.07352674524025385,0.0038531278331822303,0.05652765185856754,0.00557570262919311,0.004623753399818676,0.00031731640979147777
0.7641223103057757,0.09060022650056625,0.07361268403171008,0.0036693091732729333,0.05739524348810872,0.005617214043035107,0.004665911664779162,0.00031710079275198185
0.7627686043881475,0.09070346075548519,0.07382945035059942,0.0038000452386337934,0.058176883058131644,0.00570006785795069,0.004704817914498982,0.0003166704365528161
0.761362609559953,0.09094605584169152,0.07391343634227884,0.0038402457757296467,0.05904942622210174,0.005737778982560766,0.004789012379145206,0.00036143489653926085
0.7601426057132542,0.09111421995577418,0.07401056004332325,0.00383591317297712,0.059749988717902436,0.005866690735141477,0.004918994539464777,0.00036102712216255246
0.7593561186761656,0.09108125169086483,0.07417260348092704,0.003922806384705564,0.05996933898457931,0.005996933898457932,0.005140229055821084,0.0003607178284786726
0.7583363374188897,0.09120403749098774,0.07453136265320837,0.003875270367700072,0.06047224224945926,0.006038211968276856,0.005182047584715212,0.0003604902667627974
0.7572181433268772,0.09161749470744561,0.0748614927255529,0.003828656366830323,0.060582856628079815,0.00621593621908923,0.005315075897482095,0.00036034412864285393
0.7564818149081743,0.09137558516384588,0.07517104789341016,0.003736046092906014,0.06117212819589485,0.00621173928700036,0.00549153763053655,0.00036010082823190496
0.7569794668587896,0.09127341498559077,0.07501801152737753,0.0036023054755043226,0.060923991354466855,0.006304034582132565,0.005538544668587896,0.00036023054755043225
0.7571486468230738,0.09114243256630793,0.07502138965191156,0.003557436844238303,0.06070158058269915,0.006349349304273427,0.005718917458459045,0.0003602467690367902
0.7556595706377425,0.09167829335253612,0.07552095053782798,0.0035555155497547144,0.06093883613123903,0.006390926684369234,0.00589585489896035,0.00036005220757009764
0.7559438040345822,0.09158861671469741,0.07569344380403459,0.003422190201729107,0.060878962536023054,0.0062590057636887604,0.005853746397694525,0.00036023054755043225
0.7552214620093626,0.09178069859560677,0.07598127475693194,0.0034209578682030967,0.06094706517824991,0.006391789701116313,0.005896651062297443,0.00036010082823190496
0.7551204141345937,0.09151474229124465,0.07647985595318478,0.003466126491109611,0.06072473553905019,0.0063920774251631785,0.005941931127616476,0.00036011703803736213
0.7556595706377425,0.09149826724875107,0.0757459831675593,0.0033754894459696655,0.060803816553400246,0.006570952788154282,0.005985867950852874,0.00036005220757009764
0.755059818296303,0.09143653863452371,0.0759647386884951,0.0034631645228029146,0.061077628856705944,0.006656472069803005,0.005981829630295943,0.0003598093010704327
0.7545184785540868,0.09176333063573419,0.07602733567125258,0.003551838863411564,0.06110062044780146,0.006743997841920691,0.005934718100890208,0.0003596798849024368
0.7550139401025272,0.09151002788020506,0.07604101088227358,0.0035524777408040293,0.06093173846568936,0.006565338609587193,0.006025721737566328,0.00035974458134724346
0.7541138386835716,0.09194317057818542,0.07643197554176782,0.003551838863411564,0.06105566046218865,0.006609117885082277,0.005979678086503013,0.0003147198992896322
0.7534818941504178,0.09228142690268668,0.07610746697816516,0.0035492856501033337,0.0616856860454668,0.006649294635636625,0.0059304519723245575,0.00031449366519902954
0.752198887093879,0.09284688565787112,0.07610841859630228,0.0038143959791778854,0.062017591096751035,0.006821037515706336,0.005878657332615329,0.00031412672769700234
0.7514575298233025,0.09283343797650014,0.07632971566956678,0.0038120010763297157,0.06224773522288995,0.0070858372948246475,0.005874966364696386,0.0003587765718898556
0.7507613758509495,0.09284306700107488,0.07591365102113938,0.003896452884270871,0.06319419562880688,0.007121103547115729,0.005911859548548907,0.00035829451809387314
0.74968671679198,0.09326888650196921,0.07603831006086645,0.003938417472252059,0.06359649122807018,0.0072055137844611525,0.005907626208378088,0.00035803795202291446
0.7491278289650237,0.09316575722336524,0.07625905716074784,0.003980678057071294,0.06395920923159495,0.007156275158779855,0.005993380445478129,0.0003578137579389928
0.7484802431610942,0.09368853924548542,0.0758537457536206,0.003933488288932595,0.06450026819238333,0.007151796888968353,0.006034328625067048,0.00035758984444841767
0.7485923675037984,0.09348467244615247,0.07583340781124319,0.003977120386093485,0.06448297434980785,0.007060505853963715,0.006211457681651622,0.000357493967289302
0.7485701519213583,0.09325290437890973,0.07605004468275246,0.003932082216264522,0.06461126005361931,0.006925826630920465,0.006300268096514745,0.00035746201966041106
0.7484133369089121,0.09390363815142576,0.0758469652274962,0.0038884419415392865,0.06427102887279879,0.007017073388754805,0.006301957629391257,0.0003575578796817735
0.7475546027066863,0.09370673098396534,0.07642145696547412,0.003930501585600071,0.06454062262718299,0.007012372147036491,0.006476394658091027,0.0003573183259636429
0.7470756317528351,0.09380301812661845,0.07652468970443789,0.003928922225198679,0.06487186355924636,0.006964907581034021,0.006473792302884186,0.0003571747477453344
0.7470551490273069,0.09356594681420667,0.07629841156523291,0.003926467963590933,0.06523291094056756,0.007049794752810994,0.006514367303230412,0.0003569516330537212
0.7472130562739677,0.09266030500312138,0.07638455364309284,0.0037902434674039064,0.06586105413359493,0.007134575938642647,0.006599482743244448,0.0003567287969321323
0.7464688321525643,0.09276834647774362,0.07632669429220693,0.0037428151316668897,0.06639041126409126,0.007173729002361538,0.006772713095397229,0.0003564585839682752
0.745358208290663,0.09323656440625139,0.07645042076673049,0.0037846742953826975,0.06683289549846387,0.007213143951199964,0.006767888151743177,0.00035620463956543034
0.7446145629339505,0.0935107708741321,0.07664233576642336,0.0037831582695389,0.06698415524301228,0.007343777817340217,0.006765177140822503,0.00035606195478013177
0.7450596403774257,0.09302118568630942,0.07673135125511839,0.0037386505251913835,0.06680612426562221,0.007388285561687733,0.006898700373865052,0.00035606195478013177
0.7446694858669041,0.09334520365012242,0.07705319385711105,0.0037836634765190296,0.06632539505898064,0.00738927220120187,0.0070776763854885376,0.00035610950367237926
0.7443558801264639,0.09404639978625819,0.0770806430066349,0.003829540900387407,0.06577013848688605,0.007525493164714788,0.007035668165828027,0.0003562363628267355
0.7448893243664544,0.09401861666592437,0.07669353761190041,0.003741148176190264,0.06582639290963346,0.007482296352380528,0.006992384091212755,0.0003562998263038347
0.7444211839116298,0.09429424079105608,0.07687853547726159,0.0036078571110418245,0.0657431740234288,0.007572045788606298,0.007126631330452987,0.0003563315665226493
0.7448884137378057,0.09407991447280502,0.07675174840750144,0.0035636331239698874,0.06557084948104593,0.007528174974386387,0.0072609024900886455,0.0003563633123969887
0.7445092885463537,0.09440014255802558,0.07698133380852676,0.0035639506392836457,0.06522029669889072,0.007617944491468793,0.00735064819352252,0.0003563950639283646
0.7444439495835746,0.09428584153565225,0.07704983743820425,0.003607535741326326,0.06520286821360174,0.007660446265532445,0.00739322139580457,0.0003562998263038347
0.74427412886552,0.09468853043400767,0.07731040014258979,0.0036093039836021744,0.06461099723732287,0.007708760360039212,0.007441404509402014,0.00035647446751626416
0.7435268951379295,0.09519140781674763,0.07776638887650965,0.0036543517982084764,0.06426311332947102,0.00779892152056687,0.007442399393912385,0.00035652212665448547
0.7431806026029595,0.0952487074344803,0.07813335710465323,0.0035211267605633804,0.0641825637368515,0.007755393118202889,0.007621679443751114,0.00035656979853806385
0.7427208275739065,0.09564364382217862,0.07865519240201543,0.00352253979578187,0.06371784010344674,0.007758505372987916,0.007624738038970884,0.0003567128907120881
0.7432420376483183,0.09586046926576858,0.07837452047461861,0.003568560977785708,0.06338656436791863,0.007672406102239272,0.0075385850655723076,0.0003568560977785708
0.7433758586849852,0.0959050762779909,0.07824069943795164,0.003568560977785708,0.06325274333125168,0.007806227138906236,0.007493978053349987,0.0003568560977785708
0.7430889958979847,0.09568396647048333,0.07842874977706438,0.0036115569823434992,0.06362582486177992,0.007758159443552702,0.007401462457642233,0.0004012841091492777
0.742602495543672,0.09590017825311943,0.07834224598930481,0.003698752228163993,0.06377005347593583,0.00784313725490196,0.007442067736185384,0.00040106951871657755
0.7423796791443851,0.09612299465240642,0.07829768270944741,0.003609625668449198,0.06394830659536542,0.007798573975044563,0.007442067736185384,0.00040106951871657755
0.7420403437680901,0.09600569978180523,0.07810482254976177,0.003606893173620697,0.06447878167163913,0.00779267043683484,0.00757002271006813,0.0004007659081800775
0.7414959928762244,0.09594835262689225,0.07858414959928763,0.003561887800534283,0.06464826357969725,0.007836153161175422,0.007524487978628674,0.00040071237756010683
0.7410622857397267,0.09638929700369529,0.07853612929077067,0.0035172076042918835,0.06460086371933574,0.007835804282979386,0.007657717822002582,0.00040069453719780956
0.7412204566697823,0.09636355543686295,0.07811456803311524,0.0034272488538745717,0.06493968932211688,0.00792273111674901,0.007655672764499043,0.0003560778029999555
0.7409072697324489,0.09660330320972266,0.07844010150024484,0.003427859146151449,0.06463962961314161,0.0079686595735209,0.00765703601477986,0.00035614120998976096
0.7406336210732402,0.09677849959953724,0.078223725193557,0.0034706772270178873,0.0647859749043339,0.008142742724926582,0.007608792382308445,0.0003559668950787577
0.7399172928987505,0.09693627995909111,0.07830494908621993,0.0035128284939303657,0.06514295877984792,0.008137311574547557,0.007692649739872826,0.0003557294677397839
0.7394241023817988,0.09709384998222538,0.07816388197653751,0.0035549235691432635,0.06532172058300746,0.008309633842872378,0.007731958762886598,0.00039992890152861714
0.7388271879164816,0.09702354509107064,0.07867614393602843,0.003598400710795202,0.06543758329631275,0.008351843625055531,0.007685473123056419,0.0003998223011994669
0.7391729223115533,0.09727712877004398,0.07799937813707636,0.0035979212010838185,0.06556211966419402,0.00843956824945587,0.007551192644249989,0.00039976902234264646
0.7395226878805387,0.09759566241500378,0.0778187636105062,0.003510955068663615,0.06497489000488867,0.008532954090929292,0.007644104706457491,0.00039998222301231056
0.7392985731430858,0.09770191581099702,0.07814375250033338,0.003467128950526737,0.06467529003867183,0.008578921633995644,0.007734364581944259,0.00040005334044539273
0.7404705777698706,0.09749588578036739,0.07774763154383312,0.0033803318062536137,0.06444869456923008,0.00849530756571632,0.007605746564070631,0.00035582440065827514
0.7407473309608541,0.09782028469750889,0.07731316725978647,0.0033362989323843417,0.06436832740213523,0.008585409252669039,0.00751779359430605,0.0003113879003558719
0.739938631209143,0.09823453550940543,0.07746698092231066,0.003290790234357629,0.0645261706763908,0.008760617245519634,0.00747098323475786,0.0003112909681149108
0.7401592314192946,0.09798514433127252,0.07770315349375083,0.0032468976560067605,0.06453765066939465,0.008717697816127742,0.0073833563136592095,0.0002668683004937064
0.7399466192170818,0.09813167259786477,0.07802491103202847,0.003291814946619217,0.06432384341637011,0.008674377224199288,0.007339857651245551,0.00026690391459074735
0.7394341133552808,0.09849630750066732,0.07838775691787525,0.003336595782542931,0.06401815108105703,0.008630661090844382,0.007429486609128926,0.00026692766260343444
0.7396876251501802,0.09874071107551284,0.07818270813865527,0.0033373381391002535,0.06363191385217817,0.00872157700351533,0.007431139589729898,0.00026698705112802027
0.7389911929543634,0.09883462325415888,0.0785962103015746,0.003424962191975803,0.06365092073658928,0.00871808557957477,0.007472644782492661,0.00031136019927052754
0.7380846523208252,0.09932420416147963,0.07878356749066334,0.003512359950204517,0.06371154188155789,0.008758669749244176,0.007469322425751378,0.00035568202027387515
0.7379724321920854,0.09933303690529124,0.07914628723877279,0.003646064917741218,0.0634948866162739,0.008626056024899955,0.007425522454424189,0.0003557136505113384
0.738432105356825,0.099038974906567,0.0796405054280121,0.0036483360028474817,0.06291155009788219,0.008497953372486208,0.007474639615589963,0.0003559352197899982
0.7390878754171302,0.09864293659621802,0.07946607341490546,0.003604004449388209,0.0628698553948832,0.008364849833147942,0.00760845383759733,0.0003559510567296997
0.738432105356825,0.09872753158925075,0.0800854244527496,0.003603844100373732,0.06268909058551343,0.008497953372486208,0.007608115323011212,0.0003559352197899982
0.7386661921074876,0.09841170974774213,0.08017084130444455,0.0036036837656270855,0.06281977132179561,0.0084530853761623,0.007518796992481203,0.00035591938425946524
0.7377690802348337,0.0990482120619107,0.08027930973136453,0.0036915139654865683,0.06302259384451166,0.008405977584059776,0.007427504002846468,0.0003558085749866572
0.7372165406847487,0.09968875055580258,0.08016896398399288,0.0038239217429968876,0.06296131614050689,0.00853712761227212,0.00724766562916852,0.0003557136505113384
0.7364234290285308,0.09968002844191627,0.0807039374277842,0.003999644476046574,0.06288329926228779,0.008665896364767577,0.007243800551062128,0.0003999644476046574
0.7362363919129082,0.09971117529437902,0.08091535214396801,0.004087980448789158,0.06260830926460786,0.008709175738724729,0.007331704065763164,0.0003999111308598089
0.7358037856571581,0.1000177730383009,0.08100062205634054,0.0039989336177019465,0.06287212298942504,0.008708788767439794,0.007198080511863503,0.0003998933617701946
0.7349167591564928,0.09993340732519423,0.08133185349611542,0.004039955604883463,0.06335183129855716,0.008879023307436182,0.007147613762486127,0.0003995560488346282
0.7341794621460903,0.10033726812816189,0.08138812461169788,0.004082719446170231,0.06363717049791426,0.008831099671607348,0.0071447590307979056,0.00039939646756013134
0.7341648541879355,0.10111411957920902,0.08087354076967464,0.004039238315060588,0.06347374495095211,0.008921834080518443,0.007013183008566736,0.0003994851080829153
0.7340940372064112,0.10140745016205656,0.08102828220041736,0.004084713404075834,0.06309106246947564,0.008968609865470852,0.006926253163432935,0.0003995915286595924
0.7342036321655344,0.10146085875405178,0.08099107499666977,0.004085076151147817,0.06309666533457661,0.008880600328582212,0.006882465254651214,0.00039962701478619956
0.7340671045624001,0.10150008876264868,0.08068524764778981,0.004083081839162081,0.06350967512870584,0.008876264867743653,0.006879105272501331,0.0003994319190484644
0.7335019748812852,0.10189499844672259,0.08085918430746017,0.004082900634624772,0.0634624772555807,0.008964629654284826,0.006834420627524076,0.0003994141925176408
0.7326917106488668,0.10218654366434558,0.0808089768040094,0.0040360136603539275,0.06399964518561228,0.009003415088481837,0.0068745287621413045,0.00039916618618884993
0.7325555604844076,0.10238211418178592,0.0810451137825489,0.004081089473450738,0.06378920285676264,0.009005012642505434,0.006787029233021337,0.00035487734551745555
0.7317927792069546,0.10294509003814424,0.08125609864277478,0.004124900204027322,0.06382506874833674,0.008870753126940478,0.006830479907744168,0.0003548301250776191
0.7313981830268115,0.10303567471748283,0.08087746510081985,0.0041214269886993135,0.06434744072678927,0.009040549523598493,0.006824728561932196,0.00035453135386660756
0.7308084163898118,0.10299003322259136,0.08115171650055371,0.004119601328903655,0.06467331118493909,0.009125138427464008,0.006777408637873754,0.00035437430786268
0.7310980201089604,0.10329095982637197,0.08056872037914692,0.004163529255436949,0.06449041059485316,0.009168622934845196,0.00682110112060947,0.0003986357797758781
0.7309293877912643,0.10321608930628157,0.08106671391866749,0.0042083813236466735,0.06414459112253035,0.009125542659696997,0.00691060512093559,0.00039868875697705327
0.730546082643164,0.10359183311927012,0.08096018424199478,0.0042517383409362685,0.06404180876035254,0.009300677620798087,0.006909074804021436,0.00039860046946277517
0.7294857041692485,0.10400991413649642,0.08117199256439762,0.004381694255111977,0.06426484907497566,0.009338762503319465,0.006904487917146145,0.0004425953793042401
0.7282017252820172,0.10435744304357443,0.08179606281796063,0.004468038044680381,0.06445476664454766,0.009334218093342181,0.00694536606945366,0.00044238000442380006
0.7271601662686831,0.10453701247015124,0.08247103564163792,0.004554700627929601,0.06425223312991953,0.009551605200318386,0.0070310427169010346,0.0004422039444591846
