,btrf_pt-O+,btrf_pt-A+,btrf_pt-B+,btrf_pt-AB+,btrf_pt-O-,btrf_pt-A-,btrf_pt-B-,btrf_pt-AB-
0,1.0,0.0,0.0,0.0,0.0,0.0,0.0,0.0
1,1.0,0.0,0.0,0.0,0.0,0.0,0.0,0.0
2,1.0,0.0,0.0,0.0,0.0,0.0,0.0,0.0
3,1.0,0.0,0.0,0.0,0.0,0.0,0.0,0.0
4,1.0,0.0,0.0,0.0,0.0,0.0,0.0,0.0
5,1.0,0.0,0.0,0.0,0.0,0.0,0.0,0.0
6,1.0,0.0,0.0,0.0,0.0,0.0,0.0,0.0
7,1.0,0.0,0.0,0.0,0.0,0.0,0.0,0.0
8,1.0,0.0,0.0,0.0,0.0,0.0,0.0,0.0
9,1.0,0.0,0.0,0.0,0.0,0.0,0.0,0.0
10,1.0,0.0,0.0,0.0,0.0,0.0,0.0,0.0
11,1.0,0.0,0.0,0.0,0.0,0.0,0.0,0.0
12,1.0,0.0,0.0,0.0,0.0,0.0,0.0,0.0
13,1.0,0.0,0.0,0.0,0.0,0.0,0.0,0.0
14,1.0,0.0,0.0,0.0,0.0,0.0,0.0,0.0
15,1.0,0.0,0.0,0.0,0.0,0.0,0.0,0.0
16,1.0,0.0,0.0,0.0,0.0,0.0,0.0,0.0
17,1.0,0.0,0.0,0.0,0.0,0.0,0.0,0.0
18,1.0,0.0,0.0,0.0,0.0,0.0,0.0,0.0
19,1.0,0.0,0.0,0.0,0.0,0.0,0.0,0.0
20,1.0,0.0,0.0,0.0,0.0,0.0,0.0,0.0
21,1.0,0.0,0.0,0.0,0.0,0.0,0.0,0.0
22,1.0,0.0,0.0,0.0,0.0,0.0,0.0,0.0
23,1.0,0.0,0.0,0.0,0.0,0.0,0.0,0.0
24,1.0,0.0,0.0,0.0,0.0,0.0,0.0,0.0
25,1.0,0.0,0.0,0.0,0.0,0.0,0.0,0.0
26,1.0,0.0,0.0,0.0,0.0,0.0,0.0,0.0
27,1.0,0.0,0.0,0.0,0.0,0.0,0.0,0.0
28,1.0,0.0,0.0,0.0,0.0,0.0,0.0,0.0
29,1.0,0.0,0.0,0.0,0.0,0.0,0.0,0.0
30,1.0,0.0,0.0,0.0,0.0,0.0,0.0,0.0
31,1.0,0.0,0.0,0.0,0.0,0.0,0.0,0.0
32,1.0,0.0,0.0,0.0,0.0,0.0,0.0,0.0
33,1.0,0.0,0.0,0.0,0.0,0.0,0.0,0.0
34,1.0,0.0,0.0,0.0,0.0,0.0,0.0,0.0
35,1.0,0.0,0.0,0.0,0.0,0.0,0.0,0.0
36,1.0,0.0,0.0,0.0,0.0,0.0,0.0,0.0
37,1.0,0.0,0.0,0.0,0.0,0.0,0.0,0.0
38,1.0,0.0,0.0,0.0,0.0,0.0,0.0,0.0
39,1.0,0.0,0.0,0.0,0.0,0.0,0.0,0.0
40,1.0,0.0,0.0,0.0,0.0,0.0,0.0,0.0
41,1.0,0.0,0.0,0.0,0.0,0.0,0.0,0.0
42,1.0,0.0,0.0,0.0,0.0,0.0,0.0,0.0
43,1.0,0.0,0.0,0.0,0.0,0.0,0.0,0.0
44,1.0,0.0,0.0,0.0,0.0,0.0,0.0,0.0
45,1.0,0.0,0.0,0.0,0.0,0.0,0.0,0.0
46,1.0,0.0,0.0,0.0,0.0,0.0,0.0,0.0
47,1.0,0.0,0.0,0.0,0.0,0.0,0.0,0.0
48,1.0,0.0,0.0,0.0,0.0,0.0,0.0,0.0
49,1.0,0.0,0.0,0.0,0.0,0.0,0.0,0.0
50,1.0,0.0,0.0,0.0,0.0,0.0,0.0,0.0
51,1.0,0.0,0.0,0.0,0.0,0.0,0.0,0.0
52,1.0,0.0,0.0,0.0,0.0,0.0,0.0,0.0
53,1.0,0.0,0.0,0.0,0.0,0.0,0.0,0.0
54,1.0,0.0,0.0,0.0,0.0,0.0,0.0,0.0
55,1.0,0.0,0.0,0.0,0.0,0.0,0.0,0.0
56,1.0,0.0,0.0,0.0,0.0,0.0,0.0,0.0
57,1.0,0.0,0.0,0.0,0.0,0.0,0.0,0.0
58,1.0,0.0,0.0,0.0,0.0,0.0,0.0,0.0
59,1.0,0.0,0.0,0.0,0.0,0.0,0.0,0.0
60,1.0,0.0,0.0,0.0,0.0,0.0,0.0,0.0
61,1.0,0.0,0.0,0.0,0.0,0.0,0.0,0.0
62,1.0,0.0,0.0,0.0,0.0,0.0,0.0,0.0
63,1.0,0.0,0.0,0.0,0.0,0.0,0.0,0.0
64,1.0,0.0,0.0,0.0,0.0,0.0,0.0,0.0
65,1.0,0.0,0.0,0.0,0.0,0.0,0.0,0.0
66,1.0,0.0,0.0,0.0,0.0,0.0,0.0,0.0
67,1.0,0.0,0.0,0.0,0.0,0.0,0.0,0.0
68,1.0,0.0,0.0,0.0,0.0,0.0,0.0,0.0
69,1.0,0.0,0.0,0.0,0.0,0.0,0.0,0.0
70,1.0,0.0,0.0,0.0,0.0,0.0,0.0,0.0
71,1.0,0.0,0.0,0.0,0.0,0.0,0.0,0.0
72,1.0,0.0,0.0,0.0,0.0,0.0,0.0,0.0
73,1.0,0.0,0.0,0.0,0.0,0.0,0.0,0.0
74,1.0,0.0,0.0,0.0,0.0,0.0,0.0,0.0
75,1.0,0.0,0.0,0.0,0.0,0.0,0.0,0.0
76,1.0,0.0,0.0,0.0,0.0,0.0,0.0,0.0
77,1.0,0.0,0.0,0.0,0.0,0.0,0.0,0.0
78,1.0,0.0,0.0,0.0,0.0,0.0,0.0,0.0
79,1.0,0.0,0.0,0.0,0.0,0.0,0.0,0.0
80,1.0,0.0,0.0,0.0,0.0,0.0,0.0,0.0
81,1.0,0.0,0.0,0.0,0.0,0.0,0.0,0.0
82,1.0,0.0,0.0,0.0,0.0,0.0,0.0,0.0
83,1.0,0.0,0.0,0.0,0.0,0.0,0.0,0.0
84,1.0,0.0,0.0,0.0,0.0,0.0,0.0,0.0
85,1.0,0.0,0.0,0.0,0.0,0.0,0.0,0.0
86,1.0,0.0,0.0,0.0,0.0,0.0,0.0,0.0
87,1.0,0.0,0.0,0.0,0.0,0.0,0.0,0.0
88,1.0,0.0,0.0,0.0,0.0,0.0,0.0,0.0
89,1.0,0.0,0.0,0.0,0.0,0.0,0.0,0.0
90,1.0,0.0,0.0,0.0,0.0,0.0,0.0,0.0
91,1.0,0.0,0.0,0.0,0.0,0.0,0.0,0.0
92,1.0,0.0,0.0,0.0,0.0,0.0,0.0,0.0
93,1.0,0.0,0.0,0.0,0.0,0.0,0.0,0.0
94,1.0,0.0,0.0,0.0,0.0,0.0,0.0,0.0
95,1.0,0.0,0.0,0.0,0.0,0.0,0.0,0.0
96,1.0,0.0,0.0,0.0,0.0,0.0,0.0,0.0
97,1.0,0.0,0.0,0.0,0.0,0.0,0.0,0.0
98,1.0,0.0,0.0,0.0,0.0,0.0,0.0,0.0
99,1.0,0.0,0.0,0.0,0.0,0.0,0.0,0.0
100,0.9876836325864372,0.012316367413562844,0.0,0.0,0.0,0.0,0.0,0.0
101,0.975369701765666,0.024630298234334044,0.0,0.0,0.0,0.0,0.0,0.0
102,0.963010582533874,0.036989417466126,0.0,0.0,0.0,0.0,0.0,0.0
103,0.9507021360759493,0.04929786392405063,0.0,0.0,0.0,0.0,0.0,0.0
104,0.9383497305581648,0.06165026944183517,0.0,0.0,0.0,0.0,0.0,0.0
105,0.9260431085623888,0.06164722167292861,0.012309669764682618,0.0,0.0,0.0,0.0,0.0
106,0.9136968019376205,0.06163808017399041,0.024665117888389106,0.0,0.0,0.0,0.0,0.0
107,0.9014481292937281,0.06163198734740276,0.03691988335886917,0.0,0.0,0.0,0.0,0.0
108,0.889152458611317,0.06157647640227329,0.049271064986409686,0.0,0.0,0.0,0.0,0.0
109,0.8768592182635766,0.06157039086821169,0.06157039086821169,0.0,0.0,0.0,0.0,0.0
110,0.8768158908983101,0.06156734855222848,0.061616760549461407,0.0,0.0,0.0,0.0,0.0
111,0.8768219773704234,0.06156430653688423,0.061613716092692325,0.0,0.0,0.0,0.0,0.0
112,0.8766920264795969,0.06170338899318249,0.06160458452722063,0.0,0.0,0.0,0.0,0.0
113,0.8767102988392196,0.06174364040503828,0.061546060755742156,0.0,0.0,0.0,0.0,0.0
114,0.8767224774040598,0.061737541364152715,0.06153998123178742,0.0,0.0,0.0,0.0,0.0
115,0.8766913580246913,0.06177777777777778,0.061530864197530864,0.0,0.0,0.0,0.0,0.0
116,0.8766602478645139,0.061818002271268456,0.06152174986421765,0.0,0.0,0.0,0.0,0.0
117,0.8765736855097507,0.06191063934830906,0.061515675141940264,0.0,0.0,0.0,0.0,0.0
118,0.8762403119909167,0.06200325813299107,0.061756429876092214,0.0,0.0,0.0,0.0,0.0
119,0.876153808184017,0.06209585863073202,0.061750333185251,0.0,0.0,0.0,0.0,0.0
120,0.8756231183061053,0.06258328809042002,0.06179359360347465,0.0,0.0,0.0,0.0,0.0
121,0.8745003207817204,0.06371218477027094,0.061787494448008684,0.0,0.0,0.0,0.0,0.0
122,0.873032321736985,0.06518628176659265,0.061781396496422405,0.0,0.0,0.0,0.0,0.0
123,0.8709231756056643,0.06715350076479006,0.061923323629545564,0.0,0.0,0.0,0.0,0.0
124,0.8684327364214888,0.06950816437274925,0.06200976764836466,4.9331557397267034e-05,0.0,0.0,0.0,0.0
125,0.8659565024411895,0.07131232430832964,0.06258322237017311,0.00014795088030773783,0.0,0.0,0.0,0.0
126,0.8624463836710545,0.07331262633732682,0.06399447813439826,0.0002465118572203323,0.0,0.0,0.0,0.0
127,0.85826228377113,0.07584643437977429,0.06549701838253413,0.00039426346656152976,0.0,0.0,0.0,0.0
128,0.8536729565945707,0.07813962654579494,0.0676947332118047,0.0004926836478297285,0.0,0.0,0.0,0.0
129,0.8488996110482004,0.0801043769386047,0.07020826153315937,0.0007877504800354488,0.0,0.0,0.0,0.0
130,0.8442159130049698,0.0820744968754613,0.07267627810854696,0.0010333120110219947,0.0,0.0,0.0,0.0
131,0.8388634911271691,0.08464828196431205,0.07501351816349604,0.001474708745022858,0.0,0.0,0.0,0.0
132,0.8341930729550479,0.0871039056742815,0.07698354212724147,0.0017194792434291329,0.0,0.0,0.0,0.0
133,0.8297402150960075,0.08942690173353632,0.07896675342533026,0.0018661297451259638,0.0,0.0,0.0,0.0
134,0.8246871165644172,0.09226993865030675,0.08093251533742331,0.0021104294478527606,0.0,0.0,0.0,0.0
135,0.8201442378452632,0.09473580925280871,0.0828631702889663,0.0022567826129617817,0.0,0.0,0.0,0.0
136,0.813783638056958,0.0982794961031322,0.0852899367678055,0.0026469290721043088,0.0,0.0,0.0,0.0
137,0.8078335373317014,0.10115055079559364,0.08783353733170135,0.003182374541003672,0.0,0.0,0.0,0.0
138,0.8013400498850687,0.10412285420844133,0.09086907614809019,0.003668019758399765,0.0,0.0,0.0,0.0
139,0.7954556559980455,0.10686537991693135,0.09362325922306376,0.004055704861959443,0.0,0.0,0.0,0.0
140,0.7894402966866735,0.10915922510125409,0.09671595178841556,0.004684526423656858,0.0,0.0,0.0,0.0
141,0.7841712585946262,0.11118154776417809,0.09967328229385088,0.004973911347344809,0.0,0.0,0.0,0.0
142,0.7795214191724743,0.11272479165651347,0.10253911009308446,0.005214679077927774,0.0,0.0,0.0,0.0
143,0.7758452694144012,0.11331969209782715,0.10552470038000585,0.00531033810776576,0.0,0.0,0.0,0.0
144,0.7718460789089138,0.1138334145153434,0.10896249391134924,0.00535801266439357,0.0,0.0,0.0,0.0
145,0.7686501753019088,0.11414102064666927,0.11175496688741722,0.005453837164004675,0.0,0.0,0.0,0.0
146,0.7660030180596797,0.11507569488390205,0.1133719515163316,0.005549335540086647,0.0,0.0,0.0,0.0
147,0.7638814540853569,0.11562606452868752,0.11484743783152465,0.0056450435544308725,0.0,0.0,0.0,0.0
148,0.7622013527322271,0.11649068171865117,0.1156634713639239,0.005644494185197801,0.0,0.0,0.0,0.0
149,0.7603502797372902,0.11739236195572854,0.11656531257601557,0.005692045730965702,0.0,0.0,0.0,0.0
150,0.7585603112840467,0.11867704280155641,0.11702334630350195,0.005739299610894942,0.0,0.0,0.0,0.0
151,0.7564439256881627,0.12002723470479525,0.11779009823947087,0.005738741367571248,0.0,0.0,0.0,0.0
152,0.7545582729615403,0.12101910828025478,0.1186366509456897,0.005785967812515194,0.0,0.0,0.0,0.0
153,0.7516161959850289,0.12278228746415204,0.11972002138725514,0.005881495163563895,0.0,0.0,0.0,0.0
154,0.7488821928460342,0.12417379471228616,0.12106337480559876,0.005880637636080871,0.0,0.0,0.0,0.0
155,0.7462338419671494,0.1258625716784916,0.12202352026436,0.005880066089999028,0.0,0.0,0.0,0.0
156,0.7435623360217666,0.12729569526770965,0.12321445923622583,0.00592750947429793,0.0,0.0,0.0,0.0
157,0.7406741791334758,0.12910433262094423,0.12419856226928308,0.006022925976296872,0.0,0.0,0.0,0.0
158,0.7374478003301933,0.13086335825968728,0.12557055453044577,0.006118286879673691,0.0,0.0,0.0,0.0
159,0.7343203883495145,0.13281553398058252,0.1266504854368932,0.006213592233009709,0.0,0.0,0.0,0.0
160,0.7311760139724433,0.13482437415098,0.1275470599650689,0.00645255191150786,0.0,0.0,0.0,0.0
161,0.7283178114086146,0.13649592549476136,0.12868645712068297,0.006499805975941016,0.0,0.0,0.0,0.0
162,0.7247163773877631,0.1387569087559391,0.1298361291573742,0.006690584698923688,0.0,0.0,0.0,0.0
163,0.719449559065801,0.1417773040023258,0.13184417094679718,0.006928965985076073,0.0,0.0,0.0,0.0
164,0.7146039124539996,0.14405384466395507,0.13412744528374976,0.007214797598295564,0.0,0.0,0.0,0.0
165,0.7105798083438196,0.14592004646210435,0.1360952473139096,0.007404897880166489,0.0,0.0,0.0,0.0
166,0.7058339783281734,0.14807469040247678,0.13849651702786378,0.007594814241486068,0.0,0.0,0.0,0.0
167,0.7019630596654095,0.14993714340972827,0.1403152499758244,0.007784546949037811,0.0,0.0,0.0,0.0
168,0.6979508988981249,0.15145950125652427,0.14261550357626135,0.007974096269089502,0.0,0.0,0.0,0.0
169,0.6938460052168872,0.1533668244614047,0.14462370785431358,0.008163462467394455,0.0,0.0,0.0,0.0
170,0.6901979719942057,0.15490101400289716,0.1465958474167069,0.008305166586190247,0.0,0.0,0.0,0.0
171,0.6861335006515759,0.1566195279694966,0.1488006177904339,0.008446353588493653,0.0,0.0,0.0,0.0
172,0.6827150369048194,0.15808770321771431,0.15056201456896137,0.008635245308504994,0.0,0.0,0.0,0.0
173,0.6789623414822316,0.15994020926756353,0.15227349438256424,0.008823954867640676,0.0,0.0,0.0,0.0
174,0.6753578485710154,0.16188731987083715,0.15374234902886885,0.009012482529278519,0.0,0.0,0.0,0.0
175,0.671917148362235,0.16310211946050096,0.15578034682080924,0.00920038535645472,0.0,0.0,0.0,0.0
176,0.6697004719252625,0.1639699508812482,0.15703553886160068,0.009294038331888663,0.0,0.0,0.0,0.0
177,0.667468951574083,0.1648695484740541,0.15822662944064697,0.009434870511215943,0.0,0.0,0.0,0.0
178,0.6651588065447546,0.16607314725697786,0.15923965351299327,0.009528392685274303,0.0,0.0,0.0,0.0
179,0.6624819624819624,0.1672919672919673,0.16050986050986052,0.009716209716209716,0.0,0.0,0.0,0.0
180,0.6612810155799193,0.1682054241200231,0.16070398153491056,0.009809578765147143,0.0,0.0,0.0,0.0
181,0.6597442553600615,0.16849341409479857,0.16185943659263533,0.009902893952504568,0.0,0.0,0.0,0.0
182,0.6594906295050457,0.16852474771744352,0.16194137433925998,0.010043248438250841,0.0,0.0,0.0,0.0
183,0.659363889689632,0.16854040549630056,0.16200634188526952,0.010089362928797925,0.0,0.0,0.0,0.0
184,0.660053799596503,0.16802766836391583,0.16178307234124314,0.010135459698337977,0.0,0.0,0.0,0.0
185,0.6616079147055999,0.16741907597733166,0.16079147055998463,0.010181538757083854,0.0,0.0,0.0,0.0
186,0.6632579576551922,0.16664266167362812,0.15977723366460223,0.010322147006577367,0.0,0.0,0.0,0.0
187,0.6643947393683403,0.16645867332245368,0.15873092061054045,0.010415666698665643,0.0,0.0,0.0,0.0
188,0.6669544778625222,0.16664268240034538,0.15575382549047825,0.010649014246654195,0.0,0.0,0.0,0.0
189,0.669000575484366,0.16708229426433915,0.1532227124496451,0.010694417801649722,0.0,0.0,0.0,0.0
190,0.6723402215083665,0.1646929088555401,0.15222707004842498,0.010739799587668408,0.0,0.0,0.0,0.0
191,0.6760435136818901,0.16240954617338382,0.15062059711506207,0.010926343029664063,0.0,0.0,0.0,0.0
192,0.6791016186189063,0.15946748395747534,0.15022507422660664,0.01120582319701178,0.0,0.0,0.0,0.0
193,0.6820662581386442,0.15760245116813482,0.14903293757181157,0.011298353121409421,0.0,0.0,0.0,0.0
194,0.6858578607322325,0.1533381191672649,0.1494137353433836,0.011390284757118929,0.0,0.0,0.0,0.0
195,0.6882563979909113,0.15120784501315473,0.14895957904807464,0.011576177947859364,0.0,0.0,0.0,0.0
196,0.6913403146368288,0.14976330512121647,0.14718117917085066,0.011715201071104098,0.0,0.0,0.0,0.0
197,0.6941722044270211,0.1489219295310035,0.14514509728928623,0.0117607687526892,0.0,0.0,0.0,0.0
198,0.6949022980268501,0.14930008121924418,0.14375806220438583,0.01203955854951985,0.0,0.0,0.0,0.0
199,0.6962043447123418,0.14967772738123658,0.14179995225590833,0.01231797565051325,0.0,0.0,0.0,0.0
200,0.6962146164494726,0.1505561124636021,0.14086591245405508,0.012363358632870304,0.0,0.0,0.0,0.0
201,0.6944802251800963,0.1508038738609799,0.14212108200944612,0.012594818949477601,0.0,0.0,0.0,0.0
202,0.692641518431971,0.15146168152987743,0.14316371786923554,0.012733082168916018,0.0,0.0,0.0,0.0
203,0.6901005671798294,0.15270959439492873,0.14422572803965492,0.012964110385586959,0.0,0.0,0.0,0.0
204,0.6870920093391147,0.1538095011197408,0.1460427883928146,0.013055701148329919,0.0,0.0,0.0,0.0
205,0.6841503501500643,0.15506645705302272,0.14768234005049782,0.01310085274641513,0.0,0.0,0.0,0.0
206,0.6806210411011097,0.1564032957089108,0.14978330237652998,0.01319236081344954,0.0,0.0,0.0,0.0
207,0.6780766484170435,0.15758152820756963,0.15101166388955012,0.013330159485836705,0.0,0.0,0.0,0.0
208,0.6752010660067577,0.15904440108504259,0.15228667967448722,0.013467853233712464,0.0,0.0,0.0,0.0
209,0.6735665001189627,0.15955270045205805,0.1534142279324292,0.013466571496550084,0.0,0.0,0.0,0.0
210,0.6723456907628611,0.16013896159520297,0.15414267358302003,0.01337267405891591,0.0,0.0,0.0,0.0
211,0.6706324656165231,0.16113834293056678,0.15490410698139248,0.013325084471517631,0.0,0.0,0.0,0.0
212,0.6691725745824808,0.16148831897987342,0.1559689774944093,0.013370128943236428,0.0,0.0,0.0,0.0
213,0.6685858393604872,0.16144842025123715,0.15669014084507044,0.013275599543205178,0.0,0.0,0.0,0.0
214,0.6687437568377491,0.16087142653284497,0.156970936593255,0.013366313085668078,4.756695048280455e-05,0.0,0.0,0.0
215,0.6683467262612334,0.16085778137035806,0.15724406828015786,0.013503875231800674,4.7548856450002375e-05,0.0,0.0,0.0
216,0.6695982885666746,0.1598763964820537,0.1569289279771809,0.013548847159496079,4.753981459472308e-05,0.0,0.0,0.0
217,0.6698359876396482,0.1598763964820537,0.156738768718802,0.013501307344901355,4.753981459472308e-05,0.0,0.0,0.0
218,0.6709932011600818,0.159273522559787,0.15627822944896116,0.013407502496077592,4.754433509247373e-05,0.0,0.0,0.0
219,0.6726261233417337,0.1582901431220579,0.1557225048737578,0.013313679806000666,4.7548856450002375e-05,0.0,0.0,0.0
220,0.6737247811191474,0.15807004187285878,0.1552626570232204,0.012894937190711839,4.7582794061667303e-05,0.0,0.0,0.0
221,0.6742380952380952,0.15804761904761905,0.15519047619047618,0.012476190476190476,4.761904761904762e-05,0.0,0.0,0.0
222,0.6744595752785449,0.1578421102752119,0.15517569755261404,0.012475002380725644,4.7614512903532995e-05,0.0,0.0,0.0
223,0.675047619047619,0.15814285714285714,0.15438095238095237,0.012380952380952381,4.761904761904762e-05,0.0,0.0,0.0
224,0.6756525052390931,0.15803010097161363,0.15402933892169937,0.01224042674795199,4.7628119641836543e-05,0.0,0.0,0.0
225,0.6756319322130718,0.15813776360260864,0.1537582710525063,0.012424429951920788,4.760317989241681e-05,0.0,0.0,0.0
226,0.6763921941932413,0.15801999048072346,0.15311756306520705,0.01242265587815326,4.759638267491671e-05,0.0,0.0,0.0
227,0.6763432161043164,0.1577594822252891,0.1534288297720459,0.012420882310950364,4.758958739827726e-05,0.0,0.0,0.0
228,0.6764048151496408,0.158110101346529,0.1529714041014417,0.012466098872341437,4.758053004710473e-05,0.0,0.0,0.0
229,0.6767546990245064,0.1577920532952653,0.15303354746609565,0.012372115155841065,4.758505829169641e-05,0.0,0.0,0.0
230,0.6772766200399657,0.15710343515082312,0.15315443905224094,0.01237034922447426,9.515653249595585e-05,0.0,0.0,0.0
231,0.6781773211567732,0.15648782343987824,0.1527777777777778,0.012414383561643835,9.512937595129375e-05,0.0,4.756468797564688e-05,0.0
232,0.6770833333333334,0.15710616438356165,0.15325342465753425,0.012319254185692541,0.0001902587519025875,0.0,4.756468797564688e-05,0.0
233,0.6768886987115486,0.15751438216136548,0.15280749298721058,0.012409071459135643,0.00023772167546236866,4.754433509247373e-05,9.508867018494746e-05,0.0
234,0.6760442902627952,0.1579147459962933,0.15302000665304377,0.012545739675901725,0.0003326521883761821,4.7521741196597446e-05,9.504348239319489e-05,0.0
235,0.6753610794374763,0.15868491068034968,0.15274610414291145,0.01249524895477005,0.0004751045229950589,4.751045229950589e-05,0.00014253135689851768,4.751045229950589e-05
236,0.6739791073124406,0.15887939221272554,0.15360873694207028,0.012630579297245963,0.0006172839506172839,4.748338081671415e-05,0.0001899335232668566,4.748338081671415e-05
237,0.672677232608902,0.15943817025718895,0.153886305400019,0.012717092151466262,0.0009490367277213628,9.490367277213628e-05,0.00018980734554427256,4.745183638606814e-05
238,0.6709509129713066,0.16001897083234526,0.15465971069480675,0.012757884752193503,0.0011382499407161489,0.0001897083234526915,0.00023713540431586437,4.742708086317287e-05
239,0.6692730546867596,0.16064827978390675,0.1550563927589802,0.01279499573500142,0.001658610558240925,0.0002369443654629893,0.0002843332385555871,4.738887309259786e-05
240,0.667266442539893,0.1608030683270988,0.15625739855106777,0.012832046971921019,0.0020360812538472465,0.00028410436100194137,0.00047350726833656897,4.73507268336569e-05
241,0.665799309268108,0.16071344088565076,0.1570705398117046,0.012821119364148176,0.0025074513885603444,0.00047310403557742346,0.0005677248426929082,4.7310403557742344e-05
242,0.6650269605524548,0.1606281335729827,0.1576955822533346,0.012723488790086085,0.002696055245482925,0.0005675905779964053,0.000614889792829439,4.729921483303377e-05
243,0.6649964547388324,0.16024580477428504,0.15745686598912786,0.012573859607657764,0.00345072086977074,0.0006145119357125975,0.0006145119357125975,4.7270148900969035e-05
244,0.6638175292784284,0.16060634680770683,0.15744238760861354,0.012608613524744995,0.003919531545145447,0.0006611258027956177,0.0008972421609369097,4.7223271628258404e-05
245,0.6626250235893565,0.16078505378373278,0.1576712587280619,0.012643895074542366,0.00448197773164748,0.0007076806944706548,0.0010379316852236272,4.717871296471032e-05
246,0.6618762663148471,0.16105168920510768,0.1571879564623286,0.012816284219950054,0.005135937426377044,0.0007067803797766574,0.0011779672996277623,4.7118691985110494e-05
247,0.6607823753707104,0.16108835851810008,0.15736948641905568,0.01275714352963329,0.005601845313750412,0.0008002636162500589,0.0015534529021324671,4.707433036765052e-05
248,0.6611309747835905,0.1606134738426797,0.1568027850959729,0.01256115920210764,0.0062100112909296195,0.0008468197214904028,0.0017877305231464057,4.704554008280015e-05
249,0.6607142857142857,0.16052631578947368,0.15629699248120302,0.0125,0.00700187969924812,0.001080827067669173,0.0018327067669172933,4.699248120300752e-05
250,0.6595644828233528,0.16040923596771164,0.15651398535761216,0.012624366435141731,0.0075558475689881735,0.0011732682560540641,0.0020180214004129906,0.0001407921907264877
251,0.6596483001172333,0.15957796014067996,0.15652989449003518,0.012567409144196951,0.008300117233294256,0.0011723329425556857,0.002063305978898007,0.0001406799531066823
252,0.6588874830123248,0.1599887529874877,0.15633347392098973,0.01255916397206992,0.008622709592764422,0.0012184263554993204,0.002249402502460284,0.00014058765640376775
253,0.6595943983888343,0.15914945435810968,0.15615193667743898,0.012692613929089972,0.008758371973209686,0.0012177415577724698,0.0022949744742635004,0.0001405086412814388
254,0.6605010536174198,0.1586981971435261,0.15556075860454227,0.012596581596815735,0.00899086864902833,0.0012175134628892531,0.0022945446031374384,0.00014048232264106766
255,0.6612533345813638,0.15818785978377872,0.15491177984742827,0.012636308325923152,0.00926662610567698,0.0013104319745401787,0.002293255955445313,0.00014040342584359058
256,0.6618782462215151,0.1579710823078003,0.1543680688783866,0.01258715081184783,0.009358476440035563,0.0013569790838051565,0.0023396191100088907,0.00014037714660053343
257,0.6630953494900346,0.15734069430148778,0.15369140076728735,0.01249181248245532,0.009450734537288294,0.0014503602507719658,0.002339290727051558,0.00014035744362309347
258,0.6627232769101281,0.15767324417843448,0.15346488356868979,0.012718600953895072,0.009492191153090808,0.0014495464322453941,0.0023379781165248294,0.00014027868699148977
259,0.6624748726099762,0.15768313776822027,0.1535692580992006,0.012715628067879015,0.009583469683511757,0.001495956243279884,0.0023374316301248187,0.00014024589780748913
260,0.6619145554828456,0.158034963073759,0.15373469196971112,0.012713845003271945,0.009628867906889783,0.00149574647097317,0.002337103860895578,0.00014022623165373468
261,0.6618691588785047,0.15789719626168225,0.15378504672897197,0.01280373831775701,0.009672897196261682,0.0014953271028037382,0.002336448598130841,0.00014018691588785047
262,0.6616671339127185,0.15788244089337444,0.1540042986636763,0.012802541818521633,0.009671993271656855,0.0014951873656667601,0.002336230258854313,0.00014017381553125876
263,0.6617461577988508,0.15779885084318213,0.15392161442518804,0.012799551548558883,0.009716447890876816,0.0015415518288410333,0.0023356845891530807,0.00014014107534918486
264,0.6615298402913982,0.15788736340711684,0.15387129915008874,0.01279536751657794,0.009853366956196881,0.0015410479125805548,0.0023816195012608572,0.00014009526478005044
265,0.6606575751914814,0.1585559499346161,0.15416588828694192,0.012656454324677751,0.009900990099009901,0.00154119185503456,0.0023818419577806837,0.00014010835045768727
266,0.6600700116686115,0.15859976662777128,0.15435239206534423,0.01278879813302217,0.009988331388564762,0.0015402567094515752,0.0025204200700116686,0.00014002333722287048
267,0.6589234070342382,0.15938986845787853,0.15435208508256368,0.012874335292471313,0.010215505177721802,0.0015859688403769008,0.0025188916876574307,0.0001399384270920795
268,0.6582125040794443,0.15968110401417315,0.15441279313720918,0.012914354981584223,0.010350132873327427,0.0016317777052543242,0.0026574665485570425,0.00013986666045037065
269,0.6575955265610438,0.1602516309412861,0.15410065237651444,0.012907735321528425,0.010671015843429636,0.0016309412861137,0.002702702702702703,0.00013979496738117427
270,0.6570097810898928,0.1607359105728924,0.15388914764788075,0.012948299953423382,0.010898928737773638,0.0016767582673497905,0.0027014438751746623,0.00013972985561248253
271,0.6561888795753004,0.16089224178075812,0.15437272981279687,0.012852752165409332,0.01112973828816243,0.0016764459346186086,0.002747508615069386,0.00013970382788488405
272,0.6552302034355942,0.16107257576462922,0.15492761044644104,0.01284856384712071,0.011172664214887575,0.0017690051673571994,0.002839718821283925,0.0001396583026860947
273,0.6548339071368754,0.16111472969200707,0.15488043174839491,0.01293384200241928,0.01135200521075649,0.0018609844607797525,0.0028845259142086166,0.00013957383455848144
274,0.6544938593226647,0.16082061778935616,0.15519166356531447,0.012606996650539635,0.01190919240788984,0.0019073315965761073,0.0029307778191291402,0.00013956084852995905
275,0.6540804464078122,0.16089281562427343,0.1551732155312718,0.012555219716345037,0.012322715647523831,0.0019065333643338758,0.002929551267147175,0.0001395024412927226
276,0.6532868757259002,0.16097560975609757,0.1551684088269454,0.012636469221835075,0.012682926829268294,0.001997677119628339,0.0030662020905923345,0.00018583042973286876
277,0.6530015321045546,0.16082455081480107,0.1550675518826315,0.012628255722178374,0.013092529829611402,0.002042806072705325,0.0031570639305445935,0.0001857096429732114
278,0.652202162714067,0.16146099224950108,0.15491715784099874,0.012577156912795285,0.013366129855664361,0.0020884577899475563,0.0032023019445862532,0.0001856406924397828
279,0.6516296536696184,0.16115721637535352,0.1550836849181696,0.012749779776531132,0.013677036487551579,0.0020863275997960035,0.003384486995224628,0.0002318141777551115
280,0.6515151515151515,0.16059679362431656,0.15526827912149013,0.0127420998980632,0.014132147159670096,0.002085070892410342,0.0034287832452970066,0.0002316745436011491
281,0.6503937007874016,0.16090782769800835,0.15576655859194072,0.012691060676239,0.014404817044928207,0.0020842982862436313,0.003473830477072719,0.0002779064381658175
282,0.6505834413780329,0.16040007408779403,0.1557232820892758,0.012502315243563622,0.014771253935914058,0.0021763289498055193,0.0035654750879792556,0.00027782922763474715
283,0.6504858861638131,0.15983341045812124,0.15585377140212864,0.012494215640906987,0.015131883387320685,0.0023137436372049976,0.003609440074039796,0.00027764923646459973
284,0.6505873647211173,0.159513458514476,0.15572102488206457,0.012579779853852557,0.01516973452964573,0.002404957913236518,0.003746184441772269,0.0002774951438349829
285,0.6512434131459739,0.15914763797725803,0.15503374318202828,0.01257280207081446,0.0153924378293427,0.0024498474623278173,0.003836553573079412,0.0003235647591753721
286,0.6507203546361285,0.1592630217953454,0.15483007018840045,0.012837089028444772,0.01570003694126339,0.0024935352789065388,0.003832656076837828,0.0003232360546730698
287,0.6501130751834587,0.15973600406147598,0.15470531222596576,0.012969031245673144,0.015738219412009046,0.0025384224858079106,0.0038768634328702634,0.0003230719527391886
288,0.6500669220473532,0.15936677897263118,0.15498223104259934,0.012738265565145152,0.01592283195643144,0.002584575621913509,0.004015322841187058,0.0003230719527391886
289,0.650588506808216,0.1593353334871913,0.1544426494345719,0.01250865451188553,0.016108931456265865,0.0026309716132010153,0.004061850911608585,0.00032310177705977385
290,0.65,0.15922509225092252,0.1547509225092251,0.012638376383763838,0.01628228782287823,0.002675276752767528,0.0041051660516605165,0.00032287822878228784
291,0.6502329013512891,0.15980261033989762,0.1538532490891482,0.01259050869344648,0.01637227320942674,0.002674906608864087,0.004150717151685653,0.0003228335562422174
292,0.6511317014705205,0.15940626008389802,0.15309085880237866,0.012676900382611902,0.016549117226755176,0.002673673535241783,0.004148803761582077,0.00032268473701193933
293,0.6512442396313364,0.15903225806451612,0.1531336405529954,0.012672811059907835,0.01672811059907834,0.0027649769585253456,0.004101382488479263,0.0003225806451612903
294,0.6521839292296351,0.15845005528934758,0.15259859933652783,0.012578326575746406,0.016863251013638038,0.00281054183560634,0.004192775525248802,0.00032252119424990786
295,0.6519736539081572,0.1581226106581917,0.1530099949334439,0.012666390309059923,0.016903873612454517,0.00280963566855511,0.004191423702270739,0.0003224172078669799
296,0.65176351413574,0.15779537710654756,0.1533290358228198,0.012662307763145777,0.01712864904687356,0.0028087300856432453,0.004190072750713694,0.00032231328851643797
297,0.6519357363163467,0.15743681811904434,0.15329374395801684,0.012567324955116697,0.017400911476315426,0.002854117755374488,0.004189108318372232,0.0003222391014132486
298,0.6519357363163467,0.15789715969249182,0.15283340238456936,0.012475256640427196,0.017446945633660175,0.0029001519127192375,0.004189108318372232,0.0003222391014132486
299,0.6506716967243283,0.15863084284136916,0.15301803459698196,0.012559808612440191,0.017666543982333457,0.002944423997055576,0.004186602870813397,0.00032204637467795363
300,0.650142554952635,0.15883380851650877,0.15308562494251818,0.012600018394187437,0.017704405407891106,0.003127011864250897,0.004184677641865171,0.00032189828014347465
301,0.6501401461195607,0.15866378716169646,0.15273629554748885,0.012682075081560447,0.018012222579607592,0.003262417865184028,0.0041814088131231905,0.000321646831778707
302,0.6502985760220487,0.15861276986678916,0.15245751033532384,0.012723932016536519,0.01814423518603583,0.0032613688562241616,0.004180064308681672,0.0003215434083601286
303,0.6499609894901097,0.15861214374225527,0.15223277800725138,0.012850520905043829,0.018541465877277525,0.003258524943778971,0.004222314011657258,0.00032126302262609573
304,0.6494221243808476,0.15905338470005503,0.151852871032838,0.012887543569987158,0.018849752339020365,0.003302146395156852,0.004311135571454779,0.0003210420106402495
305,0.6500687757909216,0.15836772122879414,0.15167354424575882,0.012792297111416781,0.01902796882164145,0.003301237964236589,0.004447501146263182,0.00032095369096744614
306,0.6504355800091701,0.1584135717560752,0.15116918844566712,0.012563044475011463,0.019211370930765703,0.0033929390187987163,0.004493351673544246,0.00032095369096744614
307,0.6497869025250905,0.15856285229824482,0.15141377572063608,0.012694193666651392,0.019247513862792723,0.003437056046927272,0.004536913981943999,0.00032079189771321205
308,0.6490521109991757,0.158485209268248,0.15179961534939096,0.01291327044601154,0.01936990566901731,0.0034343804377690267,0.004624965656195622,0.0003205421741917758
309,0.6480735792074678,0.1585979683353162,0.15223757664500778,0.013086849089411549,0.019538757206918642,0.003523382447149263,0.004621579573533449,0.00032030749519538755
310,0.6477610574943969,0.15899007455518455,0.1518547317385537,0.013081461830489869,0.019850889630883228,0.0035219320312857337,0.00461967707999817,0.00032017563920779397
311,0.648024510700567,0.15881653557709896,0.15154563746113042,0.012987012987012988,0.020074995427108104,0.0036125845985000913,0.004618620815803914,0.0003201024327784891
312,0.6486424718895695,0.15824115549867446,0.15120212085199744,0.013026784898071122,0.020248651613493006,0.0036109333577109427,0.00470792577018009,0.00031995612030350125
313,0.6478248949003839,0.1583348565161762,0.15175470663498447,0.013023213306525316,0.020380186437579967,0.0037013343081703527,0.004660939499177482,0.0003198683970023762
314,0.648448567381072,0.1581136041676187,0.1512589681487913,0.012795320568477814,0.020472512909564502,0.0038385961705433443,0.004752547639720331,0.00031988301421194534
315,0.6477142987623875,0.15828652326802758,0.15139060145225372,0.012878476503630634,0.020459423665342286,0.003836141937251678,0.005023519203543865,0.0004110152075626798
316,0.648061024071621,0.15845247339332208,0.15105284794226465,0.012789476088247384,0.020417485040880645,0.0038368428264742155,0.0049787603343534464,0.0004110903028365231
317,0.6483325719506624,0.1583828232069438,0.15098218364550023,0.012699862951119233,0.02037460027409776,0.0038830516217450892,0.0049337597076290545,0.0004111466423024212
318,0.649031432748538,0.1579861111111111,0.1507218567251462,0.012563961988304093,0.020513523391812866,0.003883406432748538,0.004934210526315789,0.0003654970760233918
319,0.6496757102402485,0.15807983922535854,0.149812734082397,0.012560518863615602,0.02069060016442861,0.0038823421942084588,0.004932858317347218,0.00036539691239609025
320,0.6503173950769512,0.15782983970406905,0.14928985705804448,0.012467461296067954,0.02096177558569667,0.0038818102936475315,0.0048865141343563045,0.0003653468511668265
321,0.6508908177249886,0.1582000913659205,0.14856098675194152,0.01228871630881681,0.020831429876656007,0.003928734582000913,0.0049337597076290545,0.0003654636820465966
322,0.6507537688442211,0.15847418912745545,0.1485153037916857,0.01228871630881681,0.020694380995888533,0.003928734582000913,0.004979442667884879,0.0003654636820465966
323,0.6509046052631579,0.1585343567251462,0.1484375,0.012244152046783625,0.02069627192982456,0.00379203216374269,0.005025584795321637,0.0003654970760233918
324,0.6514050719671007,0.1580077678775417,0.14868631482750744,0.012245830477496002,0.020516335389536212,0.0037011651816312545,0.005071967100753941,0.0003655471784327165
325,0.6510438079576082,0.15842126901466355,0.14864556210314742,0.012425197569777535,0.020282307797725094,0.0037458316203005802,0.005070576949431273,0.00036544698734639806
326,0.6508791961635076,0.15875770723909569,0.14852706097282484,0.01255994519296643,0.02023292989266956,0.0036994747659282942,0.0049783055492121486,0.00036538022379538706
327,0.6512626147312662,0.15822640303210192,0.14868258824603864,0.012603315219873054,0.020229234211607838,0.003698799031919266,0.004931732042559021,0.0003653134846340015
328,0.6502762178696982,0.15842578642195132,0.14947724056065378,0.012692325252248551,0.020088572341688354,0.003743779390951011,0.004930831392959869,0.00036524676984887915
329,0.6505616951319755,0.15859895880902367,0.1492830395469906,0.012603890766280025,0.019910494109051054,0.0037903004840624714,0.004886290985478126,0.00036533016713855145
330,0.6507762557077625,0.15863013698630138,0.14917808219178083,0.01273972602739726,0.019680365296803653,0.0038356164383561643,0.004794520547945206,0.00036529680365296805
331,0.6504703625901909,0.15882729016348526,0.1495113709014522,0.012740889578956983,0.019545163941912504,0.0037446342131701527,0.004794958443693488,0.00036533016713855145
332,0.6502991823870644,0.15922897729867994,0.14959119353217923,0.012789476088247384,0.019275567533001418,0.0036998127255287077,0.0047503768327776,0.00036541360252135386
333,0.6499177781838115,0.15973871733966746,0.1498264206102686,0.012972775443084231,0.01868262378951215,0.0036999817284852914,0.004796272610999452,0.0003654302941713868
334,0.6496136789649339,0.16019750377177341,0.15032231518310246,0.01275545192703333,0.018424541672381476,0.00365747725506332,0.0046632835002057334,0.000365747725506332
335,0.6494901924923414,0.16025787572584702,0.15061039732979745,0.012802340999497052,0.018197613277856524,0.0036578117141420146,0.004617987289104293,0.00036578117141420144
336,0.6494421071885861,0.16027986098408634,0.15081397475763672,0.012712639473202853,0.018383025425278945,0.0036125845985000913,0.004389976220962136,0.0003658313517468447
337,0.6493138151875572,0.16052150045745653,0.15114364135407135,0.012671546203110704,0.018115279048490394,0.0035681610247026534,0.004300091491308325,0.00036596523330283625
338,0.649517537842411,0.16056157680523162,0.15072940961265835,0.01266748982485023,0.018246673069008096,0.003658480815841222,0.00425298394841542,0.0003658480815841222
339,0.6496844415988292,0.16047745358090185,0.15069056983444618,0.012576602945211745,0.01824750754596177,0.003658648129516144,0.004298911552181469,0.00036586481295161437
340,0.6512010981468771,0.15996339510409519,0.15012582932967283,0.012399908487760238,0.018165179592770534,0.0036147334706016928,0.004209563029055136,0.00032029283916723864
341,0.6519868156015381,0.1598150521882439,0.14983519501922724,0.01217725691265336,0.018128547885002746,0.0036165537447353964,0.0041659036806445705,0.00027467496795458707
342,0.6516663614722579,0.1598150521882439,0.15020142830983335,0.012131477751327596,0.018036989562351217,0.00375389122871269,0.004120124519318806,0.00027467496795458707
343,0.6520783739241897,0.1591741439296832,0.15038454495513642,0.011948361106024537,0.018082768723676982,0.003845449551364219,0.004211682841970335,0.00027467496795458707
344,0.6520186761878605,0.15925112148677104,0.15027922731850224,0.01185571729378376,0.018355763068754007,0.003753547560194086,0.004211297262656779,0.00027464982147761604
345,0.652323186083772,0.159487296864271,0.14978255893797207,0.011764705882352941,0.018448157473105974,0.00375371938658732,0.004165712977798123,0.0002746623941405356
346,0.6523550144184557,0.15979310660502585,0.14944843685631895,0.011763628873529547,0.018446468622694192,0.003661829999542271,0.00425687737446789,0.00027463724996567033
347,0.6520067731453938,0.16022150016017572,0.14932955013500526,0.011807239943252026,0.018351562857535125,0.0037526886641343644,0.0042560981190792185,0.0002745869754244657
348,0.6524504644671212,0.15993227474488628,0.1491328421726994,0.01176039902988148,0.018441403926234383,0.0037981055232691164,0.004209948290852515,0.0002745618450555988
349,0.6528902924618976,0.15991578561947914,0.14888553251865075,0.011671014691747906,0.01844478008146826,0.0037530321753856013,0.004164950340976704,0.0002746121103940684
350,0.6531387262079063,0.15972730600292825,0.14874633967789166,0.011804538799414349,0.01839311859443631,0.003751830161054173,0.0041636163982430455,0.0002745241581259151
351,0.6529398307023564,0.1598718828643331,0.14889041409288492,0.01175932280942576,0.018302447952413637,0.0037520018302447953,0.004209563029055136,0.0002745367192862045
352,0.6521818680816028,0.16023236666361723,0.14911718964413137,0.011801299057725733,0.018250846217180497,0.003796541944927271,0.004299698106303175,0.0003201902845119385
353,0.6519134927529605,0.16016643043299347,0.14919299529056743,0.011842165424534772,0.018289058570710073,0.0038407022998491152,0.004435096703397192,0.00032005852498742627
354,0.6518917930908427,0.15924876622189726,0.1498354962529702,0.012017912630232132,0.018415280570279656,0.003838420764028514,0.004432462072747213,0.0003198683970023762
355,0.651201022924468,0.15942095168508538,0.14992236733948305,0.012101561786464517,0.018540505982281488,0.003972965567631747,0.004520960818339574,0.00031966389624623254
356,0.6500479386385427,0.15970415011642242,0.15075560425512488,0.012190110943706341,0.018444961877368396,0.00397205862210656,0.004565584623110989,0.00031959092361776926
357,0.650043384938576,0.15993058409827832,0.15079691281910765,0.012102114444901129,0.01831301091473718,0.0038818102936475315,0.004612503995981184,0.0003196784947709732
358,0.6493678397005797,0.1603907070153818,0.15062303163083665,0.012141129216303802,0.01853119722488475,0.0038796841480670044,0.004701264320598841,0.00036514674334748275
359,0.6492925604746691,0.16052031036056597,0.15066179826563214,0.012186216339570972,0.018439068918302146,0.003925148334094021,0.004655408489274304,0.0003194888178913738
360,0.649824273129764,0.16007120361495275,0.1507143183166735,0.012186772559222238,0.018302980510292576,0.0038340408051485693,0.004746907663517276,0.0003195034004290474
361,0.6489347141749168,0.1603631552534331,0.15110178384050368,0.012318080204388886,0.018340252748756787,0.0038779141384187236,0.004744742004653497,0.0003193576349286008
362,0.6497376226328998,0.16034679443303673,0.15062742413871777,0.012365959388546658,0.01816107688797627,0.0038786219484371436,0.004563084645220169,0.0003194159251654118
363,0.6491284110614219,0.16012594688327098,0.15159258921237564,0.012366523683490007,0.017888108058775214,0.003924431870037419,0.004608925800857899,0.0003650634297709227
364,0.6488274477598321,0.16050734556072635,0.1515649238069167,0.01250114061501962,0.017747969705265078,0.003969340268272652,0.0045168354776895705,0.00036499680627794504
365,0.6489235540959679,0.16060025542784165,0.15129538405400475,0.012588943623426382,0.01774311257069878,0.003968253968253968,0.00451559934318555,0.00036489691662105453
366,0.6496167183792663,0.16056762182880088,0.15103121007483117,0.012502281438218653,0.01765833181237452,0.003924073736083227,0.004380361379813835,0.00031940135061142545
367,0.6491340018231541,0.1602552415679125,0.15127620783956244,0.012898814949863264,0.017912488605287148,0.003919781221513218,0.004284412032816773,0.0003190519598906108
368,0.6495009798113294,0.16009661395433625,0.1509820899603518,0.012805906211548103,0.018183475367998907,0.00396481793738322,0.004147108417262908,0.0003190083397894545
369,0.6497880680005469,0.15970101636206188,0.15113258283578687,0.012670343193108792,0.018230709630372363,0.0039196025705300576,0.004238639989061575,0.00031903741853151634
370,0.6502871729419273,0.1594949402862613,0.15101650104840916,0.012580909836812836,0.018142036648737352,0.003920138572340232,0.004239219618926065,0.0003190810465858328
