btrf_pt-O+,btrf_pt-A+,btrf_pt-B+,btrf_pt-AB+,btrf_pt-O-,btrf_pt-A-,btrf_pt-B-,btrf_pt-AB-
1.0,0.0,0.0,0.0,0.0,0.0,0.0,0.0
1.0,0.0,0.0,0.0,0.0,0.0,0.0,0.0
1.0,0.0,0.0,0.0,0.0,0.0,0.0,0.0
1.0,0.0,0.0,0.0,0.0,0.0,0.0,0.0
1.0,0.0,0.0,0.0,0.0,0.0,0.0,0.0
1.0,0.0,0.0,0.0,0.0,0.0,0.0,0.0
1.0,0.0,0.0,0.0,0.0,0.0,0.0,0.0
1.0,0.0,0.0,0.0,0.0,0.0,0.0,0.0
1.0,0.0,0.0,0.0,0.0,0.0,0.0,0.0
1.0,0.0,0.0,0.0,0.0,0.0,0.0,0.0
1.0,0.0,0.0,0.0,0.0,0.0,0.0,0.0
1.0,0.0,0.0,0.0,0.0,0.0,0.0,0.0
1.0,0.0,0.0,0.0,0.0,0.0,0.0,0.0
1.0,0.0,0.0,0.0,0.0,0.0,0.0,0.0
1.0,0.0,0.0,0.0,0.0,0.0,0.0,0.0
1.0,0.0,0.0,0.0,0.0,0.0,0.0,0.0
1.0,0.0,0.0,0.0,0.0,0.0,0.0,0.0
1.0,0.0,0.0,0.0,0.0,0.0,0.0,0.0
1.0,0.0,0.0,0.0,0.0,0.0,0.0,0.0
1.0,0.0,0.0,0.0,0.0,0.0,0.0,0.0
1.0,0.0,0.0,0.0,0.0,0.0,0.0,0.0
1.0,0.0,0.0,0.0,0.0,0.0,0.0,0.0
1.0,0.0,0.0,0.0,0.0,0.0,0.0,0.0
1.0,0.0,0.0,0.0,0.0,0.0,0.0,0.0
1.0,0.0,0.0,0.0,0.0,0.0,0.0,0.0
1.0,0.0,0.0,0.0,0.0,0.0,0.0,0.0
1.0,0.0,0.0,0.0,0.0,0.0,0.0,0.0
1.0,0.0,0.0,0.0,0.0,0.0,0.0,0.0
1.0,0.0,0.0,0.0,0.0,0.0,0.0,0.0
1.0,0.0,0.0,0.0,0.0,0.0,0.0,0.0
1.0,0.0,0.0,0.0,0.0,0.0,0.0,0.0
1.0,0.0,0.0,0.0,0.0,0.0,0.0,0.0
1.0,0.0,0.0,0.0,0.0,0.0,0.0,0.0
1.0,0.0,0.0,0.0,0.0,0.0,0.0,0.0
1.0,0.0,0.0,0.0,0.0,0.0,0.0,0.0
1.0,0.0,0.0,0.0,0.0,0.0,0.0,0.0
1.0,0.0,0.0,0.0,0.0,0.0,0.0,0.0
1.0,0.0,0.0,0.0,0.0,0.0,0.0,0.0
1.0,0.0,0.0,0.0,0.0,0.0,0.0,0.0
1.0,0.0,0.0,0.0,0.0,0.0,0.0,0.0
1.0,0.0,0.0,0.0,0.0,0.0,0.0,0.0
1.0,0.0,0.0,0.0,0.0,0.0,0.0,0.0
1.0,0.0,0.0,0.0,0.0,0.0,0.0,0.0
1.0,0.0,0.0,0.0,0.0,0.0,0.0,0.0
1.0,0.0,0.0,0.0,0.0,0.0,0.0,0.0
1.0,0.0,0.0,0.0,0.0,0.0,0.0,0.0
1.0,0.0,0.0,0.0,0.0,0.0,0.0,0.0
1.0,0.0,0.0,0.0,0.0,0.0,0.0,0.0
1.0,0.0,0.0,0.0,0.0,0.0,0.0,0.0
1.0,0.0,0.0,0.0,0.0,0.0,0.0,0.0
1.0,0.0,0.0,0.0,0.0,0.0,0.0,0.0
1.0,0.0,0.0,0.0,0.0,0.0,0.0,0.0
1.0,0.0,0.0,0.0,0.0,0.0,0.0,0.0
1.0,0.0,0.0,0.0,0.0,0.0,0.0,0.0
1.0,0.0,0.0,0.0,0.0,0.0,0.0,0.0
1.0,0.0,0.0,0.0,0.0,0.0,0.0,0.0
1.0,0.0,0.0,0.0,0.0,0.0,0.0,0.0
1.0,0.0,0.0,0.0,0.0,0.0,0.0,0.0
1.0,0.0,0.0,0.0,0.0,0.0,0.0,0.0
1.0,0.0,0.0,0.0,0.0,0.0,0.0,0.0
1.0,0.0,0.0,0.0,0.0,0.0,0.0,0.0
1.0,0.0,0.0,0.0,0.0,0.0,0.0,0.0
1.0,0.0,0.0,0.0,0.0,0.0,0.0,0.0
1.0,0.0,0.0,0.0,0.0,0.0,0.0,0.0
1.0,0.0,0.0,0.0,0.0,0.0,0.0,0.0
1.0,0.0,0.0,0.0,0.0,0.0,0.0,0.0
1.0,0.0,0.0,0.0,0.0,0.0,0.0,0.0
1.0,0.0,0.0,0.0,0.0,0.0,0.0,0.0
1.0,0.0,0.0,0.0,0.0,0.0,0.0,0.0
1.0,0.0,0.0,0.0,0.0,0.0,0.0,0.0
1.0,0.0,0.0,0.0,0.0,0.0,0.0,0.0
1.0,0.0,0.0,0.0,0.0,0.0,0.0,0.0
1.0,0.0,0.0,0.0,0.0,0.0,0.0,0.0
1.0,0.0,0.0,0.0,0.0,0.0,0.0,0.0
1.0,0.0,0.0,0.0,0.0,0.0,0.0,0.0
1.0,0.0,0.0,0.0,0.0,0.0,0.0,0.0
1.0,0.0,0.0,0.0,0.0,0.0,0.0,0.0
1.0,0.0,0.0,0.0,0.0,0.0,0.0,0.0
1.0,0.0,0.0,0.0,0.0,0.0,0.0,0.0
1.0,0.0,0.0,0.0,0.0,0.0,0.0,0.0
1.0,0.0,0.0,0.0,0.0,0.0,0.0,0.0
1.0,0.0,0.0,0.0,0.0,0.0,0.0,0.0
1.0,0.0,0.0,0.0,0.0,0.0,0.0,0.0
1.0,0.0,0.0,0.0,0.0,0.0,0.0,0.0
1.0,0.0,0.0,0.0,0.0,0.0,0.0,0.0
1.0,0.0,0.0,0.0,0.0,0.0,0.0,0.0
1.0,0.0,0.0,0.0,0.0,0.0,0.0,0.0
1.0,0.0,0.0,0.0,0.0,0.0,0.0,0.0
1.0,0.0,0.0,0.0,0.0,0.0,0.0,0.0
1.0,0.0,0.0,0.0,0.0,0.0,0.0,0.0
1.0,0.0,0.0,0.0,0.0,0.0,0.0,0.0
1.0,0.0,0.0,0.0,0.0,0.0,0.0,0.0
1.0,0.0,0.0,0.0,0.0,0.0,0.0,0.0
1.0,0.0,0.0,0.0,0.0,0.0,0.0,0.0
1.0,0.0,0.0,0.0,0.0,0.0,0.0,0.0
1.0,0.0,0.0,0.0,0.0,0.0,0.0,0.0
1.0,0.0,0.0,0.0,0.0,0.0,0.0,0.0
1.0,0.0,0.0,0.0,0.0,0.0,0.0,0.0
1.0,0.0,0.0,0.0,0.0,0.0,0.0,0.0
1.0,0.0,0.0,0.0,0.0,0.0,0.0,0.0
0.986741206154455,0.013258793845544946,0.0,0.0,0.0,0.0,0.0,0.0
0.9734850358644571,0.026514964135542912,0.0,0.0,0.0,0.0,0.0,0.0
0.9602314883513875,0.026512341099075035,0.013256170549537517,0.0,0.0,0.0,0.0,0.0
0.9469805628369355,0.026509718581532223,0.026509718581532223,0.0,0.0,0.0,0.0,0.0
0.9469363532960783,0.02655655012116117,0.026507096582760497,0.0,0.0,0.0,0.0,0.0
0.9469416011472086,0.02655392375018543,0.026504475102605944,0.0,0.0,0.0,0.0,0.0
0.9469000296647879,0.026599426480767328,0.026500543854444773,0.0,0.0,0.0,0.0,0.0
0.9468090365317119,0.026644915715062535,0.02654604775322557,0.0,0.0,0.0,0.0,0.0
0.9468142948939746,0.02664228164697741,0.026543423459047994,0.0,0.0,0.0,0.0,0.0
0.9468195522166757,0.0266396480996392,0.026540799683685067,0.0,0.0,0.0,0.0,0.0
0.946725969854213,0.02673585371880405,0.02653817642698295,0.0,0.0,0.0,0.0,0.0
0.9467338669829034,0.02673189050301413,0.02653424251408242,0.0,0.0,0.0,0.0,0.0
0.9466870892830673,0.02677997924798656,0.026532931468946093,0.0,0.0,0.0,0.0,0.0
0.9466429524232992,0.026777333135714638,0.026579714440986116,0.0,0.0,0.0,0.0,0.0
0.946546783914633,0.026874814741626323,0.02657840134374074,0.0,0.0,0.0,0.0,0.0
0.9465026674570243,0.02687215965224264,0.026625172890733056,0.0,0.0,0.0,0.0,0.0
0.9462142539635502,0.027164518200227195,0.02662122783622265,0.0,0.0,0.0,0.0,0.0
0.9461728395061728,0.027209876543209877,0.026617283950617285,0.0,0.0,0.0,0.0,0.0
0.9461314373179283,0.027304596849849407,0.026563965832222387,0.0,0.0,0.0,0.0,0.0
0.9460873858306591,0.02730190076524315,0.026610713404097753,0.0,0.0,0.0,0.0,0.0
0.9456484178308733,0.027743496075430717,0.026608086093696005,0.0,0.0,0.0,0.0,0.0
0.9445184856113332,0.028826694308702307,0.02665482007996446,0.0,0.0,0.0,0.0,0.0
0.9435862000888406,0.029514831449582942,0.02689896846157643,0.0,0.0,0.0,0.0,0.0
0.9412780656303973,0.0308413520848754,0.027831236121391562,4.934616333580064e-05,0.0,0.0,0.0,0.0
0.9391621848324863,0.03192381704248285,0.028864656831302116,4.934129372872157e-05,0.0,0.0,0.0,0.0
0.9369973851694706,0.032907395530119884,0.030045882875326852,4.933642508263851e-05,0.0,0.0,0.0,0.0
0.9348330126782103,0.03408810616151152,0.031029549602880964,4.9331557397267034e-05,0.0,0.0,0.0,0.0
0.9327743526510481,0.03487053020961776,0.032256473489519114,9.864364981504316e-05,0.0,0.0,0.0,0.0
0.9308151289511317,0.03609645446027911,0.03294048029981755,0.0001479362887716357,0.0,0.0,0.0,0.0
0.9287580732633239,0.037223290440270174,0.03382142681062959,0.00019720948577626584,0.0,0.0,0.0,0.0
0.9261103169517425,0.0386947306156652,0.03494848918026322,0.00024646325232907776,0.0,0.0,0.0,0.0
0.9232740353816588,0.04035874439461883,0.036022273690435126,0.00034494653328734045,0.0,0.0,0.0,0.0
0.9201281103720128,0.04203005666420301,0.03749692042374969,0.00034491254003449125,0.0,0.0,0.0,0.0
0.9166707707461217,0.043585323811869,0.039202166953952226,0.0005417384880571288,0.0,0.0,0.0,0.0
0.9137413224361184,0.045147949387031656,0.04047068091182118,0.0006400472650288021,0.0,0.0,0.0,0.0
0.9111986217080975,0.04641890228894905,0.04169333005168595,0.0006891459512675363,0.0,0.0,0.0,0.0
0.9081647718883803,0.04759092475023377,0.04350607805502239,0.0007382253063635022,0.0,0.0,0.0,0.0
0.9053781429907002,0.04925453919204842,0.044580032475520344,0.0007872853417310436,0.0,0.0,0.0,0.0
0.902248241255473,0.050966694544202294,0.04594873813154917,0.0008363260687755202,0.0,0.0,0.0,0.0
0.8993064095626937,0.05238821388164691,0.04746913276599931,0.0008362437896600915,0.0,0.0,0.0,0.0
0.8969553883232502,0.05317003590575968,0.04903841424425754,0.0008361615267325758,0.0,0.0,0.0,0.0
0.8955884522697093,0.053459892785127625,0.05011557566517484,0.0008360792799881966,0.0,0.0,0.0,0.0
0.8943693139906566,0.05365134005409393,0.05114334890582739,0.0008359970494221785,0.0,0.0,0.0,0.0
0.8941338447165266,0.05379357820720854,0.05123666224123519,0.0008359148350297487,0.0,0.0,0.0,0.0
0.8936086529006882,0.054129793510324486,0.05142576204523107,0.0008357915437561455,0.0,0.0,0.0,0.0
0.8925920464041686,0.05481000835668289,0.05176227695030231,0.0008356682888462862,0.0,0.0,0.0,0.0
0.8919636274268862,0.05524698943229295,0.05195379700172032,0.0008355861391005161,0.0,0.0,0.0,0.0
0.8910949479064282,0.05573029290347946,0.052339296245331235,0.0008354629447611558,0.0,0.0,0.0,0.0
0.8896805896805897,0.05680589680589681,0.05267813267813268,0.0008353808353808354,0.0,0.0,0.0,0.0
0.8886049825561397,0.05758930765072969,0.05297037000638789,0.0008353397867426662,0.0,0.0,0.0,0.0
0.8876443134365021,0.05802014247113731,0.053451240481454186,0.0008843036109064112,0.0,0.0,0.0,0.0
0.8866237657808125,0.05855479687576755,0.05393722061207447,0.0008842167313454831,0.0,0.0,0.0,0.0
0.8857016552875878,0.05899110958298541,0.05442310526057272,0.0008841298688540694,0.0,0.0,0.0,0.0
0.8846002749950894,0.05951679434295816,0.05494991160872127,0.0009330190532311923,0.0,0.0,0.0,0.0
0.8832539643576023,0.06009131523393392,0.05567283617261525,0.0009818842358485934,0.0,0.0,0.0,0.0
0.8815472976289824,0.060919935202002846,0.05655097933336606,0.0009817878356487163,0.0,0.0,0.0,0.0
0.8800863888479851,0.061895646198399844,0.05703627349923919,0.0009816914543758896,0.0,0.0,0.0,0.0
0.8778644683252368,0.0628097551400952,0.058246233868197654,0.0010795426664703862,0.0,0.0,0.0,0.0
0.8762082331583337,0.06358863647514842,0.059123693636229824,0.0010794367302880132,0.0,0.0,0.0,0.0
0.874307020556346,0.06471078840209979,0.05990286022665947,0.0010793308148947653,0.0,0.0,0.0,0.0
0.872222494727032,0.06587531269926915,0.06077402266149998,0.0011281699121989503,0.0,0.0,0.0,0.0
0.8701750944136544,0.06665358771886802,0.062043258619844034,0.0011280592476335279,0.0,0.0,0.0,0.0
0.8672353777516302,0.068245330195617,0.06324459479335197,0.0012746972594008922,0.0,0.0,0.0,0.0
0.8652875140938281,0.06921907936663561,0.0642188342565812,0.0012745722829550468,0.0,0.0,0.0,0.0
0.863268806665033,0.07022788532222494,0.06513109531977457,0.0013722126929674098,0.0,0.0,0.0,0.0
0.8611260841867987,0.07169108639192434,0.06581075121281912,0.0013720782084578821,0.0,0.0,0.0,0.0
0.859424763584693,0.07271301876623058,0.06649027389877014,0.0013719437503062375,0.0,0.0,0.0,0.0
0.8577026696056821,0.07347538574577517,0.06735243693362723,0.0014695077149155032,0.0,0.0,0.0,0.0
0.8559043933976588,0.07454572170250282,0.06808052113434883,0.001469363765489543,0.0,0.0,0.0,0.0
0.8536107711138311,0.07578947368421053,0.06898408812729498,0.0016156670746634027,0.0,0.0,0.0,0.0
0.8521709334769201,0.07641098438494297,0.06975378138920163,0.001664300748935337,0.0,0.0,0.0,0.0
0.8510107190054329,0.07718662816308551,0.07013851500171309,0.0016641378297684892,0.0,0.0,0.0,0.0
0.8494055482166446,0.07803708596310974,0.07074710113019228,0.0018102646900533294,0.0,0.0,0.0,0.0
0.848212101941985,0.07860881475321627,0.07132025632245756,0.0018588269823411436,0.0,0.0,0.0,0.0
0.8473125641903457,0.07918031985132293,0.07159974568396342,0.0019073702743678778,0.0,0.0,0.0,0.0
0.8459319381967534,0.07994328183062781,0.07212008605515353,0.0019557989438685705,0.0,0.0,4.889497359671426e-05,0.0
0.844691044192413,0.0808564724286273,0.07239929605005867,0.0020043019163081734,0.0,0.0,4.888541259288228e-05,0.0
0.8431573802541544,0.08162267839687194,0.07306940371456501,0.0020039100684261977,9.775171065493646e-05,0.0,4.887585532746823e-05,0.0
0.8421129788897577,0.08214425332290852,0.07354378420641126,0.0020035183737294763,0.00014659890539483973,0.0,4.8866301798279905e-05,0.0
0.8414675851287312,0.08227075089159216,0.07396550881821291,0.0020518833357760515,0.00019541746055010015,0.0,4.885436513752504e-05,0.0
0.8407170419577004,0.08245005617154301,0.07443950569042153,0.0020514824402872076,0.00029306892004102964,0.0,4.884482000683827e-05,0.0
0.8403652700459029,0.08252759058501807,0.07456782888954,0.0020509815411661296,0.00043949604453559916,0.0,4.88328938372888e-05,0.0
0.8410544300707835,0.08245057359043202,0.07381010495484501,0.0020990969001708566,0.0005369782767878936,0.0,4.88162069807176e-05,0.0
0.8429324482623975,0.08195040999609528,0.07233502538071065,0.0020987895353377587,0.0006345177664974619,0.0,4.880905896134323e-05,0.0
0.8441647150663544,0.08182084309133489,0.07098946135831381,0.002097970335675254,0.00078064012490242,4.879000780640125e-05,9.75800156128025e-05,0.0
0.8448595396020289,0.08159383534920016,0.0703277409285993,0.002145922746781116,0.0009266484588373,4.8770971517752635e-05,9.754194303550527e-05,0.0
0.845099951243296,0.08171623598244758,0.0697220867869332,0.002145294978059483,0.0011701608971233545,4.8756704046806435e-05,9.751340809361287e-05,0.0
0.8448452351937606,0.08174506458688764,0.06980258347550573,0.0021935169388252497,0.0012673653424323666,4.874482086278333e-05,9.748964172556666e-05,0.0
0.8439311991424255,0.08205428056327048,0.07011645470935049,0.002192661891536325,0.0015592262339813867,4.8725819811918335e-05,9.745163962383667e-05,0.0
0.8438123995519408,0.08225782886085813,0.06969268981639312,0.002240296108703063,0.001801977304826377,9.740417863926362e-05,9.740417863926362e-05,0.0
0.8457718708923616,0.0798890024828392,0.06986027944111776,0.0022394235918407088,0.002044691105593691,9.736624312350908e-05,9.736624312350908e-05,0.0
0.8481751824817518,0.07688564476885645,0.07012165450121655,0.002238442822384428,0.0022871046228710463,0.00014598540145985403,0.00014598540145985403,0.0
0.8514032783695705,0.0747604455469624,0.06868038328712486,0.002237462911620215,0.0025779463981711174,0.00014592149423610097,0.00019456199231480132,0.0
0.8543155847313396,0.0737661074641381,0.06656941405300268,0.002236810114271821,0.0027716994894237783,0.00014587892049598833,0.00019450522732798443,0.0
0.8552887419793894,0.07349795839004472,0.06567178689480847,0.0022846587594789036,0.0029165856503986,0.00014582928251993,0.00019443904335990667,0.0
0.8552196734059098,0.07314346811819596,0.06599922239502333,0.0022842146189735613,0.0030132192846034213,0.00014580093312597202,0.00019440124416796267,0.0
0.8549288247582957,0.0726327551863188,0.06660836612738667,0.0023320215711995335,0.0031093620949327115,0.00014575134819997084,0.0002429189136666181,0.0
0.854068496478018,0.07335438426038378,0.06674763177070682,0.0023317949963565705,0.0031090599951420937,0.00014573718727228565,0.00024289531212047608,0.0
0.8527512019814482,0.07396435335826332,0.0673595260065077,0.002428245349910155,0.003108154047884998,0.0001456947209946093,0.00024282453499101548,0.0
0.8520299145299145,0.07459207459207459,0.0675019425019425,0.002428127428127428,0.0030594405594405595,0.0001456876456876457,0.0002428127428127428,0.0
0.8506991648863858,0.07501456593513303,0.0683142357739367,0.0024276558555059234,0.003107399495047582,0.0001456593513303554,0.0002913187026607108,0.0
0.8490849958739867,0.07601572739187418,0.06883161011601378,0.0024756079801951363,0.003106645308480171,0.000145623998835008,0.0003397893306150187,0.0
0.8474494005727321,0.07693054409552007,0.06955297772169101,0.0024753676649031694,0.0031063437363490756,0.0001456098626413629,0.00033975634616318013,0.0
0.846590633341422,0.07774811938849793,0.0695947585537491,0.002475127396263043,0.003106042222761466,0.00014559572919194372,0.00033972336811453533,0.0
0.8457805600038821,0.07803173678846993,0.07012180327073325,0.0024748871742611735,0.003105740767700296,0.00014558159848595138,0.00033969039646721986,0.0
0.8451462669189347,0.07863969339737059,0.07005287925095813,0.0025711929364963856,0.0031048367535050697,0.00014553922282055013,0.000339591519914617,0.0
0.8438515643948581,0.07950521464952705,0.0704826582585496,0.0025709434877516373,0.0031045355323793353,0.00014552510308028134,0.00033955857385398983,0.0
0.8435756899645923,0.07964301304748508,0.07062133191055925,0.002570694087403599,0.003104234369694912,0.000145510986079449,0.000339525634185381,0.0
0.8420388961637325,0.08060526698675978,0.07119646927591057,0.002570444735438188,0.003103933265434793,0.00014549687181725592,0.0003394927009069305,0.0
0.8410929703018265,0.08037401288697253,0.07141126883387433,0.0025677050530497555,0.003924228477302456,0.00024223632575941088,0.00038757812121505744,0.0
0.8393652022450164,0.08109154248113025,0.0712695955099671,0.0026127346622798527,0.004886781497967873,0.0003870718018192375,0.0003870718018192375,0.0
0.8383916489464527,0.08109414266383143,0.07118693214768992,0.002609704233520201,0.005847670597332303,0.00043495070558670015,0.00043495070558670015,0.0
0.8371700207518942,0.0814149896240529,0.07084600164084745,0.0026543120505767097,0.006804690893296656,0.0005791226292167366,0.000530862410115342,0.0
0.8357827783934852,0.0814821953452513,0.07073676095022406,0.002650219245410302,0.008047029345154917,0.0007227870669300824,0.000578229653544066,0.0
0.8360632045476443,0.0813662202524328,0.07047885152712208,0.0026495808844782735,0.00814143944503324,0.0007226129684940746,0.0005780903747952597,0.0
0.8366727675561121,0.0807244003467874,0.07041710817840285,0.002649070417108178,0.008139870918023312,0.0007706386667951065,0.000626143916771024,0.0
0.8369607087827426,0.08055662557781201,0.07010785824345146,0.0026483050847457626,0.008330123266563945,0.0007704160246533128,0.0006259630200308166,0.0
0.8368152498315202,0.08019639934533551,0.07042456917300471,0.0026475401944738614,0.0083758544334264,0.0008183306055646482,0.0007220564166746895,0.0
0.8376335804370848,0.07985943968422066,0.0699913353229999,0.0025994031000288824,0.0083758544334264,0.0008183306055646482,0.0007220564166746895,0.0
0.8372395206699071,0.08012897637037393,0.07002261899032677,0.0025987776120121276,0.008470089994706194,0.0008181336926704846,0.0007218826700033688,0.0
0.8374476685433809,0.07964005582022039,0.07030460516818247,0.00255040662143304,0.00851739569799336,0.00081805495404456,0.0007218131947452,0.0
0.8374531114744638,0.07944599403674137,0.07006828892949889,0.0026449937481965954,0.008800615562181398,0.0008175435221698567,0.0007694527267481004,0.0
0.8379171074141745,0.07890181748245023,0.07005481296278489,0.0026444850466391,0.008895086065967882,0.0008173862871429945,0.0007693047408404654,0.0
0.8389826433963171,0.07846531083225156,0.06937833549689888,0.0025962786672436176,0.00899081686619549,0.0008173469878359536,0.0007692677532573682,0.0
0.839478871208115,0.0785058410653334,0.06884284409403395,0.0025960290370655257,0.008989952406134321,0.0008172684005576655,0.0007691937887601558,0.0
0.8397019947128094,0.0782984859408796,0.06868541216053833,0.002547464551790435,0.009180485460225906,0.0008171112713290075,0.0007690459024273012,0.0
0.8400211446970061,0.07804315440434427,0.06852804075159787,0.0025469748666442403,0.009226776875390455,0.0008650103320678552,0.0007688980729492047,0.0
0.8408380988995147,0.0775145369791917,0.06828776010380123,0.00245086260752559,0.009274833004949782,0.0008650103320678552,0.0007688980729492047,0.0
0.8414856813376898,0.07692677301556794,0.06813376897943495,0.0024024601191620218,0.009369594464731885,0.0008648856428983279,0.0008168364405150874,0.0
0.8411874909929384,0.07666810779651247,0.06854974299851083,0.002401883076331844,0.009463419320747466,0.0008646779074794639,0.0008646779074794639,0.0
0.8418676145643194,0.07589585935248343,0.068642520895379,0.0023537323470073975,0.009511000096070707,0.0008646363723700644,0.0008646363723700644,0.0
0.8414809834805993,0.07592201306185171,0.06876680752977334,0.002305032654629274,0.009796388782174413,0.0008643872454859777,0.0008643872454859777,0.0
0.8410061926935817,0.07604051653785224,0.06893572080072968,0.0023522634535067927,0.009841102203446786,0.0008640967788392299,0.0009601075320435888,0.0
0.8401478068912563,0.07649486515020636,0.06910452058738842,0.002351473269987523,0.010029753335252904,0.000911795757750264,0.0009597850081581726,0.0
0.8392420244662989,0.07666106980091149,0.06960901894938834,0.0023506836171743825,0.010218277764451908,0.0009114895658431278,0.001007435835931878,0.0
0.8379842731108554,0.07710011507479862,0.0700517836593786,0.002397391637897967,0.010452627541235136,0.0010069044879171462,0.0010069044879171462,0.0
0.8372616652294721,0.0769857238670116,0.0702309092651145,0.002491137299990419,0.011018491903803775,0.001006036217303823,0.001006036217303823,0.0
0.8361346549825217,0.07767083273476033,0.07039218503088637,0.0025379495283244743,0.011061629076282144,0.0010534884834554421,0.0011013743236125077,4.7885840157065554e-05
0.8353273353751914,0.07800535987748851,0.07039624808575803,0.0025842266462480857,0.011437595712098009,0.0011006891271056662,0.0011006891271056662,4.785604900459418e-05
0.8350712714053382,0.07777671481871233,0.0706017411269492,0.002678656844924902,0.01162345738065627,0.0011001626327370132,0.0011001626327370132,4.783315794508753e-05
0.8341223162626118,0.07808540142495099,0.07100846363505953,0.002677760244823794,0.011858652512791086,0.0010997943862669152,0.0010997943862669152,4.781714722899632e-05
0.8330226110234715,0.07882785984033654,0.07113150724221999,0.002629188775754099,0.012094268368468856,0.001147282374874516,0.0010994789425880778,4.780343228643817e-05
0.8325052551117905,0.07896999808905025,0.0709917829161093,0.002627555895279954,0.012421173323141601,0.0011943435887636156,0.0012421173323141602,4.777374355054462e-05
0.8315985485103132,0.0791157372039725,0.07128533231474408,0.0026260504201680674,0.012891520244461422,0.001193659281894576,0.001241405653170359,4.774637127578304e-05
0.8312413496873956,0.0792726578532907,0.07111153534100129,0.002577196582828235,0.013220063952655944,0.00124087242876915,0.0012885982914141174,4.772586264496731e-05
0.8303937458289636,0.07946420059109544,0.07078844503765849,0.002669463247211364,0.013967013061302316,0.001334731623605682,0.001334731623605682,4.766898655734579e-05
0.8293798228065161,0.07945127179194056,0.07116318948270935,0.0026674287891778605,0.014527960369629419,0.0014289797084881394,0.0013337143945889303,4.763265694960465e-05
0.8285183951263624,0.0796725524725144,0.07105801722907049,0.002665270572557232,0.015182523440102803,0.0014278235210128027,0.0014278235210128027,4.7594117367093426e-05
0.8285225165247991,0.07946169575348329,0.07047410718531552,0.0026154358267154883,0.015882828474963147,0.0015217081173617385,0.0014741547386941843,4.755337866755433e-05
0.8277975766215253,0.07959135186505108,0.07042052744119744,0.002613447374673319,0.016250890947968638,0.001663102874792112,0.0016155856497980518,4.751722499406035e-05
0.8283216949313572,0.07914113343784143,0.07011543394613083,0.0025651988029072254,0.016531281174291007,0.0016626288537361646,0.0016151251722008456,4.750368153531899e-05
0.8278252611585944,0.07920227920227921,0.07022792022792022,0.002564102564102564,0.01680911680911681,0.0017094017094017094,0.001614434947768281,4.748338081671415e-05
0.8286162028682685,0.07906733782885364,0.06966473549244942,0.0025168582011587046,0.01676322537752873,0.001709564061164403,0.001614588279988603,4.7487890587900086e-05
0.8283720267768124,0.07904856857997436,0.0698381047334188,0.00256373735935052,0.01680672268907563,0.0017091582395670133,0.0016142050040355124,4.747661776575037e-05
0.8282622110409645,0.07879622157877249,0.07010965016376323,0.0025632505814781412,0.016945934399772156,0.0017088337209854275,0.0015664309109033085,4.746760336070632e-05
0.8282555049354594,0.07896735003796507,0.06980827638572513,0.002562642369020501,0.01703682611996963,0.0017084282460136675,0.0016135155656795748,4.745634016704632e-05
0.8281457582083886,0.07918959954450559,0.06951034351869424,0.002467261339912697,0.01727082937938888,0.0017555513380148036,0.001613209337635225,4.744733345985955e-05
0.8284548602874899,0.07894112623938516,0.06940556952417097,0.0024194696143080793,0.01736325252621092,0.001755301484890175,0.0016129797428720528,4.7440580672707434e-05
0.8283058243217606,0.0792544109277177,0.0691993929045722,0.0024663251754885223,0.017359134889015367,0.0017548852210206793,0.0016125972301271106,4.7429330297856194e-05
0.8279835000711204,0.07970224266274714,0.068891944431274,0.0024655066141956285,0.017448200654307525,0.0018491299606467214,0.0016120620169740648,4.7413588734531315e-05
0.828022759601707,0.07951635846372689,0.06913229018492176,0.0024182076813655763,0.017401612138454245,0.001849217638691323,0.0016121384542437174,4.74158368895211e-05
0.8282924054233431,0.07907461837489334,0.06921399450080591,0.0024177491229733575,0.017493126007395467,0.001848866976391391,0.001611832748648905,4.7406845548497206e-05
0.82853756814411,0.07907086987437781,0.06897369044797345,0.002322825314055463,0.01753970135103105,0.0018487793315951648,0.0016591609386110452,4.7404598246029865e-05
0.8279850215670475,0.07934777456510404,0.06925155235341518,0.002275205005451012,0.017538038583684884,0.0018486040669289472,0.001706403754088259,4.740010428022942e-05
0.827283927217589,0.07965314632297195,0.06946550416982562,0.0023218347232752084,0.017674374526156177,0.0018479909021986353,0.0017058377558756635,4.7384382107657316e-05
0.8271581540794087,0.07940869894816639,0.0697905808774756,0.0022742348147446224,0.017720079598218516,0.001895195678953852,0.0017056761110584668,4.73798919738463e-05
0.8270096158400834,0.07957936620719057,0.06958457676093031,0.002226327506986879,0.0179527260669793,0.0018947468144569182,0.0017052721330112265,4.736867036142295e-05
0.8268611479446865,0.07899223337753362,0.07013638946770222,0.0021784428869103998,0.018043189998105703,0.0019890130706573216,0.0017522258003409737,4.7357454063269556e-05
0.8267209544550705,0.0787804185209734,0.07030584224978695,0.0021778240696903703,0.018227440583278097,0.001988448063630338,0.0017517280560552977,4.734400151500805e-05
0.8267373603484188,0.07882029918576028,0.07025184624124219,0.0021776178754023857,0.018178375307706874,0.002035599318310926,0.001751562204128006,4.733951903048665e-05
0.8266117580232888,0.07919151756129887,0.07005585534412573,0.0022247467575499387,0.018081984284767583,0.0020827416453659,0.0017040613462084636,4.733503739467954e-05
0.8253878168747635,0.07969163828982218,0.07013810064320848,0.0023174423004161935,0.01849224366250473,0.0021755580779417327,0.0017499054105183504,4.729474082482028e-05
0.8246053502221382,0.07987522450137063,0.07018621797901503,0.0023159088760752434,0.019047168919557614,0.002174118536723698,0.0017487475186690614,4.726344645051517e-05
0.8239183827696959,0.07982240695257888,0.07056489703381826,0.0025033062535424143,0.01912903835254109,0.002219913092764028,0.0017948233515964482,4.723219346306443e-05
0.8236433193217777,0.08024370660747178,0.07041987436829925,0.002455958059793133,0.019175364851461766,0.0022198082463514854,0.0017947385821565202,4.7229962688329476e-05
0.8233460830145913,0.0805118760919866,0.07031213108561175,0.0024082731265051708,0.019266185012041366,0.002266610001416631,0.001841620626151013,4.7221041696179814e-05
0.8230573128127655,0.08058729109621376,0.07038995373430271,0.002407704654895666,0.01930884713435936,0.002313284864507601,0.0018883958077613068,4.7209895194032666e-05
0.822296691367348,0.08099306178316892,0.07060933591353188,0.002407136451597678,0.019445886628593007,0.002359937697644782,0.0018407514041629302,4.7198753952895644e-05
0.8223470013683764,0.08087576086443637,0.07049497475581559,0.002406454961543906,0.019629122823573823,0.0023120841787382627,0.0018402302647100458,9.437078280564338e-05
0.8219443133553563,0.08102878716375649,0.0709296838131194,0.0023596035865974517,0.01949032562529495,0.0023124115148655026,0.0018404907975460123,9.438414346389807e-05
0.8213123260531157,0.08151327892825133,0.07080522666163498,0.0024057738572574178,0.019576395112977027,0.0023586018208406057,0.0019340534930892966,9.434407283362423e-05
0.8214100448007545,0.08134873850506956,0.07069087479368073,0.002405093138410752,0.01985380806413582,0.002357934449422306,0.0018391888705493987,9.431737797689224e-05
0.821962374463671,0.08128624640482814,0.0701117450139092,0.0024046395398180016,0.01999151303691829,0.0023574897449196094,0.0017916922061389034,9.429958979678438e-05
0.8215851761044839,0.08142769578952332,0.07048894337309633,0.002451789334716394,0.019850063652223113,0.0023103399500212173,0.0017916922061389034,9.429958979678438e-05
0.8216608539918937,0.08148741634461307,0.07008200584409463,0.0024507493637477614,0.020124422660005657,0.0023093599773776983,0.0017909322273541332,9.425959091337543e-05
0.8218274350878847,0.08124028085387117,0.07011922152584704,0.002450402902784977,0.020168700815230197,0.0023090335045473824,0.001790679044342868,9.424626549172988e-05
0.8215648405483066,0.08144519289650949,0.06990437608931178,0.002449479485609308,0.020396627255169816,0.0023552687361627963,0.0017900042394837252,9.421074944651184e-05
0.8215042622333161,0.08128856025997268,0.0700795930862337,0.0024490180379597797,0.020439881316818162,0.002354825036499788,0.0017896670277398388,9.419300145999152e-05
0.8211745867282061,0.08142984976216266,0.07031507558988367,0.0024019215372297837,0.020392784816088163,0.0024019215372297837,0.0017896670277398388,9.419300145999152e-05
0.8205104058762596,0.08159902062341087,0.07067520482154628,0.0024013560598926454,0.02043506921555702,0.0024955268857707884,0.001789245691684716,9.417082587814295e-05
0.8211309383680965,0.08140684589669947,0.07029521163896606,0.002354159800367249,0.020387023871180375,0.002495409388389284,0.0018362446442864542,9.416639201468996e-05
0.8213360952874158,0.08102255072736689,0.07047690786686125,0.00235393813850572,0.020385104279459536,0.002495174426816063,0.0018360717480344617,9.415752554022881e-05
0.8215294782444905,0.08118289696741382,0.07044641175362591,0.0023544923714447167,0.02001318515728009,0.0024957619137313996,0.0018835938971557733,9.417969485778867e-05
0.8219500706547339,0.08106453132359868,0.07051342439943477,0.0023551577955723034,0.01964201601507301,0.0024964672633066417,0.0018841262364578427,9.420631182289213e-05
0.8217397447369661,0.08095888475486271,0.07078604059718363,0.002354825036499788,0.019592144303678238,0.0024961145386897753,0.001978053030659822,9.419300145999152e-05
0.8214100692318561,0.08128856025997268,0.07092733009937362,0.0024019215372297837,0.019497951302218246,0.0024961145386897753,0.0018838600291998305,9.419300145999152e-05
0.8209812600056503,0.08131650814577644,0.07124022977681514,0.002448441472831717,0.01949336095677559,0.0024955268857707884,0.0019305019305019305,9.417082587814295e-05
0.8209173102279148,0.08151252589941609,0.07134111885477491,0.002448672066302505,0.01925974759841778,0.0024957619137313996,0.0019306837445846675,9.417969485778867e-05
0.8205224758766768,0.08180748411390916,0.07126382678277242,0.0025417745351847495,0.019298658507884207,0.0025417745351847495,0.0019298658507884208,9.413979759943516e-05
0.8203003625064733,0.08196412598276917,0.071606798173344,0.002542253189586178,0.01901982015912622,0.002542253189586178,0.0019302292735746906,9.415752554022881e-05
0.8203294117647059,0.0816,0.07167058823529411,0.0025882352941176473,0.019294117647058823,0.0024470588235294116,0.001976470588235294,9.411764705882353e-05
0.8198711012842829,0.08162017217857646,0.07183516018252811,0.0025403396528202475,0.019711153972808957,0.002352166345203933,0.0019758197299713036,9.408665380815732e-05
0.819913460633995,0.08160097827109397,0.07167717053898974,0.00253974226319255,0.019753550935942055,0.0023516132066597685,0.0020694196218605963,9.406452826639074e-05
0.8192119616324995,0.08171901448185066,0.07208012036862893,0.0025390257664096296,0.019889035170208763,0.0023509497837126197,0.0021158548053413577,9.40379913485048e-05
0.8182715817190145,0.08242429941696446,0.07245627233402295,0.0025860447620838817,0.019842016174534512,0.002256911792364115,0.0020688358096671057,9.40379913485048e-05
0.8186862274885973,0.0822400902807166,0.07231861569567875,0.0025391451544646637,0.019842949170075706,0.002257017915079701,0.0020219118822588987,9.404241312832088e-05
0.8186392062820332,0.08233413269384493,0.07236563690224292,0.0025391451544646637,0.019748906756947383,0.002257017915079701,0.0020219118822588987,9.404241312832088e-05
0.8180921052631579,0.08261278195488722,0.07222744360902256,0.002631578947368421,0.01992481203007519,0.002349624060150376,0.0020676691729323306,9.398496240601504e-05
0.81763075043466,0.0827968610497627,0.07259997180583619,0.002678445561768714,0.01982989521169118,0.0023025233776608244,0.002067572012593393,9.398054602697242e-05
0.8176907177752725,0.08300450958286358,0.07210635099586622,0.002677564825253664,0.02005824877865464,0.0023487410747839157,0.0020199173243141675,9.394964299135663e-05
0.817106374988264,0.08309078959722092,0.07215284949769975,0.0027696929865740306,0.020326729884517884,0.002394141395174162,0.002065533752699277,9.388789784996713e-05
0.8177423140107956,0.08279746538371274,0.07176719080028163,0.0027693029805210046,0.020417742314010796,0.0023938042712978174,0.0020183055620746305,9.387467730579676e-05
0.8183567171883065,0.0824926094505185,0.07118389564074891,0.002674675050443433,0.020740462671859604,0.002393130308291493,0.0020646614424475623,9.384824738398011e-05
0.8182585851003941,0.08252017264027021,0.0711202852317508,0.002674047663726778,0.020876337023831862,0.0024394820791893415,0.0020172640270219554,9.382623381497467e-05
0.8176785211598011,0.08327859622783147,0.07112695880641831,0.002674298583090926,0.02069062587970348,0.00243971098808295,0.0020174533170685934,9.38350380031904e-05
0.8169793621013133,0.08367729831144466,0.07124765478424015,0.002673545966228893,0.020872420262664164,0.0024859287054409007,0.0019699812382739214,9.380863039399625e-05
0.8167409144196952,0.08398593200468933,0.07109026963657679,0.002719812426729191,0.020867526377491206,0.0025322391559202814,0.001969519343493552,9.378663540445487e-05
0.8166471277842907,0.08365767878077374,0.07165298944900352,0.0027667057444314184,0.020726846424384524,0.002485345838218054,0.001969519343493552,9.378663540445487e-05
0.8165533411488863,0.08379835873388042,0.07160609613130128,0.002672919109026964,0.02082063305978898,0.0025322391559202814,0.0019226260257913248,9.378663540445487e-05
0.8168644187028091,0.0836655254889087,0.07151901702387094,0.0025793743844674762,0.020822585940064718,0.0025324766683862496,0.0019228063593303005,9.379543216245368e-05
0.8159103693980874,0.08395837239827489,0.07200450028126758,0.002718919932495781,0.020673167072942058,0.0025782861428839303,0.0020626289143071443,9.375585974123383e-05
0.815715490581951,0.08429388061100178,0.07154905819510823,0.002764501921094555,0.02094461624964858,0.002577078062037297,0.002061662449629838,9.371192952862899e-05
0.8158178325446283,0.08424307735557325,0.07154570585203579,0.002764372393759078,0.020896781146043198,0.0025769573162160897,0.0020615658529728716,9.370753877149416e-05
0.8153283987632344,0.08465286236297198,0.07162934507636091,0.00281083106905275,0.020893844279958773,0.002529747962147475,0.00206127611730535,9.3694368968425e-05
0.8154689403166869,0.08474655673194041,0.07144195633842407,0.0027639838845685376,0.020893844279958773,0.002529747962147475,0.00206127611730535,9.3694368968425e-05
0.8150229465205582,0.08466797789641285,0.07174299896974806,0.0028097780275358245,0.021073335206518686,0.002528800224782242,0.002060503886859605,9.365926758452749e-05
0.8151669867441098,0.08454728558714694,0.07199400440301654,0.0028104360859993443,0.02079722703639515,0.0024825518759660874,0.002107827064499508,9.36812028666448e-05
0.8157463350662733,0.08407100370006089,0.07184675190857572,0.002716500398107817,0.02102945997845534,0.00234181068802398,0.0021544658329820617,9.36724275209592e-05
0.8156563290546238,0.08423123770261408,0.07214466410568725,0.0027639838845685376,0.020706455542021926,0.0022486648552422,0.002154970486273775,9.3694368968425e-05
0.8156476926680721,0.08414148512532209,0.07238229093464511,0.0028109627547434997,0.020660576247364722,0.00215507144530335,0.0021082220660576245,9.369875849144998e-05
0.8146222659360217,0.0844925296239052,0.07292398482506675,0.002857009039389256,0.020701606482131985,0.0021544658329820617,0.0021544658329820617,9.36724275209592e-05
0.8141539037984169,0.08482038312022856,0.07311132968010867,0.0027633366118682964,0.020842115123413423,0.002107629619221582,0.0021544658329820617,4.68362137604796e-05
0.8150819672131148,0.08473067915690867,0.07231850117096018,0.0026697892271662763,0.02098360655737705,0.002154566744730679,0.0020140515222482436,4.68384074941452e-05
0.8151720908452353,0.08461718567080309,0.07225474127838914,0.0027159915710606415,0.021119175837040507,0.002154062280496371,0.0019199250760945914,4.682744088035589e-05
0.8142669912001498,0.08509642389065718,0.07241153342070773,0.002761655120763902,0.02129750982961992,0.0021531548399176185,0.001965923984272608,4.680771391125258e-05
0.8140797603445048,0.08523684703239094,0.072645571990264,0.0028084628346751544,0.021203894401797416,0.0020595394120951132,0.0019191162703613555,4.680771391125258e-05
0.8138424821002387,0.0850297159436567,0.07304974495764893,0.002901399223173756,0.02119893303383406,0.0020590575132200853,0.0018718704665637137,4.6796761664092844e-05
0.8131050933071419,0.08554323932463402,0.07296197558580048,0.00304008231607502,0.021327346709695525,0.0020579018754969367,0.0019175903839857818,4.677049717038492e-05
0.8127982037608756,0.085976237253251,0.07301899148657498,0.002993731873889045,0.021190008419870895,0.002058190663298718,0.0019178594817101694,4.6777060529516325e-05
0.8120441368991959,0.08607630446979615,0.07340564802693099,0.0030858425285206657,0.021507387319992518,0.0019169627828688985,0.0019169627828688985,4.67551898260707e-05
0.8114918883538267,0.08653981018280424,0.07354247510402544,0.003085698256112955,0.02150638178502969,0.0019168731591004723,0.0018701201552199728,4.675300388049932e-05
0.8110596924227551,0.08643014070022904,0.07394942270836255,0.003038377039218436,0.02164259337166363,0.0019165147478147058,0.0019165147478147058,4.674426214182209e-05
0.8108499602822298,0.08672491939628989,0.07364141862529788,0.003083968038876688,0.02177468342600813,0.0019625251156488014,0.0019157983271809729,4.6726788467828604e-05
0.8112211529477716,0.0867513781182846,0.07311034289451555,0.003083247687564234,0.021956460805381668,0.0019153508362141456,0.0019153508362141456,4.671587405400355e-05
0.8101596787748623,0.08716967037071623,0.07344289849659165,0.0032215893173965825,0.022084228219254834,0.0019142777103370997,0.001960967410589224,4.668970025212438e-05
0.8106442577030812,0.08683473389355742,0.07338935574229692,0.003314659197012138,0.022035480859010272,0.0019140989729225023,0.0018207282913165266,4.668534080298786e-05
0.8102240896358543,0.0869281045751634,0.07376283846872082,0.0032679738562091504,0.022035480859010272,0.0019140989729225023,0.0018207282913165266,4.668534080298786e-05
0.8095860363093293,0.0869463760675783,0.07420544173239371,0.0033135763289307884,0.022121622252298502,0.0019134736547346805,0.0018668035655948103,4.6670089139870255e-05
0.809932785660941,0.08691187453323376,0.07412247946228528,0.0033140403286034356,0.02193801344286781,0.0018670649738610904,0.0018670649738610904,4.667662434652726e-05
0.8101171309907135,0.0868449297680713,0.07387185589621541,0.0033132670679919735,0.022072891875495822,0.001866629334079985,0.001866629334079985,4.6665733351999625e-05
0.8098348418400672,0.08691798077820286,0.07390127834281982,0.0032658393207054214,0.02234767192311281,0.0018195390501073061,0.001866193897545955,4.6654847438648874e-05
0.8099323851713686,0.08682676614595476,0.07363021683376078,0.003404056889717883,0.022522732571695035,0.0018652366519002097,0.0017719748193051994,4.6630916297505244e-05
0.8095970900951315,0.08687744823726917,0.0740533482559224,0.00340421563141205,0.02238388360380526,0.0018653236336504384,0.0017720574519679165,4.663309084126096e-05
0.8099347014925373,0.08698694029850747,0.07388059701492537,0.0034048507462686567,0.022154850746268658,0.0018190298507462686,0.0017723880597014926,4.664179104477612e-05
0.8096703501655244,0.08747144122721126,0.0734834708817084,0.003450366018557374,0.022334125984986245,0.0018184361449153728,0.001725183009278687,4.662656781834289e-05
0.8093172915500839,0.08762357769072934,0.07391344898339862,0.003450848722253311,0.022104085058757696,0.0018186905428091774,0.0017254243611266554,4.663309084126096e-05
0.8091663558373741,0.08770048489369638,0.0739929130921298,0.0035434539350988436,0.022053338306602013,0.0017717269675494218,0.0017251025736665423,4.6624393882879525e-05
0.8094461022006714,0.08742073853039911,0.07403953748601268,0.0034968295412159643,0.022053338306602013,0.0017717269675494218,0.0017251025736665423,4.6624393882879525e-05
0.8089667707508039,0.0878035140047537,0.07386866756769353,0.003541967656242718,0.02213729785151699,0.0019107983408677821,0.001724378990539218,4.6604837582141024e-05
0.809264178200289,0.08760892865464374,0.07376858194696864,0.0035416375413579383,0.022042033645556642,0.001957220746539913,0.0017708187706789692,4.660049396523603e-05
0.8089866691526055,0.08786240328143936,0.07406544234175445,0.003542462943973152,0.021860725272676424,0.001864454181038501,0.001771231471986576,4.661135452596253e-05
0.8084451901565995,0.08794742729306487,0.07457121551081283,0.0035887397464578674,0.021765473527218495,0.0018642803877703207,0.0017710663683818046,4.660700969425801e-05
