,bt_pt-O,bt_pt-A,bt_pt-B,bt_pt-AB
0,1.0,0.0,0.0,0.0
1,1.0,0.0,0.0,0.0
2,1.0,0.0,0.0,0.0
3,1.0,0.0,0.0,0.0
4,1.0,0.0,0.0,0.0
5,1.0,0.0,0.0,0.0
6,1.0,0.0,0.0,0.0
7,1.0,0.0,0.0,0.0
8,1.0,0.0,0.0,0.0
9,1.0,0.0,0.0,0.0
10,1.0,0.0,0.0,0.0
11,1.0,0.0,0.0,0.0
12,1.0,0.0,0.0,0.0
13,1.0,0.0,0.0,0.0
14,1.0,0.0,0.0,0.0
15,1.0,0.0,0.0,0.0
16,1.0,0.0,0.0,0.0
17,1.0,0.0,0.0,0.0
18,1.0,0.0,0.0,0.0
19,1.0,0.0,0.0,0.0
20,1.0,0.0,0.0,0.0
21,1.0,0.0,0.0,0.0
22,1.0,0.0,0.0,0.0
23,1.0,0.0,0.0,0.0
24,1.0,0.0,0.0,0.0
25,1.0,0.0,0.0,0.0
26,1.0,0.0,0.0,0.0
27,1.0,0.0,0.0,0.0
28,1.0,0.0,0.0,0.0
29,1.0,0.0,0.0,0.0
30,1.0,0.0,0.0,0.0
31,1.0,0.0,0.0,0.0
32,1.0,0.0,0.0,0.0
33,1.0,0.0,0.0,0.0
34,1.0,0.0,0.0,0.0
35,1.0,0.0,0.0,0.0
36,1.0,0.0,0.0,0.0
37,1.0,0.0,0.0,0.0
38,1.0,0.0,0.0,0.0
39,1.0,0.0,0.0,0.0
40,1.0,0.0,0.0,0.0
41,1.0,0.0,0.0,0.0
42,1.0,0.0,0.0,0.0
43,1.0,0.0,0.0,0.0
44,1.0,0.0,0.0,0.0
45,1.0,0.0,0.0,0.0
46,1.0,0.0,0.0,0.0
47,1.0,0.0,0.0,0.0
48,1.0,0.0,0.0,0.0
49,1.0,0.0,0.0,0.0
50,1.0,0.0,0.0,0.0
51,1.0,0.0,0.0,0.0
52,1.0,0.0,0.0,0.0
53,1.0,0.0,0.0,0.0
54,1.0,0.0,0.0,0.0
55,1.0,0.0,0.0,0.0
56,1.0,0.0,0.0,0.0
57,1.0,0.0,0.0,0.0
58,1.0,0.0,0.0,0.0
59,1.0,0.0,0.0,0.0
60,1.0,0.0,0.0,0.0
61,1.0,0.0,0.0,0.0
62,1.0,0.0,0.0,0.0
63,1.0,0.0,0.0,0.0
64,1.0,0.0,0.0,0.0
65,1.0,0.0,0.0,0.0
66,1.0,0.0,0.0,0.0
67,1.0,0.0,0.0,0.0
68,1.0,0.0,0.0,0.0
69,1.0,0.0,0.0,0.0
70,1.0,0.0,0.0,0.0
71,1.0,0.0,0.0,0.0
72,1.0,0.0,0.0,0.0
73,1.0,0.0,0.0,0.0
74,1.0,0.0,0.0,0.0
75,1.0,0.0,0.0,0.0
76,1.0,0.0,0.0,0.0
77,1.0,0.0,0.0,0.0
78,1.0,0.0,0.0,0.0
79,1.0,0.0,0.0,0.0
80,1.0,0.0,0.0,0.0
81,1.0,0.0,0.0,0.0
82,1.0,0.0,0.0,0.0
83,1.0,0.0,0.0,0.0
84,1.0,0.0,0.0,0.0
85,1.0,0.0,0.0,0.0
86,1.0,0.0,0.0,0.0
87,1.0,0.0,0.0,0.0
88,1.0,0.0,0.0,0.0
89,1.0,0.0,0.0,0.0
90,1.0,0.0,0.0,0.0
91,1.0,0.0,0.0,0.0
92,1.0,0.0,0.0,0.0
93,1.0,0.0,0.0,0.0
94,1.0,0.0,0.0,0.0
95,1.0,0.0,0.0,0.0
96,1.0,0.0,0.0,0.0
97,1.0,0.0,0.0,0.0
98,1.0,0.0,0.0,0.0
99,1.0,0.0,0.0,0.0
100,0.9858156028368794,0.014184397163120567,0.0,0.0
101,0.9716297786720322,0.028370221327967807,0.0,0.0
102,0.9573943661971831,0.0426056338028169,0.0,0.0
103,0.943158953722334,0.056841046277665994,0.0,0.0
104,0.9290205744755773,0.07097942552442275,0.0,0.0
105,0.914830465841634,0.07098299627729147,0.014186537881074554,0.0
106,0.9006389294159078,0.07098656738944509,0.02837450319464708,0.0
107,0.886445964982894,0.07099013886093782,0.04256389615616824,0.0
108,0.8722954614068632,0.07099728288215759,0.05670725571097917,0.0
109,0.8580989281940321,0.07100085543199315,0.07090021637397474,0.0
110,0.8580917874396136,0.07100442834138486,0.0709037842190016,0.0
111,0.858034321372855,0.0710583262040159,0.07090735242312918,0.0
112,0.8580271766482134,0.07106190236537493,0.07091092098641168,0.0
113,0.8580200312043887,0.07106547888670793,0.07091448990890331,0.0
114,0.8579122206563318,0.07116972015300986,0.07091805919065834,0.0
115,0.8579050687069009,0.07127397191322293,0.07082095937987617,0.0
116,0.8578475787778114,0.07132789690929225,0.0708245243128964,0.0
117,0.8576390636798389,0.07153284671532846,0.07082808960483263,0.0
118,0.8574808699154249,0.07163713250100685,0.07088199758356827,0.0
119,0.8572723153602175,0.07179177364949907,0.07093591099028344,0.0
120,0.8565602658342564,0.0725002517369852,0.07093948242875843,0.0
121,0.8553877139979859,0.07351460221550855,0.07109768378650554,0.0
122,0.8534165869379123,0.07538143914597915,0.07120197391610857,0.0
123,0.8513091641490433,0.07749244712990937,0.07114803625377643,5.0352467270896274e-05
124,0.8492371217080417,0.07940983936754116,0.07130268392164761,5.035500276952515e-05
125,0.8464598650417967,0.08183100010071508,0.07165877731896465,5.035753852351697e-05
126,0.8415143734581886,0.0853345416100287,0.0729497054825555,0.00020137944922720636
127,0.8370068438003221,0.08796296296296297,0.07457729468599034,0.0004528985507246377
128,0.8322350218823884,0.09079933598269531,0.07631168569847578,0.0006539564364404648
129,0.8263777152051488,0.09352373290426388,0.0791934835076428,0.0009050683829444891
130,0.8205115320838149,0.09627656901663233,0.08195568061906437,0.0012562182804884176
131,0.8138308557653676,0.09968862997187626,0.08492366412213741,0.0015568501406187224
132,0.8073505045940653,0.10302756439222774,0.0879148466134458,0.0017070844002610836
133,0.8018773215540609,0.10631462704547737,0.08995080815179199,0.0018572432486698123
134,0.7955058434067313,0.10989617294477605,0.09234087375231981,0.0022571098961729446
135,0.788856598857601,0.11303737849483916,0.09530013027357451,0.002805892373985369
136,0.7825434162454331,0.11636054251538962,0.09769280816775937,0.0034032330714178468
137,0.77485,0.12015,0.1011,0.0039
138,0.7681202857285578,0.12368250162345772,0.10380138868075328,0.00439582396723113
139,0.7603252194732641,0.12684557063048682,0.10769154030327215,0.005137669592976855
140,0.7536997359111067,0.12965269819124023,0.11096716328666102,0.0056804026109920774
141,0.7477589641434262,0.1320219123505976,0.11424302788844622,0.00597609561752988
142,0.7419274590775661,0.13368824319617892,0.11791631424448977,0.006467983481765262
143,0.7371144278606965,0.13467661691542288,0.12169154228855722,0.006517412935323383
144,0.7329983582906323,0.13506790706930002,0.12536689716929506,0.006566837470772599
145,0.7297324181836268,0.13558141848204516,0.1279717497264498,0.006714413607878245
146,0.7267346431236011,0.1361850285998508,0.13036558070131807,0.0067147475752300425
147,0.7235651049437979,0.1371729831890978,0.13249776186213072,0.00676415000497364
148,0.7209707096325029,0.13814709831418767,0.13401959321696752,0.006862598836341937
149,0.719116769444997,0.139596180624627,0.13442410980704197,0.006862940123333996
150,0.7169708119934364,0.14101735368703694,0.13505046989209885,0.006961364427427776
151,0.7147687717553456,0.1428145201392342,0.1354549975136748,0.0069617105917454
152,0.7121551081282624,0.14407158836689038,0.13666418095948296,0.0071091225453641564
153,0.7095346987472658,0.14580433485782462,0.13750248558361503,0.007158480811294492
154,0.7063764226430098,0.14790517369912032,0.13841260374732867,0.007305799910541226
155,0.703309810158036,0.14948812245303647,0.13984693370440315,0.007355133684524401
156,0.7006559332140727,0.15106340687736036,0.14082687338501293,0.007453786523553965
157,0.6974860890302067,0.15312003179650238,0.14179252782193957,0.007601351351351352
158,0.6945010183299389,0.15468680145049923,0.143112612388853,0.007699567830708857
159,0.6905542312276519,0.15723083035359556,0.1443682955899881,0.007846642828764402
160,0.6865286260489597,0.16003773772282637,0.1454888524752967,0.007944783752917225
161,0.6819489927557805,0.16239952366775826,0.14731566934603552,0.008335814230425722
162,0.6765537423738902,0.16561678488170228,0.14929814989335846,0.008531322851049055
163,0.6718393653941497,0.16802181457610313,0.1513634110064452,0.008775409023301933
164,0.6674758484022789,0.17002724795640328,0.15333168194203617,0.009165221699281644
165,0.6623923160708981,0.17278938508763245,0.15531240716902664,0.009505891672442816
166,0.6587490102929533,0.17448535233570864,0.15696753760886778,0.009798099762470308
167,0.6548943958055102,0.17683137953207698,0.1582331701043676,0.01004105455804521
168,0.6509937703945416,0.17897755364382478,0.1597448828240878,0.010283793137545733
169,0.6472391121657027,0.18112610608532306,0.16125364575609274,0.010381135992881508
170,0.6438701388545733,0.18293225280426942,0.16262291841676138,0.010574689924395909
171,0.6402607664954564,0.18485776372975107,0.16401619913077836,0.010865270644014224
172,0.6373376783686368,0.18629338863378264,0.1653582185355256,0.011010714462055005
173,0.6343857918105574,0.18781450419338924,0.16635421805624076,0.011445485939812532
174,0.632087565328863,0.18898530716891826,0.16714327975544818,0.011783847746770536
175,0.6299857023122812,0.1897648276882118,0.16841690085293104,0.01183256914657595
176,0.629030667587023,0.1904151464352628,0.16872103342865596,0.011833152549058278
177,0.6279516884397338,0.19147153068770026,0.16864678333744146,0.011929997535124475
178,0.6277120315581854,0.19201183431952662,0.16844181459566074,0.011834319526627219
179,0.6273852374143287,0.1925447463142843,0.16818697302894334,0.011883043242443667
180,0.6278714384304447,0.19254658385093168,0.16755397811298434,0.012027999605639357
181,0.6288136428606634,0.1923209620976884,0.16674059835378777,0.012124796687860416
182,0.6302591388314119,0.19110257168193912,0.16627253916642035,0.012365750320228594
183,0.6315452440766465,0.18994138219792128,0.1660509334515541,0.012462440273878134
184,0.631918455780973,0.18933425251132557,0.16609218042150878,0.012655111286192634
185,0.6328590418984786,0.18861700556348776,0.16577224164245974,0.012751710895573826
186,0.6349315742837452,0.18834301466968592,0.16387712907354535,0.012848281973023531
187,0.6372631060792517,0.18808761998523257,0.16175239970465174,0.012896874230863893
188,0.6394055703178821,0.18836728668438146,0.15913788012990848,0.01308926286782797
189,0.6408578877465689,0.1893846229524325,0.15647597028875007,0.013281519012248512
190,0.6433769298849444,0.18718654734978857,0.15591503589340153,0.013521486871865473
191,0.6467783948493635,0.1847446798053767,0.15471568290165627,0.01376124244360348
192,0.6495184748427673,0.18165290880503146,0.15492334905660377,0.013905267295597485
193,0.6515590473852197,0.17849251166216548,0.1557083231033636,0.014240117849251166
194,0.655145326001571,0.1744893951296151,0.15602906520031423,0.014336213668499607
195,0.6569171124306816,0.17274377975168081,0.15576385140108948,0.014575256416548069
196,0.6573965077496566,0.17196390033352954,0.1557779085736708,0.014861683343143025
197,0.657397871610024,0.17188955911921927,0.15575498994654505,0.014957579324211661
198,0.6566330032356114,0.1731052063927836,0.15511324639670557,0.0151485439748995
199,0.6553785836804705,0.17412398921832883,0.15515804949767215,0.015339377603528546
200,0.6520674113266706,0.17568097197726829,0.15672153635116598,0.01553008034489516
201,0.6494244428116581,0.17673279451383786,0.15821699730590252,0.015625765368601517
202,0.645549789483991,0.1781063350631548,0.16043278174875159,0.015911093704102614
203,0.6436230110159119,0.17953488372093024,0.16093023255813954,0.01591187270501836
204,0.6409064212999217,0.1811863743148003,0.16180501174628034,0.01610219263899765
205,0.6388059701492538,0.18223635918766823,0.16275997063861022,0.016197700024467826
206,0.6363502935420744,0.1840508806262231,0.1632583170254403,0.01634050880626223
207,0.6346915814704299,0.1849043682434085,0.163968106442303,0.016435943843858533
208,0.633998435054773,0.18529929577464788,0.16412363067292646,0.016578638497652582
209,0.6329373808476316,0.18575548711932346,0.16449137214645354,0.016815759886591387
210,0.6319390148553558,0.18622947615324473,0.1648260359655981,0.017005473025801406
211,0.6320316700063535,0.18620790772689508,0.1648013293582914,0.016959092908459997
212,0.6316098133124817,0.18619880754569446,0.16518424396442186,0.017007135177402013
213,0.63236372525055,0.1853336592520166,0.1654363236372525,0.016866291860180883
214,0.6320625610948192,0.18572825024437928,0.1652003910068426,0.017008797653958945
215,0.6336251161425986,0.18494791921365347,0.16465352828989194,0.016773436353855933
216,0.6351404246990899,0.18406889128094725,0.16425286231529504,0.016537821704667777
217,0.6358921669357601,0.18322814227701942,0.16429375214051567,0.01658593864670483
218,0.6380416156670746,0.18247246022031824,0.16318237454100368,0.01630354957160343
219,0.6378238088242495,0.18270407913422457,0.16321433818128397,0.01625777386024191
220,0.6392045454545454,0.18240595611285265,0.16222570532915362,0.016163793103448277
221,0.6400685770266961,0.18202302228753367,0.16174381582169972,0.016164584864070537
222,0.6404076033705663,0.18195179306290418,0.16152263374485595,0.016117969821673524
223,0.6396060947528294,0.18254862574102199,0.1617265200137181,0.01611875949243055
224,0.639937261052838,0.1822370355847466,0.16189589255955297,0.015929810802862463
225,0.6405491542044619,0.18151507722481,0.16214758519244912,0.01578818337827899
226,0.6410847391133778,0.18144370341310317,0.1617300902314633,0.015741467242055707
227,0.6423841059602649,0.1812607309296051,0.16075545744419917,0.015599705665930831
228,0.6419777309069505,0.18148820326678766,0.16088683965271988,0.015647226173541962
229,0.642135217348641,0.18128741046021,0.16102443332352076,0.0155529388676283
230,0.641678939617084,0.18168875797741776,0.16131566028473246,0.015316642120765831
231,0.6412899425710499,0.18166200363225837,0.16163549796299023,0.015412555833701467
232,0.6400942470056941,0.18289809542509328,0.16159434517965834,0.01541331238955429
233,0.6403711158018752,0.18266162682244366,0.16155318835599627,0.015414069019684846
234,0.6395542902022384,0.18329079128215198,0.16169251914392302,0.01546239937168663
235,0.6369567350142255,0.1851761012459531,0.1620229569312273,0.015844206808594132
236,0.6345409088680818,0.18657777342026569,0.1627040541203,0.016177263591352516
237,0.6326000685904659,0.1877908970653079,0.16314732252216943,0.016461711822056736
238,0.6324689966178129,0.18753982647909417,0.1637174648301554,0.0162737120729376
239,0.6297893189612935,0.18907398334149927,0.164625183733464,0.016511513963743264
240,0.6295751874173159,0.18893625361360183,0.16497623597432506,0.016512322994757214
241,0.6296913277804997,0.1888780009799118,0.1648701616854483,0.016560509554140127
242,0.629722181390563,0.18937723553334312,0.1643392620902543,0.01656132098583958
243,0.629742182139006,0.1896872855602392,0.1641505734731889,0.016419958827565924
244,0.6290235657243644,0.1901425701827446,0.16417617951104796,0.016657684581843125
245,0.6283684468397844,0.19098481136697698,0.16398824105830476,0.016658500734933857
246,0.6282886678751654,0.19097545441183675,0.16402919994120818,0.016706677771789722
247,0.6288038418189836,0.19062086538932718,0.1639143431175577,0.016660949674131426
248,0.629044910766817,0.19038046675818787,0.1641498333006472,0.01642478917434791
249,0.6279958829583885,0.1901191001323335,0.16526981326275547,0.01661520364652257
250,0.6284075308884095,0.18998823298686016,0.16513041772896647,0.016473818395763874
251,0.6298076923076923,0.18936420722135008,0.164589874411303,0.01623822605965463
252,0.6297895304910955,0.18917725555610068,0.1647941912377962,0.016239022715007604
253,0.6298822374877331,0.18954857703631012,0.16437684003925418,0.01619234543670265
254,0.6304422520001963,0.18985912727629706,0.1636479654444608,0.016050655279045797
255,0.629638719811506,0.19075201256626742,0.1635578244649519,0.016051443157274692
256,0.6292167935182912,0.1915050331451019,0.1633685244291677,0.015909648907439233
257,0.6279583619758421,0.19228125306884022,0.16380241579102425,0.015957969164293432
258,0.6278042315055716,0.19252859457071328,0.16356585341907615,0.016101320504638948
259,0.6277985074626866,0.19280243519245877,0.1633444619010212,0.016054595443833464
260,0.6262581627141945,0.19340108999852704,0.1642853635783375,0.016055383708940933
261,0.626387115781204,0.1933123833840715,0.16424432878326622,0.016056172051458314
262,0.6252760736196319,0.19406134969325153,0.1643680981595092,0.01629447852760736
263,0.6246196132325513,0.1941199568076961,0.16496515166388534,0.016295278295867282
264,0.6232638036809816,0.19425766871165645,0.16613496932515337,0.016343558282208587
265,0.6231713303878252,0.19455081001472754,0.16602847324496808,0.016249386352479137
266,0.6223803680981596,0.19445398773006134,0.16677300613496931,0.016392638036809817
267,0.6211972522080471,0.1952404317958783,0.16702649656526006,0.016535819430814523
268,0.6200264926654565,0.19575136142864152,0.16759063925820536,0.01663150664769661
269,0.6191971734223182,0.19687898714299734,0.16738639709490627,0.01653744233977819
270,0.6181969867988418,0.19777199784070276,0.16749276144672914,0.01653825391372626
271,0.6170035321821036,0.19819466248037676,0.16807299843014128,0.016728806907378335
272,0.617241548501055,0.19802757470192828,0.1680486727834748,0.016682204013542024
273,0.6172688003141567,0.1980168859218535,0.16822108776752406,0.016493225996465737
274,0.6158527607361963,0.19882208588957057,0.1687361963190184,0.016588957055214723
275,0.6135850907307504,0.19950956351152527,0.16993624325649828,0.01696910250122609
276,0.6144714250674516,0.19911699779249448,0.1695364238410596,0.016875153298994357
277,0.614294123418032,0.19905817718041793,0.16972432061218484,0.01692337878936525
278,0.6144867833848267,0.19891128439017214,0.16953557942229414,0.017066352802707078
279,0.6148409893992933,0.19881232822928935,0.1696113074204947,0.016735374950922654
280,0.61476174117878,0.19865534671443294,0.16979928350591353,0.016783628600873533
281,0.614836999214454,0.19903770620581304,0.1695306362922231,0.01659465828750982
282,0.615301565490504,0.19909702115129804,0.16876870981989497,0.01683270353830299
283,0.61620029455081,0.1988708885616102,0.16823760432007856,0.016691212567501227
284,0.6178594233508522,0.19799597229726412,0.1676899651259885,0.01645463922589518
285,0.6164154926120465,0.19920475185312453,0.16759118354523586,0.01678857198959305
286,0.6166797565285687,0.19968584331435305,0.16679756528568623,0.016836834871392106
287,0.6172918303220738,0.19933228593872743,0.16658483896307935,0.016791044776119403
288,0.6177568257709684,0.19888037713612258,0.16666666666666666,0.01669613042624239
289,0.6176773876749325,0.19916523447090598,0.1664129634176283,0.016744414436533267
290,0.6170317257636775,0.20017679992142226,0.1660937039583538,0.016697770356546508
291,0.6164161508989096,0.20046173494449357,0.16647018371156302,0.016651930445033894
292,0.6152336081664703,0.20082449941107186,0.1668629760502552,0.01707891637220259
293,0.6134635199450469,0.20190373386978067,0.16741082380648642,0.01722192237868603
294,0.6139541730042687,0.2018546685638585,0.16692017074726462,0.017270987684608212
295,0.6138069770865021,0.2018546685638585,0.16706736666503116,0.017270987684608212
296,0.6128968935564607,0.20218874220935368,0.16768906119644697,0.017225303037738626
297,0.6124441827371314,0.2024142499631974,0.16781981451494185,0.017321752784729378
298,0.6115690314983809,0.20194289078598765,0.16907074869983318,0.017417329015798254
299,0.6108630587311712,0.20283597468230213,0.1688827829841519,0.01741818360237476
300,0.6097812224075346,0.20332581183164916,0.16933189443735897,0.017561071323457276
301,0.6087084436599,0.20403059723448072,0.16946160635481025,0.01779935275080906
302,0.6079450711132909,0.2043648847474252,0.16993624325649828,0.017753800882785678
303,0.6065003186430707,0.2053041815775283,0.17020442178538164,0.017991077994019316
304,0.6059700029408881,0.2057641407705127,0.17017939417704148,0.01808646211155769
305,0.6054901960784314,0.2063235294117647,0.17009803921568628,0.018088235294117648
306,0.6049110424937509,0.2070773905798167,0.16982796647551832,0.01818360045091408
307,0.6038327696907317,0.20727344018036564,0.1706611772778513,0.018232612851051315
308,0.6031372549019608,0.20799019607843136,0.17068627450980392,0.01818627450980392
309,0.6027054844875753,0.20830270058324757,0.17071018967798854,0.018281625251188552
310,0.6022549019607844,0.20872549019607844,0.1707843137254902,0.018235294117647058
311,0.6026369963729046,0.2086560141162631,0.17037545338692284,0.01833153612390942
312,0.6015092860293036,0.2095849463419415,0.17043171460773265,0.0184740530210222
313,0.6007060207883899,0.20984506766032554,0.171210041184546,0.018238870366738578
314,0.6003628162384781,0.21028633065306923,0.1710629535202981,0.01828789958815454
315,0.6004117445223274,0.21008774079701975,0.1710700455860007,0.01843046909465222
316,0.6001666993528143,0.21067856442439695,0.17081780741321828,0.018336928809570503
317,0.600186210614005,0.21031998823932965,0.17087273974616554,0.01862106140049983
318,0.6000196020778202,0.21086935215132804,0.17048907184161521,0.0186219739292365
319,0.5989713445995591,0.21111927504286065,0.1710506980161646,0.018858682341415627
320,0.5986577838738121,0.21103164494954443,0.17145096502400314,0.018859606152640346
321,0.5986091385474314,0.211224839610167,0.17116411185660416,0.01900190998579754
322,0.598648119122257,0.21150078369905956,0.1708953761755486,0.018955721003134796
323,0.5972976942282273,0.2117295736035639,0.17173348998874038,0.01923924217946835
324,0.5976505139500734,0.21174743024963288,0.17126774351443955,0.019334312285854135
325,0.5961811505507956,0.2131701346389229,0.17140758873929007,0.019241126070991432
326,0.5952893937910096,0.21427871902849868,0.17123690138086378,0.01919498579962785
327,0.5947613219094248,0.2150795593635251,0.17086903304773562,0.019290085679314565
328,0.5936674170500147,0.2150827052950964,0.17172359792502692,0.019526279729861994
329,0.5941156312723357,0.21520536544769178,0.17129289665638617,0.01938610662358643
330,0.5938693565762413,0.2154539222407208,0.17138380178239154,0.019292919400646362
331,0.5935679671055852,0.2152332468549611,0.17171667727250478,0.019482108766948947
332,0.5937347038668624,0.21576113558492413,0.17097405775819874,0.019530102790014683
333,0.5938035338456268,0.21604424648817971,0.17057412755127013,0.0195780921149234
334,0.5928753180661578,0.21652965355255432,0.17087492660011744,0.019720101781170483
335,0.5921342268747248,0.21704250843809617,0.17091424937631464,0.019909015310864354
336,0.5907267925266556,0.21774430206397338,0.1715249926636017,0.020003912745769344
337,0.5901334767515768,0.21820759790739744,0.17146628856402485,0.02019263677700093
338,0.5896558466953461,0.21881110676574111,0.17124560031286665,0.020287446226046148
339,0.5886809051366013,0.2192463711451053,0.17164361468158937,0.020429109036703974
340,0.5877638780297108,0.2196051602814699,0.17210711493354183,0.02052384675527756
341,0.5871891337274637,0.21976840768065667,0.1724239018908487,0.020618556701030927
342,0.587151929653151,0.21988275525158768,0.17225207620908647,0.02071323888617489
343,0.5870914154492598,0.21976840768065667,0.17247276102995066,0.020667415840132895
344,0.5858649995115757,0.22032822115854253,0.17295105988082446,0.02085571944905734
345,0.585328902355586,0.2207506597595543,0.173296842928355,0.020623594956504742
346,0.5845883043223157,0.22105417563074517,0.1739194210835126,0.02043809896342656
347,0.5827345163024882,0.2223199882680745,0.17436574277753336,0.020579752651903992
348,0.5823885848318999,0.22214620797498044,0.17469702892885067,0.02076817826426896
349,0.5819079268888672,0.2227055028833936,0.1746652331150425,0.020721337112696706
350,0.5817213755373193,0.22215709261430247,0.1751660805001954,0.020955451348182885
351,0.5823563892145369,0.22220593982024228,0.17448221961703791,0.020955451348182885
352,0.5823032198172668,0.22235794205306103,0.1744759857331314,0.020862852396540774
353,0.5820509062484733,0.2228247593922517,0.17421466608041428,0.020909668278860715
354,0.5808956390096206,0.22298188211163744,0.1749768032426625,0.021145675636079504
355,0.58046875,0.222900390625,0.175390625,0.021240234375
356,0.5796103705873736,0.22401249938967824,0.17508910697719837,0.02128802304574972
357,0.5784079262043047,0.2244130997120406,0.1757040363121675,0.02147493777148714
358,0.5790861159929701,0.22480960749853543,0.17472173403632102,0.021382542472173402
359,0.5787032516355824,0.22541743970315398,0.17449467825407675,0.0213846304071868
360,0.5772702874152149,0.22676035719513982,0.17430342068023227,0.02166593470941297
361,0.5778840523130978,0.22638102674214328,0.1740679289478821,0.02166699199687683
362,0.5758358514475095,0.2270201774052052,0.17487084511160933,0.02227312603567599
363,0.576024959781602,0.22746550967679033,0.17432847462584702,0.022181055915760736
364,0.5748112058465287,0.22801461632155906,0.17466504263093788,0.02250913520097442
365,0.5733696975600253,0.22821799055179467,0.17566843617591194,0.022743875712268057
366,0.5726254262055529,0.22854359473940575,0.17613248904042864,0.02269849001461276
367,0.5729800808454683,0.2285589051770321,0.17566843617591194,0.022792577801587686
368,0.5723469536843131,0.2288511177129499,0.17596064871182973,0.02284127989090732
369,0.5712476867634168,0.2299113665140742,0.17595207947793903,0.022888867244569983
370,0.5712476867634168,0.22981396707899093,0.17600077919548066,0.02293756696211162
371,0.5703155434359174,0.23042462017919751,0.17622711336190106,0.02303272302298403
372,0.5711501924294832,0.23018463487114532,0.1758172163491986,0.022847956350172942
373,0.5705587218081738,0.23069803692337668,0.17580008768084174,0.022943153587607776
374,0.5712336776456831,0.23036445137400116,0.17555057493665951,0.022851296043656207
375,0.5703707312320359,0.23057436546986895,0.17610951429824134,0.02294538899985385
376,0.5693551529320086,0.23154100915643874,0.17601792324176896,0.023085914669783752
377,0.5675965142884962,0.23265663794362496,0.17642763253979846,0.023319215228080423
378,0.5672899016457299,0.23283669295939236,0.1765994741454864,0.023273931249391373
379,0.5670740614500658,0.23304280079855869,0.1766080732336758,0.023275064517699763
380,0.566955590183093,0.23349240358395013,0.17627580833657966,0.023276197896377093
381,0.5678663614669069,0.23342911410899528,0.17547362781863343,0.023230896605464374
382,0.5680822051232103,0.23361254504723872,0.1750267848446479,0.02327846498490309
383,0.5673437576111842,0.23420527059281993,0.1752642603146768,0.02318671148131911
384,0.5665302941749464,0.23460939022014415,0.17557958308981103,0.023280732515098383
385,0.5670419651995906,0.234780913388897,0.1752205488131793,0.02295657259833309
386,0.5675833820947923,0.2349814706456017,0.17466354593329433,0.022771601326311685
387,0.5673935313917752,0.2351822040099517,0.17483779696570564,0.022586467632567442
388,0.5663026521060842,0.2358619344773791,0.1749219968798752,0.022913416536661468
389,0.5659530891890574,0.23582191446823036,0.17540352074901253,0.02282147559369971
390,0.5661628473915163,0.2356899073622623,0.17523159434422234,0.022915650901999023
391,0.5650987082622472,0.23646112600536193,0.1753838654642944,0.023056300268096516
392,0.5645287065016084,0.23710888000779803,0.17521200896773564,0.02315040452285798
393,0.5633500706868815,0.23828791498074392,0.17530346609467168,0.02305854823770292
394,0.5627619140434655,0.2387681512523146,0.17517785790858592,0.023292076795633953
395,0.5635628319446475,0.23861033961896408,0.17448716074647955,0.02333966768990888
396,0.5630358534684333,0.23908807482462976,0.17439594699922056,0.02348012470771629
397,0.5622411693057248,0.23907429963459195,0.17524969549330086,0.02343483556638246
398,0.5608009353990061,0.23979343271947773,0.17592321933157945,0.023482412549936667
399,0.5596357083718891,0.2408318316855793,0.17586324453319047,0.02366921540934106
400,0.5586603057151203,0.24116444357900885,0.17627300165514556,0.023902249050725344
401,0.5575079094670236,0.24220004867364323,0.17629593575079094,0.023996106108542224
402,0.5568745742921086,0.24223995329376277,0.1766566118517077,0.02422886056242094
403,0.5566473707253004,0.2422046018387897,0.1768254122683271,0.024322615167582818
404,0.5567717454757735,0.24168126094570927,0.1772231951741584,0.024323798404358825
405,0.5565822107669114,0.2418421436560813,0.17706560326800563,0.024510042309001605
406,0.556079766536965,0.24212062256809339,0.17733463035019456,0.02446498054474708
407,0.5566097406704618,0.24210577531260644,0.17695713521140466,0.024327348805527175
408,0.557016262537735,0.24169831531794722,0.1772811374038368,0.02400428474048106
409,0.5569515461407353,0.2417336255174093,0.17735573411249086,0.0239590942293645
410,0.5569133398247322,0.2422103213242454,0.17677702044790652,0.024099318403115872
411,0.5568209470968998,0.24246848688373,0.17642478220664817,0.02428578381272205
412,0.5559232940718388,0.2430156721502969,0.1767740679450988,0.024286965832765503
413,0.5552689218788026,0.24361158432708688,0.17683134582623508,0.024288147967875394
414,0.5555826070019964,0.24312216974241613,0.17714369187320447,0.024151531382383015
415,0.5556259132976132,0.24335119337554798,0.17700925474914758,0.024013638577691183
416,0.5552360996052824,0.24326299887919692,0.17767165342819552,0.02382924808732518
417,0.5549273808363389,0.24373720635539525,0.1775514182668876,0.023783994541378303
418,0.5544993662864385,0.24407721556010528,0.1776835331968412,0.023739884956614995
419,0.5553660200799299,0.2434935178867336,0.17730772979822595,0.023832732235110635
420,0.5547921843785022,0.2436778248794036,0.1775568873946304,0.02397310334746382
421,0.5540777550423853,0.24447042775017053,0.17738478027867097,0.024067036928773263
422,0.5528007793472967,0.24578665367754507,0.1772528007793473,0.02415976619581101
423,0.5526879626022595,0.2459096221269965,0.1771036229061161,0.02429879236462797
424,0.5526123581827921,0.24687150021911672,0.1761698398013342,0.024346301796757074
425,0.5526623186995036,0.2471527304584834,0.17560595736396378,0.024578993478049257
426,0.5526777020447906,0.2472736124634859,0.17555988315481985,0.024488802336903603
427,0.5525803310613437,0.24756572541382668,0.17531645569620252,0.02453748782862707
428,0.5515210513506936,0.24823558043319544,0.17556583110245802,0.024677537113652958
429,0.5506957283253868,0.24866206091271773,0.17573221757322174,0.024909993188673738
430,0.5502480786068684,0.24900282128611734,0.17574666796380972,0.025002432143204592
431,0.5495377128953771,0.24953771289537713,0.17605839416058394,0.024866180048661802
432,0.5486587800009737,0.25008519546273306,0.17657368190448372,0.024682342631809552
433,0.5476005061812518,0.251241117492456,0.17633602647717317,0.02482234984911905
434,0.5477545857052498,0.25071765678976304,0.17651924293290516,0.025008514572081933
435,0.5472900651941228,0.25012163082611655,0.177532353799747,0.025055950180013623
436,0.5460247994164843,0.25042548018477995,0.17821541453926573,0.025334305859469972
437,0.5458479190976274,0.25043757292882146,0.17828665888759238,0.02542784908595877
438,0.5466258265266434,0.24951380785686503,0.17843251653053285,0.02542784908595877
439,0.5457328926905132,0.25029160186625193,0.17831454121306375,0.025660964230171075
440,0.5454412979064458,0.24967212318453394,0.17894787972992665,0.025938699179093604
441,0.5456312566818933,0.24914957721838857,0.17946350471377198,0.025755661385946156
442,0.5453175875978034,0.24940467512270983,0.17952082422121787,0.02575691305826894
443,0.5451010886469674,0.24975699844479005,0.17938374805598756,0.025758164852255055
444,0.5440182781585727,0.2500607651548296,0.18025375528656848,0.025667201400029167
445,0.5433874259061315,0.25070449907686326,0.1799630745311437,0.025945000485861434
446,0.543462416792187,0.2506680919294495,0.17992323016374326,0.02594626111462028
447,0.5431319215076744,0.25053429182047793,0.18020205945210802,0.026131727219739654
448,0.5414096274347889,0.2513722251906543,0.18108515082333512,0.026132996551221643
449,0.5416747619972799,0.2514085875267146,0.18073635127258597,0.026180299203419466
450,0.5423572296476307,0.25113001215066827,0.1806075334143378,0.025905224787363304
451,0.5429571643895561,0.2509845869596927,0.1802888121748432,0.025769436475908007
452,0.5431948633135519,0.25133767876252555,0.17988131141161592,0.025586146512306646
453,0.5432825653252883,0.25152060726971925,0.17974794413897133,0.025448883266021117
454,0.5435121191472793,0.251241117492456,0.17988902949479219,0.025357733865472597
455,0.5428168054135631,0.2516430553527092,0.18027359914317706,0.025266540090550606
456,0.5421856753600622,0.2522382249902686,0.18003114052160374,0.025544959128065394
457,0.5408416443687667,0.25332036000973,0.18019946485040136,0.02563853077110192
458,0.5405681486525926,0.2531374647339235,0.18056231150890165,0.02573207510458216
459,0.5401974612129761,0.2536841593307719,0.18029278731579204,0.025825592140460093
460,0.5398346303501945,0.2537451361867704,0.18059338521400778,0.025826848249027236
461,0.5392247458781187,0.25344098049705754,0.18146004571762073,0.025874227907202958
462,0.5384951881014873,0.2537182852143482,0.18158841255954117,0.02619811412462331
463,0.5383232077764277,0.2536087484811665,0.18182260024301336,0.026245443499392465
464,0.5369632795803381,0.2543714785311832,0.18209636681562075,0.026568875072857975
465,0.5353344018650735,0.25465054155131384,0.183398902326485,0.026616154257127593
466,0.5349582443192853,0.2549524179452321,0.18328801709069723,0.026801320644785395
467,0.5341201612511536,0.2551848074214386,0.18403030744572343,0.026664723881684393
468,0.5340136054421769,0.25495626822157436,0.18454810495626822,0.026482021379980562
469,0.532678944555129,0.2553088099518927,0.1855289372661451,0.026483308226833178
470,0.5326044703595724,0.25510204081632654,0.18576287657920312,0.026530612244897958
471,0.5322870608813954,0.2554783538214858,0.1856566736310189,0.0265779116660998
472,0.5320276049766719,0.2556862363919129,0.18579898911353032,0.026487169517884913
473,0.5325331648768161,0.2552602167257884,0.18562612371835366,0.026580494679041743
474,0.5319790046656299,0.25539463452566097,0.18609059097978228,0.026535769828926904
475,0.5328892994311828,0.25489814769799213,0.185813602994798,0.02639894987602703
476,0.5325262543757293,0.25539673278879815,0.18567677946324387,0.026400233372228705
477,0.5316769582340642,0.25589536636359217,0.18602615840910197,0.0264015169932416
478,0.5323443579766537,0.25462062256809337,0.1867704280155642,0.026264591439688716
479,0.5314824719210386,0.25443671901589926,0.18763067049156415,0.02645013857149803
480,0.5325547445255474,0.25386861313868614,0.18749391727493916,0.02608272506082725
481,0.5316757493188011,0.2536492798754379,0.1884974698326197,0.0261775009731413
482,0.5321623199688594,0.2532113662903854,0.188400155702608,0.026226158038147138
483,0.5323373400165459,0.2534429899265171,0.18803834736483527,0.026181322692101806
484,0.5327330250669262,0.25393039669019224,0.18724750547578486,0.026089072767096617
485,0.5326647843442702,0.253870119754649,0.18742089377859994,0.02604420212248077
486,0.5315069826285825,0.25375894117074593,0.1884579825799231,0.026276093620748384
487,0.5319190346438303,0.2537465940054496,0.1880108991825613,0.026323472168158817
488,0.5304305521770859,0.25482850887861835,0.18832400875699343,0.02641693018730236
489,0.5298924940409593,0.2545118451135866,0.18908401031278882,0.02651165053266527
490,0.5304563588595894,0.25420842658363335,0.18886834679381143,0.026466867762965845
491,0.5296063834963266,0.25422079501775896,0.1897046659855009,0.026468155500413565
492,0.5292599805258034,0.2546251217137293,0.18992210321324246,0.026192794547224927
493,0.5288386593920499,0.2555046765393609,0.1896921278254092,0.025964536243180045
494,0.5284489477786438,0.2556995323460639,0.1898382696804365,0.026013250194855807
495,0.5268309310479159,0.2570607713283989,0.18991040124659136,0.026197896377093882
496,0.5260261966207334,0.25763256561328335,0.19009592442907922,0.026245313336904125
497,0.5255985984037376,0.2575433132178314,0.19033482577379793,0.026523262604633054
498,0.5250304062271953,0.25769885672585746,0.19056190707856968,0.026708829968377524
499,0.5242846019077283,0.2578839789760561,0.19125948997469341,0.026571929141522288
500,0.5238859700330804,0.25836738665109943,0.1909904650710255,0.026756178244794707
501,0.5228389356423603,0.25888991584375154,0.19146762659921196,0.026803521914676266
502,0.5220180810731991,0.2583843686205891,0.19237873043647322,0.027218819869738505
503,0.5212150668286756,0.25837181044957475,0.19314702308626974,0.027266099635479952
504,0.5211582373803625,0.25827138901034835,0.19307195258222806,0.027498421027061168
505,0.5213272444617179,0.25816167897396036,0.1929654100272056,0.027545666537116206
506,0.52081006264873,0.2584624350444369,0.1929969404108591,0.02773056189597397
507,0.5209487702926023,0.25872460386896085,0.19296199086225332,0.027364634976183532
508,0.520241045827866,0.2586382854643534,0.19366282742868252,0.027457841279098023
509,0.5191485225505443,0.2591854587869362,0.19420684292379473,0.02745917573872473
510,0.5187849331713245,0.25982989064398543,0.1939246658566221,0.027460510328068045
511,0.5184681181959565,0.260206065318818,0.19381804043545878,0.02750777604976672
512,0.5179205368866411,0.2604191995331421,0.1944268832368818,0.027233380343335115
513,0.5176453431849115,0.2602566595372351,0.19463348240326658,0.02746451487458682
514,0.5179153094462541,0.26005153386163643,0.19461325295347368,0.02741990373863581
515,0.5171542423947906,0.2604237535231801,0.19477111478277773,0.02765088929925163
516,0.516745248626841,0.26126476449715647,0.19442959218393038,0.027560394692072134
517,0.5162277718394713,0.2615392090175882,0.19444174521426488,0.02779127392867554
518,0.5157623743138874,0.2617671345995045,0.194540243843202,0.027930247243406033
519,0.5155916067612202,0.2618515640178745,0.19457936662133282,0.027977462599572567
520,0.5152310158868969,0.2621580916290142,0.19472380119516106,0.027887091288927756
521,0.515696374769171,0.26159004762367577,0.1949169015453397,0.02779667606181359
522,0.5165006075334143,0.260996354799514,0.1947509113001215,0.02775212636695018
523,0.516334467671366,0.2617890131259115,0.19421487603305784,0.02766164316966456
524,0.5155330837668336,0.2623365258398561,0.19446740240167243,0.0276629879916379
525,0.5145357316480311,0.2631988332523092,0.19455517744287798,0.02771025765678172
526,0.5147108884890337,0.26343432378543985,0.19428099012789962,0.027573797597626806
527,0.5154699357851722,0.2628916131543102,0.19420120646040084,0.027437244600116754
528,0.5144176999756869,0.26438123024556287,0.19353270119134452,0.027668368587405786
529,0.5145399727679439,0.2642482007391558,0.19354211242948843,0.027669714063411788
530,0.5144677333073968,0.26465009969362446,0.19321110732869717,0.027671059670281575
531,0.513516141579152,0.26541229093737845,0.19326137689614936,0.027810190587320108
532,0.5123207776427704,0.26580801944106924,0.19387606318347508,0.027995139732685297
533,0.5119533527696793,0.26632653061224487,0.1935860058309038,0.028134110787172012
534,0.5106620682955263,0.26677029193180163,0.19424879778500995,0.028318841987662116
535,0.5111748129433485,0.266592167913711,0.19400446992517734,0.028228549217763094
536,0.5116290361738286,0.2659383345472202,0.19388201019664966,0.02855061908230153
537,0.5104389201786754,0.2663138473489998,0.19464944649446494,0.02859778597785978
538,0.5106620682955263,0.26647884587360954,0.194443095157138,0.02841599067372614
539,0.510589721169727,0.2667832507529389,0.19420965704847956,0.02841737102885456
540,0.5110938486187309,0.2659125115308055,0.19430014079720348,0.028693499053260185
541,0.5100456177812288,0.26666990197029994,0.19436086576725226,0.02892361448121906
542,0.5098810390871571,0.2674435542607429,0.1939791211459092,0.028696285506190824
543,0.5101476014760148,0.2676733346280831,0.193435618566712,0.028743445329190133
544,0.5104111051788575,0.2676794641557055,0.1929816046206863,0.028927826044750766
545,0.511121903836814,0.2673627974745022,0.19286061194754736,0.028654686741136474
546,0.5109956794019127,0.2672945288606243,0.19282489441235012,0.02888489732511287
547,0.5095145631067961,0.2683009708737864,0.19325242718446603,0.028932038834951455
548,0.5089823266653719,0.26903282190716643,0.19309574674694116,0.02888910468052049
549,0.5078140166957872,0.27004465152397594,0.19302077266550186,0.029120559114735003
550,0.5069397262933126,0.2709890323206833,0.19285644957779288,0.0292147918082112
551,0.5067449534161491,0.27139945652173914,0.19259510869565216,0.029260481366459628
552,0.5064764954155144,0.2707999805947703,0.1933246009799641,0.029398923009751127
553,0.5062566689300612,0.27102531768357746,0.19318071587932875,0.02953729750703269
554,0.5058418577592476,0.270519222378436,0.1938721093712125,0.02976681049110389
555,0.5049428183756542,0.27112812560573757,0.19393293273890289,0.02999612327970537
556,0.5034870205346765,0.27135800077489347,0.19488570321580784,0.03026927547462224
557,0.5039732532222114,0.2717317569531931,0.19425331912006977,0.030041670704525632
558,0.5032233047355921,0.27250254471426494,0.19436769909359702,0.029906451456545975
559,0.5033472397399825,0.2730183370524886,0.19409139419811777,0.02954302900941108
560,0.503833090732654,0.27316836487142165,0.1935468219311014,0.029451722464822902
561,0.5028382902333706,0.2737858425112804,0.19387705594100238,0.029498811314346708
562,0.5021825589290911,0.2741779028033757,0.19395673683189446,0.029682801435638763
563,0.5014064015518914,0.27507274490785644,0.1937439379243453,0.029776915615906886
564,0.5003878599825463,0.2759138950838747,0.19378454377969553,0.02991370115388345
