,bt_pt-O,bt_pt-A,bt_pt-B,bt_pt-AB
0,1.0,0.0,0.0,0.0
1,1.0,0.0,0.0,0.0
2,1.0,0.0,0.0,0.0
3,1.0,0.0,0.0,0.0
4,1.0,0.0,0.0,0.0
5,1.0,0.0,0.0,0.0
6,1.0,0.0,0.0,0.0
7,1.0,0.0,0.0,0.0
8,1.0,0.0,0.0,0.0
9,1.0,0.0,0.0,0.0
10,1.0,0.0,0.0,0.0
11,1.0,0.0,0.0,0.0
12,1.0,0.0,0.0,0.0
13,1.0,0.0,0.0,0.0
14,1.0,0.0,0.0,0.0
15,1.0,0.0,0.0,0.0
16,1.0,0.0,0.0,0.0
17,1.0,0.0,0.0,0.0
18,1.0,0.0,0.0,0.0
19,1.0,0.0,0.0,0.0
20,1.0,0.0,0.0,0.0
21,1.0,0.0,0.0,0.0
22,1.0,0.0,0.0,0.0
23,1.0,0.0,0.0,0.0
24,1.0,0.0,0.0,0.0
25,1.0,0.0,0.0,0.0
26,1.0,0.0,0.0,0.0
27,1.0,0.0,0.0,0.0
28,1.0,0.0,0.0,0.0
29,1.0,0.0,0.0,0.0
30,1.0,0.0,0.0,0.0
31,1.0,0.0,0.0,0.0
32,1.0,0.0,0.0,0.0
33,1.0,0.0,0.0,0.0
34,1.0,0.0,0.0,0.0
35,1.0,0.0,0.0,0.0
36,1.0,0.0,0.0,0.0
37,1.0,0.0,0.0,0.0
38,1.0,0.0,0.0,0.0
39,1.0,0.0,0.0,0.0
40,1.0,0.0,0.0,0.0
41,1.0,0.0,0.0,0.0
42,1.0,0.0,0.0,0.0
43,1.0,0.0,0.0,0.0
44,1.0,0.0,0.0,0.0
45,1.0,0.0,0.0,0.0
46,1.0,0.0,0.0,0.0
47,1.0,0.0,0.0,0.0
48,1.0,0.0,0.0,0.0
49,1.0,0.0,0.0,0.0
50,1.0,0.0,0.0,0.0
51,1.0,0.0,0.0,0.0
52,1.0,0.0,0.0,0.0
53,1.0,0.0,0.0,0.0
54,1.0,0.0,0.0,0.0
55,1.0,0.0,0.0,0.0
56,1.0,0.0,0.0,0.0
57,1.0,0.0,0.0,0.0
58,1.0,0.0,0.0,0.0
59,1.0,0.0,0.0,0.0
60,1.0,0.0,0.0,0.0
61,1.0,0.0,0.0,0.0
62,1.0,0.0,0.0,0.0
63,1.0,0.0,0.0,0.0
64,1.0,0.0,0.0,0.0
65,1.0,0.0,0.0,0.0
66,1.0,0.0,0.0,0.0
67,1.0,0.0,0.0,0.0
68,1.0,0.0,0.0,0.0
69,1.0,0.0,0.0,0.0
70,1.0,0.0,0.0,0.0
71,1.0,0.0,0.0,0.0
72,1.0,0.0,0.0,0.0
73,1.0,0.0,0.0,0.0
74,1.0,0.0,0.0,0.0
75,1.0,0.0,0.0,0.0
76,1.0,0.0,0.0,0.0
77,1.0,0.0,0.0,0.0
78,1.0,0.0,0.0,0.0
79,1.0,0.0,0.0,0.0
80,1.0,0.0,0.0,0.0
81,1.0,0.0,0.0,0.0
82,1.0,0.0,0.0,0.0
83,1.0,0.0,0.0,0.0
84,1.0,0.0,0.0,0.0
85,1.0,0.0,0.0,0.0
86,1.0,0.0,0.0,0.0
87,1.0,0.0,0.0,0.0
88,1.0,0.0,0.0,0.0
89,1.0,0.0,0.0,0.0
90,1.0,0.0,0.0,0.0
91,1.0,0.0,0.0,0.0
92,1.0,0.0,0.0,0.0
93,1.0,0.0,0.0,0.0
94,1.0,0.0,0.0,0.0
95,1.0,0.0,0.0,0.0
96,1.0,0.0,0.0,0.0
97,1.0,0.0,0.0,0.0
98,1.0,0.0,0.0,0.0
99,1.0,0.0,0.0,0.0
100,0.986739894117065,0.013260105882935035,0.0,0.0
101,0.9734824123089101,0.026517587691089892,0.0,0.0
102,0.9602275537966857,0.03977244620331437,0.0,0.0
103,0.946928479572658,0.03976654466317143,0.013304975764170541,0.0
104,0.9336795252225519,0.039762611275964393,0.02655786350148368,0.0
105,0.9204826426664029,0.03975867866679854,0.03975867866679854,0.0
106,0.9204905063291139,0.039754746835443035,0.039754746835443035,0.0
107,0.9205972510629883,0.039701374468505884,0.039701374468505884,0.0
108,0.9205595926639972,0.03969548667754214,0.03974492065846062,0.0
109,0.9205713720838276,0.03968960063266113,0.039739027283511266,0.0
110,0.920575297780853,0.03968763900558493,0.039737063213562004,0.0
111,0.9205337286879169,0.03978255497899679,0.03968371633308624,0.0
112,0.9204960964522186,0.03982606976974009,0.03967783377804131,0.0
113,0.9203557312252965,0.03992094861660079,0.039723320158102766,0.0
114,0.9202153937357969,0.040015808714553895,0.039768797549649244,0.0
115,0.92007113570123,0.040112631526947586,0.039816232771822356,0.0
116,0.9199268919185931,0.04020944477376013,0.03986366330764671,0.0
117,0.9197905862596928,0.04025287696942757,0.03995653677087964,0.0
118,0.9194528124845671,0.040347671489950124,0.04019951602548274,0.0
119,0.9193659885443413,0.04034169464744223,0.040292316808216475,0.0
120,0.9185346104473191,0.041177051446627824,0.040288338106053125,0.0
121,0.9173578199052133,0.042308451816745654,0.040333728278041076,0.0
122,0.9155889031493731,0.04408135057754961,0.040329746273077303,0.0
123,0.9133761105626851,0.0456071076011846,0.041016781836130306,0.0
124,0.9108270825108566,0.04697986577181208,0.04214370311883143,4.9348598499802604e-05
125,0.9073599052880821,0.04903314917127072,0.043409629044988164,0.0001973164956590371
126,0.9047149339120142,0.050355099625172615,0.04468336950088775,0.0002465969619254291
127,0.902228577063406,0.05142490878611577,0.04600138053446406,0.0003451336160141998
128,0.898945085280489,0.05269644089519866,0.04796411318150449,0.00039436064280784776
129,0.8954370749975362,0.0543017640681975,0.049719128806543805,0.0005420321277224795
130,0.8918439716312057,0.05619582348305752,0.0512214342001576,0.0007387706855791962
131,0.8878495470657739,0.0582906656163844,0.05297361165813312,0.0008861756597085467
132,0.8841307343965348,0.06044496948218153,0.05448907265209687,0.0009352234691868478
133,0.8801791162287177,0.06259226454089165,0.056195256372404294,0.0010333628579864186
134,0.876672569854388,0.06454151908697363,0.05765446674537584,0.001131444313262495
135,0.8720267348142323,0.06649302142716729,0.05990760762728524,0.001572636131315117
136,0.8681469836903124,0.06823540970721163,0.061898211829436035,0.0017193947730398899
137,0.8637925955023078,0.0702150643228911,0.06407738387508592,0.0019149562997152116
138,0.8593934040047114,0.07234000785237535,0.06615626226933648,0.002110325873576757
139,0.8549352433281004,0.07432299843014128,0.0684850863422292,0.0022566718995290424
140,0.8511525257479157,0.07557626287395783,0.07091711623344776,0.0023540951446787643
141,0.8478058347634224,0.0763422407452807,0.07344937484677617,0.002402549644520716
142,0.8449281757121145,0.07687405010540765,0.07579546011668382,0.002402314065793989
143,0.8428921568627451,0.07740196078431373,0.07730392156862745,0.0024019607843137254
144,0.8415351436133712,0.0780315655327909,0.0780315655327909,0.0024017253210469563
145,0.8410115663595373,0.07836698686532052,0.07821995687120173,0.002401489903940404
146,0.8400548831283383,0.07913951095212426,0.07840446905473612,0.002401136864801294
147,0.8390652557319224,0.07946306094454243,0.07902214383695866,0.0024495394865765236
148,0.8370965371993927,0.08027624038791203,0.08012930401136308,0.002497918401332223
149,0.8356104010577347,0.08123990010283531,0.08060330052397043,0.002546398315459576
150,0.8339942233318647,0.08214617907671219,0.08121603759729769,0.0026435599941254224
151,0.8328520385688415,0.08242376780382751,0.08203220596152905,0.0026919876658019677
152,0.8314821157704164,0.08323139404022117,0.08249743112981357,0.0027890590595488576
153,0.8299818973530995,0.08400606683301531,0.083223249669749,0.00278878614413621
154,0.8279117546348383,0.08506579269187498,0.08418529570023969,0.002837156973047009
155,0.8263314911722991,0.08622291778745048,0.0845600821636426,0.002885508876607815
156,0.8247029485110753,0.08713510341792577,0.08522810620507555,0.0029338418659234267
157,0.8225688163105657,0.08859336038722926,0.08590426832249548,0.002933554979709578
158,0.820030304511462,0.09003372598856249,0.08690551835378073,0.003030451146194829
159,0.8171512338138285,0.09147324700708527,0.08824822868311752,0.003127290495968727
160,0.8148781321740829,0.09270746837297905,0.08914179651247985,0.0032726029404581644
161,0.8120025391864837,0.0942428829532692,0.09038527271839446,0.0033693051418526294
162,0.8091960755601113,0.09527993361643969,0.09200956704251477,0.003514423780934251
163,0.8056978389189716,0.09702912337187179,0.09351675691497147,0.003756280794185082
164,0.8019507437210437,0.09895147524993904,0.09524506217995611,0.003852718849061205
165,0.7992980061424463,0.10013162384829133,0.09657290498708136,0.003997465022181056
166,0.7965300453238462,0.10171060967883425,0.09766557824455382,0.0040937667527657295
167,0.7936260416159057,0.10296769163296135,0.09931289898153112,0.0040933677696018715
168,0.7911043990841331,0.10425293515857163,0.10045306182101622,0.004189603936279047
169,0.7882920177275605,0.1057809380022403,0.1016412604100716,0.0042857838601276
170,0.7858220945518283,0.10682116948244802,0.10297482837528604,0.004381907590437704
171,0.782824594713013,0.10812521298865684,0.10466871135777225,0.0043814809405579086
172,0.7815252834963742,0.10872633474473159,0.10527084245875311,0.00447753930014114
173,0.7792700729927007,0.10934306569343066,0.10690997566909975,0.004476885644768856
174,0.777264325323475,0.10978694425527775,0.10832765833252261,0.0046210720887245845
175,0.7760700389105059,0.11084630350194552,0.10846303501945526,0.004620622568093385
176,0.7745574790896713,0.11160280101147636,0.10917136743824159,0.004668352460610776
177,0.7733592610597958,0.11254253767622752,0.1093339815264949,0.004764219737481769
178,0.7719255624119333,0.11340556824255381,0.10971284194159661,0.004956027403916234
179,0.7709052038287741,0.11413439580195325,0.11005296146931635,0.00490743889995627
180,0.7695633166561422,0.11473259824160878,0.11070092776995191,0.005003157332297081
181,0.770082564351627,0.11389023797960175,0.11097620203982515,0.0050509956289460905
182,0.7718753034864524,0.11173157230261241,0.11129455181120715,0.005098572399728076
183,0.7741528303718808,0.11010777745412176,0.11059326148169725,0.005146130692300224
184,0.7757716948165405,0.11002717918850709,0.10895942535430013,0.0052417006406523005
185,0.7781066524334029,0.10995196273472754,0.10665243340288223,0.005288951428987335
186,0.779330422125182,0.11009218825812712,0.10528869480834546,0.0052886948083454635
187,0.7806617504366389,0.10979041335144576,0.1042596545701533,0.00528818164176208
188,0.7821004123211254,0.10991996119330584,0.1026922144069852,0.0052874120785835555
189,0.782929194956353,0.10999030067895248,0.1017458777885548,0.00533462657613967
190,0.7849420662238813,0.10752896688805934,0.10209919038153877,0.00542977650652058
191,0.7877671690980468,0.10454126884117676,0.10216643241409393,0.0055251296466824985
192,0.7900373116247517,0.10209817318408683,0.10229199980617337,0.005572515384988128
193,0.7929765076289659,0.10065391135868249,0.10065391135868249,0.00571566965366917
194,0.7953609994673382,0.10004358142462835,0.09878456249092053,0.005810856617112972
195,0.7958077165125623,0.10088589824272644,0.09740039695986832,0.005905988284842911
196,0.7951410734162513,0.10095339495716982,0.0979044669215506,0.006001064705028311
197,0.7930917710802574,0.1019302404334575,0.09883411542741039,0.006143873058874752
198,0.790665054413543,0.10307134220072552,0.10007255139056832,0.00619105199516324
199,0.7883490452018371,0.1044718394972202,0.10079767947788253,0.006381435823060188
200,0.7862909073331078,0.10513849277323924,0.10218978102189781,0.006380818871755209
201,0.782867082185824,0.10677876020679325,0.10378315697927236,0.006571000628110354
202,0.7804182968651886,0.10790706660870406,0.10500893590300922,0.006665700623098102
203,0.7780192186971848,0.10884156646868512,0.10637886909073349,0.006760345743396591
204,0.7763888218543366,0.10956127226217481,0.10709976350209952,0.006950142381389063
205,0.7753269945460688,0.10975433177276896,0.10801679617742169,0.006901877503740528
206,0.7735849056603774,0.11060174685132461,0.10886454663900015,0.006948800849297882
207,0.7731197838776593,0.11066621641179025,0.1091707270008201,0.00704327270973033
208,0.7721286961555159,0.11108967247117843,0.10973903815541942,0.007042593217886257
209,0.771598089817182,0.11075201389223868,0.1106555400125416,0.0069943562780377215
210,0.7705811429949361,0.11097178683385579,0.11140583554376658,0.007041234627441524
211,0.7707218284391726,0.1109021650031342,0.11128791166401465,0.007088094893678577
212,0.7707439371293573,0.1106504025842534,0.11151824887903188,0.007087411407357408
213,0.7706435285610991,0.1111111111111111,0.1111111111111111,0.007134249216678718
214,0.7710512363233238,0.11061840266062563,0.1111967995372825,0.007133561478768015
215,0.7721116305971948,0.10994360630452596,0.11085940135923265,0.007085361739046609
216,0.7725673526435008,0.10969203335100487,0.11065593522579402,0.007084678779700227
217,0.772633100457721,0.1093712358467839,0.11081667068176343,0.007178993013731631
218,0.7740722891566265,0.10867469879518073,0.11021686746987952,0.0070361445783132534
219,0.7746614620982122,0.108958604404607,0.1093923184424847,0.006987615054696159
220,0.7764388315819917,0.10831003566952666,0.10840643979562326,0.006844692952858382
221,0.7780242032688877,0.1076129405525288,0.10766115423557206,0.006701701943011427
222,0.7789834104938271,0.10730131172839506,0.10715663580246913,0.006558641975308642
223,0.7795621141975309,0.10677083333333333,0.10715663580246913,0.006510416666666667
224,0.7798996913580247,0.10681905864197531,0.10681905864197531,0.006462191358024691
225,0.7797868749698635,0.10670717006605912,0.10704469839432952,0.006461256569747818
226,0.7793585724620208,0.10706534844465879,0.10725825898239691,0.006317820110923559
227,0.7785011574074074,0.10768711419753087,0.10754243827160494,0.00626929012345679
228,0.7783992285438766,0.10771456123432979,0.10756991321118611,0.006316297010607522
229,0.7779116853065947,0.10798303123794832,0.10774199768607791,0.0063632857693790975
230,0.7763855421686747,0.10853012048192771,0.10862650602409639,0.006457831325301205
231,0.7748650732459522,0.10953161141094835,0.10914610639938319,0.006457208943716268
232,0.7741329479768786,0.1098747591522158,0.10939306358381502,0.006599229287090559
233,0.7729550052991617,0.11080065516909143,0.10974082281530012,0.006503516716446671
234,0.7719653179190752,0.11088631984585742,0.11064547206165704,0.006502890173410405
235,0.7709537572254336,0.11151252408477842,0.11107899807321772,0.0064547206165703275
236,0.7700346753997303,0.11216528607204777,0.11129840107879022,0.006501637449431709
237,0.7687048627828599,0.11261434761675493,0.11208473760231102,0.006596051998074145
238,0.7674239507123605,0.11320754716981132,0.11267809010396611,0.006690412013862149
239,0.7664356530946194,0.11401482337087304,0.11285975551063625,0.006689768023871403
240,0.7660506304745404,0.11439984599095197,0.11290788333814612,0.006641640196361536
241,0.7653738812433837,0.11466653835049562,0.11327109999037628,0.006688480415744394
242,0.7646832274215289,0.11510687463893703,0.11380704794916234,0.006402849990371654
243,0.7639102810935695,0.11566230265691183,0.11397766653831344,0.0064497497112052365
244,0.7631401617250674,0.11604736234116288,0.11441085868309588,0.006401617250673854
245,0.7634770889487871,0.11580670003850597,0.11436272622256449,0.006353484790142472
246,0.7636188642925891,0.11496631376323388,0.11501443695861405,0.006400384985563041
247,0.7638848782365965,0.1146404851285013,0.11516989123110982,0.006304745403792473
248,0.7643633913964007,0.11437782696564334,0.11490713117120585,0.006351650466750072
249,0.7644369586140519,0.11453320500481232,0.11477382098171318,0.006256015399422521
250,0.7645360030804774,0.11450712360415864,0.11484405082787832,0.00611282248748556
251,0.7646775745909529,0.11467757459095283,0.11448508180943215,0.006159769008662175
252,0.7648672055427251,0.11460739030023094,0.11431870669745958,0.006206697459584296
253,0.765059661277906,0.11455927636643572,0.11422247882986913,0.006158583525789068
254,0.7657813702848345,0.11412625096227867,0.113981909160893,0.006110469591993841
255,0.7655633599538151,0.1146444722409314,0.1136822861541422,0.006109881651111325
256,0.7657896002693733,0.11491654240223195,0.11318485737649718,0.006108999951897638
257,0.7665335962676157,0.11461690154393728,0.11274108989466596,0.006108412293780963
258,0.7658459170914687,0.11512936423968452,0.11286909685486197,0.006155621813984803
259,0.7654018179194921,0.11580820468426875,0.11273024575578319,0.006059731640455922
260,0.7659052656888675,0.11570088963693195,0.11233469584034624,0.0060591488338542915
261,0.7656587992116521,0.11527183579291449,0.11286833629764938,0.006201028697783974
262,0.7655003364414111,0.11554359319427088,0.11275593578775353,0.006200134576564453
263,0.7647002305918524,0.11534396617986165,0.11356648731744812,0.006389315910837817
264,0.7639656083385369,0.11580767568086844,0.1138383207646861,0.006388395215908545
265,0.7637341529004994,0.1157318478678448,0.11409911640414906,0.006434882827506723
266,0.7632766733890329,0.11572073369826179,0.11456832805147411,0.0064342648612311535
267,0.7623367895545314,0.11587941628264209,0.11525537634408602,0.006528417818740399
268,0.7612578012481998,0.11641862698031685,0.11589054248679789,0.006433029284685549
269,0.7610385870608563,0.1160491457093492,0.11638510270685352,0.006527164522941064
270,0.7605126728110599,0.11631144393241168,0.11679147465437788,0.006384408602150538
271,0.7593090211132437,0.11679462571976967,0.11737044145873321,0.006525911708253359
272,0.7584188813201573,0.11728868847740574,0.11767245514727045,0.006619975055166458
273,0.7584188813201573,0.11776839681473664,0.11724071764367265,0.006572004221433368
274,0.7585595089671047,0.11757936127361657,0.11714778939292222,0.006713340366356574
275,0.7589679647036256,0.11715902551314022,0.11725493957414157,0.006618070209092653
276,0.758294975067127,0.11737629459148446,0.11766398158803222,0.0066647487533563485
277,0.7580072880705792,0.11752013808975835,0.11785577291906406,0.006616800920598389
278,0.7578649530021101,0.11783042394014963,0.11783042394014963,0.0064741991175906385
279,0.7567360245469364,0.11865950714354205,0.11803624508581839,0.006568223223703136
280,0.757192174913694,0.11814345991561181,0.11819140774836977,0.006472957422324511
281,0.7569031639501438,0.11821668264621285,0.11836049856184085,0.006519654841802493
282,0.7562799616490892,0.11864813039309684,0.11860019175455418,0.006471716203259827
283,0.7568668807823211,0.11816307943051628,0.11854657015483439,0.006423469632328268
284,0.7569860518621483,0.11867900110243014,0.11791209317931266,0.006422853856108901
285,0.7567230717607017,0.11902593356023201,0.11792339772781746,0.006327596951248742
286,0.7576091645496813,0.11867900110243014,0.11738484398216939,0.0063269903657192155
287,0.7572257105881225,0.11925418204476824,0.11724104874658486,0.006279058620524373
288,0.7571531272465852,0.11914689671699018,0.11742151929067816,0.006278456745746465
289,0.75753365591913,0.11876586978393139,0.11728069755186125,0.0064197767450773725
290,0.7571736526946108,0.1192814371257485,0.11712574850299401,0.006419161676646706
291,0.7572666762438347,0.11875688358952258,0.11741608006512474,0.006560360101517981
292,0.7568822712692105,0.11916503088045195,0.11734571743189544,0.006606980418442093
293,0.7575641516660283,0.11868058215243202,0.11714860206817311,0.006606664113366526
294,0.7572652846268013,0.11906927754105424,0.11715421075310001,0.006511227079044382
295,0.7582228180207785,0.11873414085316225,0.11657969071671374,0.006463350409345526
296,0.7577556491765607,0.11887207966296438,0.11695710455764075,0.006415166602834164
297,0.757323377369328,0.11894505073712426,0.11726976833237603,0.0064618035611717405
298,0.7565666714511268,0.11908521123391225,0.11774556241328166,0.006602554901679346
299,0.7568627450980392,0.11946437111429938,0.11692969870875179,0.006743185078909613
300,0.7572453371592539,0.11922525107604018,0.11683405069344811,0.006695361071257772
301,0.7566107206044087,0.11935159948357481,0.11734327929995697,0.006694400612059484
302,0.756060243844131,0.11986612479081998,0.11737987090604829,0.006693760459000717
303,0.7565861821659097,0.12000956251494142,0.11675830743485537,0.006645947884293569
304,0.7559646186947168,0.12005737508964857,0.11737987090604829,0.006598135309586421
305,0.7550571469561475,0.12055855769690593,0.11792836306250298,0.006455932284443595
306,0.7541696535244923,0.12076463560334529,0.1183273596176822,0.006738351254480287
307,0.7544086021505376,0.12062126642771805,0.11827956989247312,0.006690561529271207
308,0.7537858883103234,0.1207662542397172,0.1186165384799121,0.006831318970047294
309,0.7542627883650953,0.12040884558437216,0.11845058986483259,0.006877776185699957
310,0.7537131668178996,0.12063613353073213,0.11877358040021013,0.006877119251158126
311,0.7535456759467074,0.12057685879375388,0.11900100281743947,0.006876462442099231
312,0.7529479161693798,0.12101971642717334,0.11906239556977133,0.0069699718336754665
313,0.7529473533482889,0.12137845448904587,0.11865782062908692,0.0070163715335783495
314,0.75270870125531,0.12171256741921627,0.11861009021049114,0.006968641114982578
315,0.7525168185505033,0.12204780762440956,0.11832625602366525,0.007109117801421824
316,0.7518484949673234,0.12274006583027239,0.11825597481276535,0.007155464389638887
317,0.7527784402575721,0.12210827569759122,0.1179585022656809,0.007154781779155735
318,0.7536370140710709,0.12153589315525877,0.11772000953970904,0.007107083233961364
319,0.7537566188045605,0.12154748843199924,0.11768353766159424,0.00701235510184611
320,0.7544127468752981,0.12126705467035588,0.11740291956874344,0.006917278885602519
321,0.7541499713795077,0.121160083953444,0.11777332570120207,0.006916618965846212
322,0.7545909849749582,0.12101120915812068,0.11752921535893156,0.006868590507989506
323,0.7546854881014832,0.12136964089846917,0.1170299012828461,0.006914969717201584
324,0.7542562830845534,0.12170346702274787,0.11717296962182269,0.006867280270876055
325,0.7556286968135852,0.121160083953444,0.11648540354894105,0.0067258156840297656
326,0.7560940705051757,0.1207365358011735,0.11649096026332109,0.006678433430329629
327,0.7564396107613051,0.12039687082617821,0.11653310436939515,0.006630414043121541
328,0.7562255509970423,0.1206468848392329,0.11659192825112108,0.006535635912603759
329,0.7561289707144901,0.12019460078221883,0.11709434322236001,0.006582085280931032
330,0.7559115179252479,0.12013729977116705,0.1171815408085431,0.006769641495041953
331,0.755638201497163,0.12034520574071425,0.11738902398321652,0.0066275687789062124
332,0.7560905840286055,0.12047675804529201,0.11680572109654351,0.006626936829558999
333,0.7561963775023832,0.12035271687321258,0.1167302192564347,0.006720686367969495
334,0.7562300471720589,0.12074141134988325,0.11621479963787107,0.006813741840186782
335,0.7548562178632642,0.12107217672824223,0.11693010855075224,0.007141496857741383
336,0.7541771790355596,0.12167372780501738,0.11700861617556053,0.007140476983862522
337,0.7534631313371734,0.12243537868329604,0.11700861617556053,0.007092873803970105
338,0.7534403123660778,0.12256559211466121,0.11708966239702871,0.006904433122232274
339,0.7524634645594326,0.12295901366211263,0.11757985433426953,0.006997667444185272
340,0.7522966347755724,0.12309010424103956,0.11761625969822458,0.006997001285163501
341,0.7522730518398629,0.12319702956157472,0.11762745751416194,0.0069024610844004375
342,0.7521298367521775,0.12336395221550617,0.11755746989672076,0.00694874113559564
343,0.7520102773944902,0.12313841176190703,0.1178093923966313,0.007041918446971499
344,0.7517959941005756,0.12355487891907321,0.1176078785860412,0.00704124839430991
345,0.7518907862816915,0.1235313704038434,0.11749036769252723,0.007087475621937877
346,0.7513912009512486,0.12418549346016647,0.11733650416171225,0.007086801426872771
347,0.7513672896751795,0.12426879726066486,0.11727778570409474,0.007086127360060874
348,0.7522229090390377,0.12334173363130617,0.11730302886215586,0.007132328467500356
349,0.7526983976035376,0.12334173363130617,0.11687508915410584,0.007084779611050355
350,0.7528645461893215,0.1230922835544145,0.11695906432748537,0.007084105928778586
351,0.7518178793783565,0.12356827146998717,0.11738985789648781,0.007223991255168481
352,0.7518893483530587,0.12362754883787253,0.11735348638243262,0.007129616426636247
353,0.7523651057760875,0.12331827905871168,0.11732826241977656,0.006988352745424293
354,0.7514373960560703,0.12340223330957473,0.11798526966025184,0.007175100974103113
355,0.7511993540113048,0.12340284045029212,0.1180829335486629,0.007314871989740179
356,0.7516743456989503,0.12340284045029212,0.11765544102978198,0.007267372820975633
357,0.7516507529333524,0.12336706094722341,0.1178091302075911,0.007173055911833167
358,0.7525533228825234,0.12284452045033491,0.11747660443684385,0.007125552230297848
359,0.7526483302455941,0.12298703149494086,0.11728658971070258,0.007078048548762529
360,0.7525523529132437,0.12289282492046157,0.11733700555581937,0.007217816610475331
361,0.7533960292580982,0.12282701624394414,0.11674741141825781,0.00702954307969982
362,0.7533485323453976,0.12287451315664481,0.11679490833095849,0.006982046166999145
363,0.7532763532763532,0.1224596391263058,0.11718898385565052,0.0070750237416904085
364,0.7536197483978163,0.12262046047946831,0.11663897460242108,0.007120816520294327
365,0.7540360873694207,0.12241215574548908,0.11661918328584996,0.006932573599240266
366,0.7541310541310541,0.12226970560303893,0.11671415004748338,0.006885090218423552
367,0.7534779924979821,0.12283367361473814,0.11680357058069417,0.006884763306585632
368,0.7529316811470351,0.1229169633955277,0.11726724588140341,0.006884109576033803
369,0.7538337368845843,0.1225371504534017,0.1167924797037459,0.006836632958268053
370,0.7539162631728852,0.12294692870027532,0.11630114877053072,0.006835659356308744
371,0.7534292087901656,0.12330912715363805,0.11642697802458589,0.006834686031610423
372,0.7541403691928059,0.12290608835951217,0.11607269966307597,0.006880842784605894
373,0.7540446932675429,0.12349954927171798,0.11552877544242539,0.006926982018313802
374,0.7539257080506665,0.12344039091038474,0.11570757626073343,0.006926324778215285
375,0.7535214607540905,0.12373725397201803,0.11572207730614181,0.007019207967749585
376,0.752856397857109,0.12369032380410563,0.11629450528611388,0.007158773052671503
377,0.7531888662335815,0.1233818578405804,0.11641139930769595,0.007017876618142159
378,0.7538534503201328,0.12302584775907043,0.11624377519563671,0.006876926725160067
379,0.753757170625326,0.12302659650120894,0.11619968709998578,0.007016545773479353
380,0.7531648570480299,0.12370205300839221,0.11621070598833626,0.006922383955241572
381,0.7537805167101209,0.12310974164493955,0.11614126570277317,0.00696847594216639
382,0.7537819509650495,0.12291933418693982,0.11656470811400389,0.006734006734006734
383,0.7535207928303855,0.12333443975532268,0.11641139930769595,0.006733368106595855
384,0.75380457971839,0.12269473284976058,0.11672118712369033,0.006779500308159105
385,0.7535908983171368,0.12296752785020147,0.1166627162834795,0.006778857549182271
386,0.7534246575342466,0.12276627008579419,0.11703085746788643,0.0067782149120728065
387,0.7543726596198511,0.12186566810446983,0.11703085746788643,0.0067308148077925775
388,0.7556777772509601,0.12128395998293111,0.11649518752074345,0.006543075245365322
389,0.7563403650154065,0.12083432092913013,0.11623607489926523,0.006589239156198151
390,0.756460714116364,0.12053677272511736,0.11660107164872682,0.0064014415097918345
391,0.7559275417298937,0.12087443095599393,0.11689112291350531,0.00630690440060698
392,0.7561160629622605,0.12051962829508818,0.11701118907642707,0.006353119666224161
393,0.7567311338642396,0.12011755783086842,0.11675199089874858,0.0063993174061433445
394,0.7564248458985301,0.12038880986249408,0.11697486960644855,0.006211474632527264
395,0.7567887777830434,0.12008909530354012,0.11672432586133359,0.00639780105208284
396,0.7568579144359691,0.11962855924574786,0.11702278864831572,0.00649073766996731
397,0.7573316909082295,0.1194390486568437,0.11678590041218553,0.006443360022741271
398,0.756525034342286,0.11998484202548435,0.1170006157927147,0.006489507839514945
399,0.755554502818703,0.12042256857264674,0.1176275522289071,0.006395376379743237
400,0.7556123898834897,0.12048877522023302,0.11745761106374918,0.00644122383252818
401,0.7552219011983138,0.12063657462227063,0.117794723629991,0.0063468005494245255
402,0.7557544757033248,0.11996779388083736,0.11797859240314483,0.0062991380126929996
403,0.7558376355799744,0.1199734760574054,0.11798418036280964,0.006204707999810544
404,0.7545213521446833,0.12015907584509043,0.11897547580721522,0.006344096203011079
405,0.7543070806512685,0.12021961378265808,0.11903634986747444,0.006436955698599016
406,0.7541751431139707,0.12012111463310782,0.11912759615839523,0.006576146094526186
407,0.7538679914833215,0.12074757511237284,0.1189022947717057,0.006482138632599953
408,0.753724636995696,0.12112755994891926,0.11852622617414747,0.0066215768812372885
409,0.7534395536854049,0.12112902463240509,0.11867051203252801,0.006760909649661954
410,0.7522567229075098,0.12089418214471383,0.11994895789025946,0.0069001370575168955
411,0.7525398100458347,0.12068232292208099,0.11983178188347587,0.00694608514860842
412,0.7523976000377947,0.12075400387395474,0.11985638021448482,0.006992015873765767
413,0.7523260756624002,0.12029471496717517,0.12029471496717517,0.007084494403249421
414,0.7523503566872962,0.12042330042046583,0.12032881371946899,0.006897529172768933
415,0.7525631939522797,0.11996220174816914,0.12067091896999764,0.006803685329553508
416,0.7526810601407852,0.12013984031747532,0.1203760570699674,0.006803042471772098
417,0.7520903207520431,0.12074259530445462,0.12036468420804006,0.0068023997354622326
418,0.7519716646989374,0.1206611570247934,0.12047225501770956,0.006894923258559622
419,0.7518530758698834,0.12095746187620982,0.12020206789103442,0.006987394362872386
420,0.7520173658628663,0.1207588127035062,0.12005096503232504,0.00717285640130244
421,0.7523476947760842,0.12061724316926997,0.11990939549808881,0.007125666556557029
422,0.7519701760181209,0.12061724316926997,0.1203341041007975,0.0070784767118116185
423,0.7523710659179917,0.12041711886000095,0.12013400651158401,0.007077808710423253
424,0.752678023689302,0.12009815487707046,0.12023972441130669,0.006984097022320797
425,0.752395789076146,0.12042675730538639,0.12042675730538639,0.0067506963130812446
426,0.7531989234619199,0.12040228528259124,0.11978846971056235,0.006610321544926578
427,0.75303337897172,0.12057976488362211,0.11977715877437325,0.0066096973702846895
428,0.7521589353971025,0.12028691425605209,0.1207588127035062,0.006795337643339153
429,0.7520875595603151,0.11996980704816719,0.12105486625465868,0.00688776713685899
430,0.7517218605528824,0.11996414756109067,0.1214737239362204,0.0068402679498065855
431,0.7521347360475539,0.12015851299712224,0.12096051328018116,0.006746237675142709
432,0.752382749834859,0.12012833820892706,0.12088326884967443,0.006605643106539587
433,0.7523593808984522,0.12051717629294073,0.12061155152887883,0.0065118912797281995
434,0.7524299329999057,0.12041143719920733,0.12064735302444088,0.006511276776446164
435,0.7531726187668066,0.11996980704816719,0.12034721894607728,0.006510355238948908
436,0.7522169811320755,0.12014150943396226,0.12113207547169812,0.0065094339622641505
437,0.752052080384942,0.12020001886970469,0.12133220115105199,0.006415699594301349
438,0.750837145686931,0.12097344715370466,0.12172805735037495,0.006461349808989294
439,0.7504243681629573,0.12103923047906451,0.12202942285929838,0.006506978498679743
440,0.7498939429648833,0.12142352109356587,0.12208343153429177,0.0065991044072590144
441,0.7503417715551784,0.1215763918351954,0.1215763918351954,0.006505444774430774
442,0.7498232549370788,0.12131781118914078,0.12230758354149975,0.006551350332280719
443,0.7495170334071526,0.12142486924562974,0.12241436177731706,0.006643735569900579
444,0.7503651698628846,0.12062385148188286,0.12241436177731706,0.006596616877915469
445,0.7506242638398115,0.12061248527679623,0.12216725559481743,0.006595995288574794
446,0.7498468931078344,0.12088378009139304,0.12267395298440666,0.006595373816365949
447,0.7490463856840123,0.12112079114669179,0.12309865787614786,0.006734165293148104
448,0.7484107924848142,0.1214389979752319,0.12341667843857419,0.006733531101379668
449,0.7486464855703592,0.12089826279365379,0.12367590979709053,0.0067793418388964735
450,0.7486464855703592,0.12085118403088367,0.12377006732263077,0.006732263076126359
451,0.7487174659951993,0.12109944933402363,0.12335859180119546,0.006824492869581588
452,0.74942323084891,0.12081548095484722,0.12316964075521446,0.006591647441028297
453,0.7494938079766446,0.12068559589395866,0.12332250317841503,0.006498092950981777
454,0.7492112821961671,0.12134482271507276,0.12299288976785798,0.006451005320902199
455,0.749493998587903,0.1212520593080725,0.12266415627206402,0.006589785831960461
456,0.7495411548778766,0.12137041743140854,0.12245282130923808,0.006635606381476775
457,0.7499882314174081,0.12140469801817069,0.1221578873040531,0.006449183260368121
458,0.7496352082843022,0.12186396799246882,0.12205224758766768,0.006448576135561309
459,0.7497764179807014,0.12162861849847023,0.12219345728406684,0.006401506236761591
460,0.7493058496870441,0.12202927196573957,0.12221751611840558,0.006447362228810768
461,0.7495059753458173,0.12200056459960477,0.12200056459960477,0.006492895454973182
462,0.7495648082804046,0.12124206069160198,0.12274758880263467,0.006445542225358739
463,0.7494709119127122,0.12147862484127357,0.1224662559375441,0.006584207308470112
464,0.7499294516038002,0.12204872542564199,0.12153137052017685,0.0064904524503809615
465,0.7500117564072419,0.12203150717140841,0.12142017399482719,0.006536562426522455
466,0.7490127867619406,0.12208537044001504,0.12227341105678827,0.006628431741256111
467,0.7480621975853807,0.12242213557570349,0.12261004368863626,0.006905623150279513
468,0.7469941762164193,0.12286304715386061,0.12319180913018975,0.0069509674995303404
469,0.7465126109623784,0.12300972241792306,0.12357334084824574,0.006904325771452727
470,0.7462076738834359,0.12313905978490584,0.12374958906682948,0.006903677264828817
471,0.7457849997651811,0.12318602357582303,0.1241722631850843,0.006856713473911614
472,0.745563796826589,0.12299314618345696,0.12444840860013144,0.006994648389822552
473,0.745389704847262,0.12280043170193797,0.12467739664961756,0.007132466801182488
474,0.7452737251958531,0.12285968944973495,0.12464230426420228,0.007224281090209692
475,0.7447237594972329,0.12353437763812025,0.1244723759497233,0.007269486914923553
476,0.7448874296435272,0.12321763602251407,0.12471857410881801,0.007176360225140713
477,0.7444892599193321,0.1233936778913798,0.1249413751055248,0.007175687083763249
478,0.7442787469517914,0.12342900018758207,0.12511723879197148,0.007175014068655037
479,0.7436486359801256,0.12346489172213368,0.12552732727102278,0.007359145026717915
480,0.7439984996249063,0.1235933983495874,0.1252344336084021,0.007173668417104276
481,0.7448654224889806,0.12351120697739848,0.12454281159148457,0.007080558942136359
482,0.7443965113007597,0.12416768264090781,0.12440213823501829,0.007033667823314264
483,0.744114060594691,0.12451927586530344,0.1244723759497233,0.006894287590282338
484,0.7438338178748944,0.12463659382912877,0.12458970271030667,0.006939885585670074
485,0.7436919613544696,0.12437857611856298,0.12512897476784543,0.0068004877591220335
486,0.7437400356372503,0.12454281159148457,0.12487104942323923,0.006846103348025884
487,0.7439973738510598,0.12455449259050835,0.12469517914087414,0.006752954417557681
488,0.7429924064872973,0.12477735070779038,0.12529295959501266,0.00693728320989969
489,0.7433661509610877,0.1248945147679325,0.12494139709329583,0.006797937177684013
490,0.7431571053618298,0.12457817772778403,0.12537495313085864,0.006889763779527559
491,0.7433914510686164,0.12453130858642669,0.12523434570678665,0.006842894638170229
492,0.7436281859070465,0.12467203898050974,0.12471889055472264,0.00698088455772114
493,0.7439332896092945,0.12475405228145789,0.12433242762109997,0.0069802304881476625
494,0.7434900711877107,0.12467216185837392,0.12476582989883851,0.007071937055076808
495,0.74271935574492,0.12477760089896058,0.12533945125948123,0.007163592096638262
496,0.7425334706488157,0.12498829697593858,0.1252691695534126,0.007209062821833162
497,0.7415067852129154,0.12498830135704259,0.1261581656527843,0.007346747777257838
498,0.7419052966498222,0.12474265393973423,0.12600598914467528,0.007346060265768295
499,0.7411687643288261,0.12478360548355402,0.12670191362934544,0.007345716558274458
500,0.7411219763252702,0.1252514855191129,0.12632760960089834,0.00729892855471857
501,0.7404705112015341,0.12548524390814275,0.126607735840232,0.007436509050091203
502,0.7399560357326599,0.1259529488798466,0.12670127683457275,0.0073897385529208175
503,0.739736276068456,0.1261105396053493,0.12671841391564576,0.007434770410548957
504,0.7392848796447768,0.12605749006777284,0.12708576770273428,0.0075718625847160555
505,0.73868149324861,0.12652431902069802,0.12708498808578236,0.007709199644909592
506,0.7382286995515696,0.12677503736920778,0.12724215246636772,0.007754110612855008
507,0.7377761173119133,0.1269322374258628,0.12749264465511606,0.007799000607107831
508,0.7378939995330376,0.1267335979453654,0.12757413028251227,0.007798272239084754
509,0.7372549019607844,0.12721755368814192,0.1276844070961718,0.00784313725490196
510,0.7370927084305854,0.12757912426477452,0.1274857623004388,0.007842405004201289
511,0.7367684122094651,0.12778866797349014,0.12755530663679643,0.007887613180248297
512,0.7359555804404628,0.12798618887644644,0.12807950727883538,0.007978723404255319
513,0.7351926126294189,0.12848614868016042,0.1281596865963996,0.00816155209402108
514,0.7349156019770586,0.12864869905809942,0.12822904038049054,0.008206658584351394
515,0.7343837404437815,0.1291721051650196,0.1281465597613276,0.008297594629871341
516,0.7345978189952466,0.12922919190977725,0.12778450927393048,0.008388479821045763
517,0.7348527218493661,0.12919463087248323,0.12765659955257272,0.008296047725577927
518,0.7341317923385218,0.12936899990679468,0.12820393326498275,0.008295274489700811
519,0.7339265747297801,0.12942601565411851,0.1282612746925084,0.008386134923592994
520,0.7332525854840213,0.13011273642038573,0.12824932451318363,0.008385353582409391
521,0.7325754752143123,0.13045098770033545,0.12868058143868805,0.008292955646664182
522,0.7315789473684211,0.13088029809035864,0.12915696320447134,0.008383791336748951
523,0.7315608120692867,0.13047122369156267,0.12949338796796425,0.00847457627118644
524,0.7313995716547165,0.1305521929416147,0.12957444827265108,0.008473787131017785
525,0.7311667753049632,0.13069187075146663,0.12971412608250302,0.008427227861067138
526,0.7299813780260708,0.13105214152700187,0.13054003724394786,0.008426443202979516
527,0.7308659217877095,0.1308193668528864,0.12993482309124768,0.008379888268156424
528,0.7306331471135941,0.13105214152700187,0.12998137802607077,0.008333333333333333
529,0.7306403574087863,0.13132911392405064,0.12956068503350707,0.008469843633655993
530,0.7300102392255422,0.13199292562598902,0.12961928697756678,0.008377548170901982
531,0.7302252000744464,0.1320956635026987,0.1292108691606179,0.008468267262237112
532,0.7291375941948088,0.13271001953670108,0.12959345055353985,0.008558935714950228
533,0.7300930232558139,0.13209302325581396,0.12925581395348837,0.008558139534883722
534,0.7289893493325892,0.13217989860936702,0.13031952002232455,0.008511232035719268
535,0.7289980463298912,0.13284956740161877,0.12977951437343008,0.008372871895060006
536,0.7286717188153796,0.1330140871263192,0.129759635501418,0.008554558556883165
537,0.7283376719970249,0.1333674228337672,0.12974153960580143,0.008553365563406471
538,0.7281896351382756,0.13311643039739718,0.13014176156170115,0.008552172902626075
539,0.7275177766417251,0.13375470558163313,0.13017613979644002,0.008551377980201702
540,0.7269770467428678,0.1336307034662206,0.13079639438713875,0.008595855403772884
541,0.7265294746132763,0.13420355832210712,0.13062665489849956,0.00864031216611697
542,0.7261622776461846,0.13445729413403928,0.13069527657795738,0.008685151641818772
543,0.7258034553223109,0.13445104960059445,0.13110718929964704,0.00863830577744752
544,0.7265088207985144,0.13375116063138348,0.1309656453110492,0.008774373259052925
545,0.725724099517267,0.13372632751578165,0.13173041217972523,0.008819160787226141
546,0.7250533741761812,0.13376032674278288,0.13236795692936043,0.008818342151675485
547,0.7259771608949959,0.13341379630489278,0.1319283260607186,0.008680716739392814
548,0.7257286059031001,0.13319101540746242,0.13230926304065344,0.00877111564878411
549,0.7244850621636667,0.1336518834663203,0.13295602152532937,0.008907032844683615
550,0.724510622506726,0.13359309768995267,0.13299007329065776,0.008906206512663512
551,0.7246242345518649,0.1335127110781221,0.1330488031174615,0.008814251252551494
552,0.7236964186305437,0.13406940063091483,0.13346632028205604,0.008767860456485433
553,0.7235987379361544,0.13432628062360802,0.13344469190794359,0.008630289532293986
554,0.7235108554462795,0.13397661903878272,0.13383744665058453,0.008675078864353312
555,0.722752991373713,0.13458862814210185,0.13389295983674984,0.008765420647435303
556,0.7222479829361032,0.13507372716312716,0.13386812575350088,0.008810164147268849
557,0.7225570183571296,0.13522158353421102,0.1333209716298906,0.008900426478768774
558,0.7224436822100677,0.1350699916566237,0.13358672476128675,0.008899601372021879
559,0.7221449758991472,0.13510381905821284,0.13385242862439747,0.008898776418242492
