btrf_pt-O+,btrf_pt-A+,btrf_pt-B+,btrf_pt-AB+,btrf_pt-O-,btrf_pt-A-,btrf_pt-B-,btrf_pt-AB-
1.0,0.0,0.0,0.0,0.0,0.0,0.0,0.0
1.0,0.0,0.0,0.0,0.0,0.0,0.0,0.0
1.0,0.0,0.0,0.0,0.0,0.0,0.0,0.0
1.0,0.0,0.0,0.0,0.0,0.0,0.0,0.0
1.0,0.0,0.0,0.0,0.0,0.0,0.0,0.0
1.0,0.0,0.0,0.0,0.0,0.0,0.0,0.0
1.0,0.0,0.0,0.0,0.0,0.0,0.0,0.0
1.0,0.0,0.0,0.0,0.0,0.0,0.0,0.0
1.0,0.0,0.0,0.0,0.0,0.0,0.0,0.0
1.0,0.0,0.0,0.0,0.0,0.0,0.0,0.0
1.0,0.0,0.0,0.0,0.0,0.0,0.0,0.0
1.0,0.0,0.0,0.0,0.0,0.0,0.0,0.0
1.0,0.0,0.0,0.0,0.0,0.0,0.0,0.0
1.0,0.0,0.0,0.0,0.0,0.0,0.0,0.0
1.0,0.0,0.0,0.0,0.0,0.0,0.0,0.0
1.0,0.0,0.0,0.0,0.0,0.0,0.0,0.0
1.0,0.0,0.0,0.0,0.0,0.0,0.0,0.0
1.0,0.0,0.0,0.0,0.0,0.0,0.0,0.0
1.0,0.0,0.0,0.0,0.0,0.0,0.0,0.0
1.0,0.0,0.0,0.0,0.0,0.0,0.0,0.0
1.0,0.0,0.0,0.0,0.0,0.0,0.0,0.0
1.0,0.0,0.0,0.0,0.0,0.0,0.0,0.0
1.0,0.0,0.0,0.0,0.0,0.0,0.0,0.0
1.0,0.0,0.0,0.0,0.0,0.0,0.0,0.0
1.0,0.0,0.0,0.0,0.0,0.0,0.0,0.0
1.0,0.0,0.0,0.0,0.0,0.0,0.0,0.0
1.0,0.0,0.0,0.0,0.0,0.0,0.0,0.0
1.0,0.0,0.0,0.0,0.0,0.0,0.0,0.0
1.0,0.0,0.0,0.0,0.0,0.0,0.0,0.0
1.0,0.0,0.0,0.0,0.0,0.0,0.0,0.0
1.0,0.0,0.0,0.0,0.0,0.0,0.0,0.0
1.0,0.0,0.0,0.0,0.0,0.0,0.0,0.0
1.0,0.0,0.0,0.0,0.0,0.0,0.0,0.0
1.0,0.0,0.0,0.0,0.0,0.0,0.0,0.0
1.0,0.0,0.0,0.0,0.0,0.0,0.0,0.0
1.0,0.0,0.0,0.0,0.0,0.0,0.0,0.0
1.0,0.0,0.0,0.0,0.0,0.0,0.0,0.0
1.0,0.0,0.0,0.0,0.0,0.0,0.0,0.0
1.0,0.0,0.0,0.0,0.0,0.0,0.0,0.0
1.0,0.0,0.0,0.0,0.0,0.0,0.0,0.0
1.0,0.0,0.0,0.0,0.0,0.0,0.0,0.0
1.0,0.0,0.0,0.0,0.0,0.0,0.0,0.0
1.0,0.0,0.0,0.0,0.0,0.0,0.0,0.0
1.0,0.0,0.0,0.0,0.0,0.0,0.0,0.0
1.0,0.0,0.0,0.0,0.0,0.0,0.0,0.0
1.0,0.0,0.0,0.0,0.0,0.0,0.0,0.0
1.0,0.0,0.0,0.0,0.0,0.0,0.0,0.0
1.0,0.0,0.0,0.0,0.0,0.0,0.0,0.0
1.0,0.0,0.0,0.0,0.0,0.0,0.0,0.0
1.0,0.0,0.0,0.0,0.0,0.0,0.0,0.0
1.0,0.0,0.0,0.0,0.0,0.0,0.0,0.0
1.0,0.0,0.0,0.0,0.0,0.0,0.0,0.0
1.0,0.0,0.0,0.0,0.0,0.0,0.0,0.0
1.0,0.0,0.0,0.0,0.0,0.0,0.0,0.0
1.0,0.0,0.0,0.0,0.0,0.0,0.0,0.0
1.0,0.0,0.0,0.0,0.0,0.0,0.0,0.0
1.0,0.0,0.0,0.0,0.0,0.0,0.0,0.0
1.0,0.0,0.0,0.0,0.0,0.0,0.0,0.0
1.0,0.0,0.0,0.0,0.0,0.0,0.0,0.0
1.0,0.0,0.0,0.0,0.0,0.0,0.0,0.0
1.0,0.0,0.0,0.0,0.0,0.0,0.0,0.0
1.0,0.0,0.0,0.0,0.0,0.0,0.0,0.0
1.0,0.0,0.0,0.0,0.0,0.0,0.0,0.0
1.0,0.0,0.0,0.0,0.0,0.0,0.0,0.0
1.0,0.0,0.0,0.0,0.0,0.0,0.0,0.0
1.0,0.0,0.0,0.0,0.0,0.0,0.0,0.0
1.0,0.0,0.0,0.0,0.0,0.0,0.0,0.0
1.0,0.0,0.0,0.0,0.0,0.0,0.0,0.0
1.0,0.0,0.0,0.0,0.0,0.0,0.0,0.0
1.0,0.0,0.0,0.0,0.0,0.0,0.0,0.0
1.0,0.0,0.0,0.0,0.0,0.0,0.0,0.0
1.0,0.0,0.0,0.0,0.0,0.0,0.0,0.0
1.0,0.0,0.0,0.0,0.0,0.0,0.0,0.0
1.0,0.0,0.0,0.0,0.0,0.0,0.0,0.0
1.0,0.0,0.0,0.0,0.0,0.0,0.0,0.0
1.0,0.0,0.0,0.0,0.0,0.0,0.0,0.0
1.0,0.0,0.0,0.0,0.0,0.0,0.0,0.0
1.0,0.0,0.0,0.0,0.0,0.0,0.0,0.0
1.0,0.0,0.0,0.0,0.0,0.0,0.0,0.0
1.0,0.0,0.0,0.0,0.0,0.0,0.0,0.0
1.0,0.0,0.0,0.0,0.0,0.0,0.0,0.0
1.0,0.0,0.0,0.0,0.0,0.0,0.0,0.0
1.0,0.0,0.0,0.0,0.0,0.0,0.0,0.0
1.0,0.0,0.0,0.0,0.0,0.0,0.0,0.0
1.0,0.0,0.0,0.0,0.0,0.0,0.0,0.0
1.0,0.0,0.0,0.0,0.0,0.0,0.0,0.0
1.0,0.0,0.0,0.0,0.0,0.0,0.0,0.0
1.0,0.0,0.0,0.0,0.0,0.0,0.0,0.0
1.0,0.0,0.0,0.0,0.0,0.0,0.0,0.0
1.0,0.0,0.0,0.0,0.0,0.0,0.0,0.0
1.0,0.0,0.0,0.0,0.0,0.0,0.0,0.0
1.0,0.0,0.0,0.0,0.0,0.0,0.0,0.0
1.0,0.0,0.0,0.0,0.0,0.0,0.0,0.0
1.0,0.0,0.0,0.0,0.0,0.0,0.0,0.0
1.0,0.0,0.0,0.0,0.0,0.0,0.0,0.0
1.0,0.0,0.0,0.0,0.0,0.0,0.0,0.0
1.0,0.0,0.0,0.0,0.0,0.0,0.0,0.0
1.0,0.0,0.0,0.0,0.0,0.0,0.0,0.0
1.0,0.0,0.0,0.0,0.0,0.0,0.0,0.0
1.0,0.0,0.0,0.0,0.0,0.0,0.0,0.0
0.986739894117065,0.013260105882935035,0.0,0.0,0.0,0.0,0.0,0.0
0.9734824123089101,0.026517587691089892,0.0,0.0,0.0,0.0,0.0,0.0
0.9602275537966857,0.026514964135542912,0.013257482067771456,0.0,0.0,0.0,0.0,0.0
0.94697531780185,0.026512341099075035,0.026512341099075035,0.0,0.0,0.0,0.0,0.0
0.9469805628369355,0.026509718581532223,0.026509718581532223,0.0,0.0,0.0,0.0,0.0
0.9469363532960783,0.026507096582760497,0.02655655012116117,0.0,0.0,0.0,0.0,0.0
0.9469416011472086,0.026504475102605944,0.02655392375018543,0.0,0.0,0.0,0.0,0.0
0.946946847960445,0.02650185414091471,0.026551297898640296,0.0,0.0,0.0,0.0,0.0
0.947001532604934,0.026499233697533,0.026499233697533,0.0,0.0,0.0,0.0,0.0
0.9470041526596796,0.026497923670160173,0.026497923670160173,0.0,0.0,0.0,0.0,0.0
0.947009391992091,0.02649530400395452,0.02649530400395452,0.0,0.0,0.0,0.0,0.0
0.9470146302886516,0.02649268485567418,0.02649268485567418,0.0,0.0,0.0,0.0,0.0
0.9469704457843234,0.02653948799051102,0.026490066225165563,0.0,0.0,0.0,0.0,0.0
0.9469262700138368,0.026536864993081638,0.026536864993081638,0.0,0.0,0.0,0.0,0.0
0.9468821029746022,0.026583654511315346,0.02653424251408242,0.0,0.0,0.0,0.0,0.0
0.9468899757917099,0.026579714440986116,0.026530309767303986,0.0,0.0,0.0,0.0,0.0
0.9467964234550215,0.026675887961270562,0.026527688583707947,0.0,0.0,0.0,0.0,0.0
0.946752284514695,0.026673252654976536,0.026574462830328476,0.0,0.0,0.0,0.0,0.0
0.9466613986566574,0.026669300671671278,0.026669300671671278,0.0,0.0,0.0,0.0,0.0
0.9465679012345679,0.026765432098765432,0.02666666666666667,0.0,0.0,0.0,0.0,0.0
0.9458899037274747,0.02730190076524315,0.026758824981486053,4.937052579609973e-05,0.0,0.0,0.0,0.0
0.9445623735005183,0.028582712148886805,0.026805548699215087,4.936565137976995e-05,0.0,0.0,0.0,0.0
0.9431857446073351,0.029616466755516067,0.02714842785922306,4.936077792586011e-05,0.0,0.0,0.0,0.0
0.9412171166280046,0.03069937318000099,0.02803415428656039,4.935590543408519e-05,0.0,0.0,0.0,0.0
0.9392488772639787,0.03183141686818339,0.02887035483393377,4.935103390416029e-05,0.0,0.0,0.0,0.0
0.9369849494201826,0.03296323710831483,0.03000246730816679,4.934616333580064e-05,0.0,0.0,0.0,0.0
0.9350732645912477,0.03374611475652474,0.031081947802062262,9.867285016527702e-05,0.0,0.0,0.0,0.0
0.9324224337789178,0.03497262368667686,0.0324569624623884,0.00014798007201696837,0.0,0.0,0.0,0.0
0.9302589395807644,0.03585696670776819,0.03373612823674476,0.00014796547472256474,0.0,0.0,0.0,0.0
0.9281522757532422,0.03693476009665171,0.034715715765077176,0.00019724838502884758,0.0,0.0,0.0,0.0
0.9261377644100389,0.03796656969577437,0.035698436960702136,0.0001972289334845422,0.0,0.0,0.0,0.0
0.9234827195188089,0.03978701375536163,0.03653305724005325,0.00019720948577626584,0.0,0.0,0.0,0.0
0.9205222961320523,0.04138950480413895,0.03764474008376448,0.0004434589800443459,0.0,0.0,0.0,0.0
0.9175410078321264,0.04305206640066992,0.03886508053790454,0.0005418452292990493,0.0,0.0,0.0,0.0
0.9147176128809887,0.04421684967255896,0.04037618789699148,0.0006893495494608301,0.0,0.0,0.0,0.0
0.9120846665025844,0.04533595865124292,0.04179177947329559,0.0007875953728771843,0.0,0.0,0.0,0.0
0.9089611731706116,0.04694650853796565,0.04320653511146105,0.000885783179961616,0.0,0.0,0.0,0.0
0.9061254612546126,0.04836408364083641,0.04457564575645757,0.0009348093480934809,0.0,0.0,0.0,0.0
0.9035463085927893,0.049825389798829375,0.045595396193005754,0.001032905415375535,0.0,0.0,0.0,0.0
0.9007325827228477,0.051379123850730124,0.04670829440975466,0.0011799990166674861,0.0,0.0,0.0,0.0
0.8988349800914319,0.05220468957380917,0.04773140638057317,0.001228923954185715,0.0,0.0,0.0,0.0
0.8974686655197838,0.052445318260014744,0.04885721307446547,0.001228803145736053,0.0,0.0,0.0,0.0
0.8965991743660311,0.05248673088264203,0.04968547277373698,0.001228621977589935,0.0,0.0,0.0,0.0
0.895970515970516,0.052923832923832924,0.049877149877149876,0.0012285012285012285,0.0,0.0,0.0,0.0
0.8954453888861593,0.05335822728836044,0.049968063676116545,0.0012283201493637301,0.0,0.0,0.0,0.0
0.8949695421497347,0.05359599135390057,0.050206327372764786,0.0012281391235999214,0.0,0.0,0.0,0.0
0.8943904116317909,0.05383632969839866,0.050545240200412615,0.0012280184693977798,0.0,0.0,0.0,0.0
0.8937131630648331,0.05417485265225933,0.05088408644400786,0.0012278978388998035,0.0,0.0,0.0,0.0
0.8926975396552571,0.05455974070618278,0.05151500270097726,0.001227716937582871,0.0,0.0,0.0,0.0
0.8917260004910386,0.055192732629511417,0.05185367051313528,0.0012275963663147557,0.0,0.0,0.0,0.0
0.8912018853102907,0.0553318931657502,0.05223880597014925,0.0012274155538098978,0.0,0.0,0.0,0.0
0.890285209366256,0.056010996023759266,0.05247655981542389,0.0012272347945608954,0.0,0.0,0.0,0.0
0.8893633730918372,0.05634908948117607,0.05306042310901683,0.001227114317969862,0.0,0.0,0.0,0.0
0.8881963190184049,0.057030674846625766,0.05354601226993865,0.001226993865030675,0.0,0.0,0.0,0.0
0.8869859652566493,0.05775836686622828,0.054028854647168514,0.001226813229953872,0.0,0.0,0.0,0.0
0.8854759568204121,0.05873405299313052,0.05456329735034347,0.0012266928361138372,0.0,0.0,0.0,0.0
0.8834756157393778,0.05970954764007458,0.05558826415464626,0.0012265724659012854,0.0,0.0,0.0,0.0
0.8819171899529042,0.060979199372056515,0.055877158555729986,0.0012264521193092622,0.0,0.0,0.0,0.0
0.8799666437751398,0.06215049543804572,0.056656528990483665,0.0012263317963308153,0.0,0.0,0.0,0.0
0.8782126741220325,0.06312536786344909,0.057435746517559345,0.0012262114969589955,0.0,0.0,0.0,0.0
0.876446362031771,0.06403216316924887,0.0581486565993332,0.0013728181996469895,0.0,0.0,0.0,0.0
0.8739586396157992,0.06517690875232775,0.05929628540625306,0.0015681662256199157,0.0,0.0,0.0,0.0
0.8717421124828533,0.06623554771702919,0.06035665294924554,0.001665686850872036,0.0,0.0,0.0,0.0
0.8695141065830722,0.06739811912225706,0.06137343260188088,0.0017143416927899687,0.0,0.0,0.0,0.0
0.8677147614849643,0.06807718679596435,0.0624938779508277,0.0017141737682437065,0.0,0.0,0.0,0.0
0.8658441049745398,0.06879161770466119,0.06355268311790051,0.0018115942028985507,0.0,0.0,0.0,0.0
0.8640591345212454,0.06951243391423537,0.06456823967103975,0.001860191893479538,0.0,0.0,0.0,0.0
0.8625685199686766,0.07008613938919342,0.06543657008613939,0.001908770555990603,0.0,0.0,0.0,0.0
0.8607712635803073,0.07091122638739356,0.06640892629930507,0.0019085837329940296,0.0,0.0,0.0,0.0
0.8588413739113416,0.07163127507583912,0.06757021234954497,0.001957138663274293,0.0,0.0,0.0,0.0
0.8573874755381604,0.07235812133072407,0.06829745596868884,0.0019569471624266144,0.0,0.0,0.0,0.0
0.8558153183996869,0.07311943656460922,0.0690110535067984,0.0020541915289054094,0.0,0.0,0.0,0.0
0.8545089984350548,0.07379694835680752,0.06964006259780908,0.0020539906103286387,0.0,0.0,0.0,0.0
0.8537551339722277,0.0744181498141991,0.06972423234891453,0.002102483864658713,0.0,0.0,0.0,0.0
0.8526938496137675,0.07499755549036863,0.07020631661288745,0.0021022782829764348,0.0,0.0,0.0,0.0
0.8516816581931952,0.07587016034415331,0.07034610872115761,0.0021020727414939383,0.0,0.0,0.0,0.0
0.8511095903802913,0.07615602698210969,0.07063251539739955,0.002101867240199433,0.0,0.0,0.0,0.0
0.8503152030494062,0.07677271172359869,0.07071299418462591,0.0021502223525387285,4.8868689830425645e-05,0.0,0.0,0.0
0.8495553601094498,0.07715235023942148,0.07104465943516075,0.0021499071630997754,9.77230528681716e-05,0.0,0.0,0.0
0.8489496824621398,0.07743038593063019,0.07127503663898388,0.0021494870542256963,0.00019540791402051784,0.0,0.0,0.0
0.8488400488400488,0.07755799755799755,0.07115995115995116,0.002197802197802198,0.0002442002442002442,0.0,0.0,0.0
0.8490308090425273,0.07694936770665495,0.07143205898149504,0.0022459840828084566,0.00034178018651433037,0.0,0.0,0.0
0.848872400663868,0.0768817729180904,0.07151225226984281,0.0022454359074489897,0.00048813824074978035,0.0,0.0,0.0
0.8508467958416711,0.07652886914929963,0.06979354775733321,0.0022451071306554735,0.0005856801210405583,0.0,0.0,0.0
0.852103054552552,0.0762174294915585,0.06880062457304577,0.002293354152434859,0.0005855372304089002,0.0,0.0,0.0
0.85300287847002,0.07605991120651803,0.06800995267600136,0.0022930184905108064,0.0005854515294921208,4.878762745767673e-05,0.0,0.0
0.8535895435037066,0.07613148653921187,0.06715762777994537,0.0022922356613343737,0.0007803355442840422,4.8770971517752635e-05,0.0,0.0
0.8535218133073361,0.07633438947111869,0.06663417011942481,0.0023397514014136,0.0011211308798440166,4.874482086278333e-05,0.0,0.0
0.8539342265529841,0.0761510353227771,0.06611449451887942,0.002387332521315469,0.001364190012180268,4.8721071863581e-05,0.0,0.0
0.8545472258755906,0.07594135125919431,0.0656144965658337,0.002386867358371085,0.001412635783525744,9.742315748453407e-05,0.0,0.0
0.8560229817898529,0.0736196319018405,0.06621871652546499,0.0024345116369656247,0.0015093972149186872,0.00014607069821793748,4.869023273931249e-05,0.0
0.8587004137259674,0.07028474081284984,0.0666828912144074,0.0024823558043319542,0.001654903869554636,0.00014602092966658554,4.867364322219518e-05,0.0
0.8620773534419849,0.06888834833373875,0.06431525176356118,0.0024811481391388956,0.001994648504013622,0.00019459985405010947,4.864996351252737e-05,0.0
0.864931906614786,0.06809338521400778,0.06206225680933852,0.0024319066147859923,0.0022373540856031127,0.0001945525291828794,4.863813229571985e-05,0.0
0.8649358226371062,0.06787242318164138,0.06203811746402178,0.0024795799299883316,0.0024309607156748347,0.00019447685725398678,4.8619214313496694e-05,0.0
0.8642395372575706,0.06800174986632966,0.06246050648908764,0.0024789773003451123,0.002527584698391095,0.00024303699022991298,4.86073980459826e-05,0.0
0.8634110787172011,0.06807580174927114,0.063022351797862,0.0025267249757045676,0.002672497570456754,0.00024295432458697764,4.859086491739553e-05,0.0
0.8618897255282973,0.06864221520524653,0.0638814670876852,0.0025746903084770466,0.002720427495749332,0.00024289531212047608,4.8579062424095214e-05,0.0
0.8607644116361517,0.06930212228643583,0.0642513719586227,0.0026710698849011704,0.0027196347918993736,0.00024282453499101548,4.8564906998203096e-05,0.0
0.8596610498713155,0.07007235468363036,0.06458505317340844,0.002670810469577041,0.0027193706599329868,0.00024280095177973098,4.85601903559462e-05,0.0
0.8587521243020151,0.07064821558630735,0.06491866957999515,0.002670551104637048,0.0027191065792668122,0.00024277737314882253,4.8555474629764505e-05,0.0
0.8566713585400184,0.07183419890307237,0.06567004805125468,0.0028151240110663497,0.002718050769305441,0.00024268310440227152,4.8536620880454306e-05,0.0
0.8554859999029456,0.0725481632454991,0.06609404571262192,0.0028631047702237103,0.002717523171737759,0.00024263599747658562,4.852719949531713e-05,0.0
0.8541899170265418,0.07317191518268717,0.06676694647969333,0.002862826920277549,0.0027172594497549612,0.0002426124508709787,4.852249017419574e-05,0.0
0.853386376867844,0.07369493498932661,0.06699980593828837,0.002862410246458374,0.0027653793906462255,0.00024257713953037066,4.851542790607413e-05,0.0
0.8524860538442881,0.07431481930633034,0.06723259762308999,0.0028619936939122,0.0028134853262187726,0.00024254183846713557,4.8508367693427115e-05,0.0
0.8517314967504123,0.07483752061305655,0.06741682025414686,0.0028615772625860897,0.0028615772625860897,0.00024250654767678728,4.850130953535746e-05,0.0
0.850700674004752,0.07525578237889735,0.06788537070261359,0.002860883479610144,0.0030063521311157445,0.00024244775250933424,4.8489550501866846e-05,0.0
0.8499733307472239,0.07564369878291229,0.06827328710662853,0.002812393929108277,0.0030063521311157445,0.00024244775250933424,4.8489550501866846e-05,0.0
0.8484452194129614,0.07618909231812458,0.06824566501985857,0.0028092608737770026,0.003874842584520004,0.00038748425845200037,4.8435532306500046e-05,0.0
0.8470207003288838,0.07656219771716,0.06804991294254208,0.002901915264074289,0.005029986457728767,0.0003869220352099052,4.836525440123815e-05,0.0
0.8458826370441922,0.07626177251871528,0.06819608790147308,0.0028978507606858247,0.006133784110118329,0.0004829751267809708,0.00014489253803429123,0.0
0.8447402691361597,0.0761105484010997,0.06820045338349491,0.002845704914870014,0.007283075290599527,0.0005787874403125452,0.0002411614334635605,0.0
0.8443523515805705,0.07599267540478026,0.0678970701619121,0.002843099460292984,0.007951040863531225,0.0005782575173477255,0.00038550501156515033,0.0
0.8444712117562033,0.07588532883642496,0.06779089376053962,0.002842688508793062,0.008046253914719345,0.0005781739339918092,0.0003854492893278728,0.0
0.8451274146153476,0.07524447227708464,0.06763331567031167,0.002842140758225348,0.00814104725661159,0.0006262344043547377,0.000385375018064454,0.0
0.8458166754973268,0.07528539087712538,0.06680795722749386,0.0027455324888011174,0.008236597466403352,0.0006743413130388709,0.00043350512981070276,0.0
0.8461834818203708,0.07531904647242957,0.06631350830724778,0.0027450036118468577,0.008331326751745726,0.0006742114134360703,0.00043342162292318804,0.0
0.8469908521906596,0.07486759749638902,0.06586422725084257,0.0027924891670678864,0.00837746750120366,0.0006740491092922485,0.00043331728454501685,0.0
0.8478532922603004,0.07417212167886023,0.0655082787832114,0.002791682710820177,0.008567577974586061,0.0006738544474393531,0.0004331921447824413,0.0
0.8480342620663106,0.07400991290120783,0.06534815456426543,0.0027910110196814396,0.00870987921659208,0.0006736923150955199,0.00043308791684711995,0.0
0.8479295916895109,0.07358245563410763,0.06564709277160583,0.0029817727119703747,0.008752945702880778,0.0006733035156062136,0.0004328379743182802,0.0
0.848983124188663,0.07288811962113563,0.06514736285398337,0.0029809125438723014,0.008894658397038319,0.0006731092841001971,0.00043271311120726956,0.0
0.8495890015863097,0.07234533480747969,0.06499062635196846,0.0029322693842234295,0.008941018122386195,0.0007210498485795318,0.0004806998990530212,0.0
0.8493729880363234,0.07269495027146496,0.06462307211838754,0.0030269543074040264,0.00908086292221208,0.0007207034065247682,0.0004804689376831788,0.0
0.8496612693989334,0.07211838754624514,0.06491135348099746,0.002882813626099073,0.009225003603517032,0.0007207034065247682,0.0004804689376831788,0.0
0.8498150905335959,0.0717544786513616,0.06488641275635176,0.0029297344027664376,0.00941357283511839,0.0007204264924835503,0.00048028432832236684,0.0
0.8502738015179172,0.07171678355269478,0.06455951580363148,0.0027860505331924294,0.00946296474205015,0.000720530310308387,0.0004803535402055913,0.0
0.8503025645951398,0.07141484967822495,0.06473921813466525,0.002785515320334262,0.009557199116319278,0.0007203918931898953,0.00048026126212659685,0.0
0.8497983870967742,0.07123655913978495,0.06514016897081414,0.002880184331797235,0.009744623655913979,0.0007200460829493088,0.00048003072196620584,0.0
0.8499568013823557,0.07060574061630027,0.06561390035518863,0.002879907842949026,0.009743688201977537,0.0007199769607372565,0.00047998464049150427,0.0
0.8498560460652591,0.07087332053742802,0.06521113243761996,0.0028310940499040307,0.00993282149712092,0.0008157389635316699,0.0004798464491362764,0.0
0.849090996306423,0.07132920803952607,0.06514126732863242,0.002686237827984842,0.010409171583441262,0.0008634335875665563,0.0004796853264258646,0.0
0.848377354872729,0.07132927472316763,0.06528929581515747,0.0026844350702267387,0.01097742198360577,0.0008628541297157375,0.0004793634053976319,0.0
0.8480636503067485,0.07127108895705521,0.06561541411042945,0.0026840490797546013,0.01102377300613497,0.0008627300613496933,0.00047929447852760736,0.0
0.8466586826347305,0.0715688622754491,0.06634730538922155,0.0027305389221556884,0.011353293413173652,0.0008622754491017964,0.00047904191616766467,0.0
0.8458333333333333,0.07193486590038314,0.06661877394636015,0.0026819923371647508,0.011542145593869731,0.0009099616858237548,0.0004789272030651341,0.0
0.8449901862224137,0.07243046579539471,0.06668581550098138,0.0027287088898463306,0.011776533103547322,0.0009095696299487769,0.0004787208578677773,0.0
0.8440999138673557,0.07292563881711168,0.06675279931093885,0.0027275337352856734,0.012106421667145182,0.0009091779117618911,0.0004785146904009953,0.0
0.8436454049918715,0.07277421822702496,0.0667017308979631,0.0027254470689490294,0.012670938127570048,0.001004112078033853,0.000478148608587549,0.0
0.8431569386681964,0.07285243080453177,0.06692480520101343,0.0026769922080405375,0.012906926717338304,0.0010038720780152016,0.00047803432286438167,0.0
0.8426483233018057,0.07260915257475876,0.06706792777300086,0.0026750740422279546,0.01347090856979077,0.001050921945160982,0.0004776917932549919,0.0
0.8418038654259127,0.07263183011214508,0.06709615843474111,0.0027678358387019804,0.014173228346456693,0.0010498687664041995,0.0004772130756382725,0.0
0.841726275631855,0.07248450166905103,0.06685741535526943,0.002861230329041488,0.014449213161659513,0.0010491177873152122,0.0005722460658082976,0.0
0.8414128414128415,0.0722627389294056,0.06701940035273368,0.002812336145669479,0.01482434815768149,0.001048667715334382,0.000619667286333953,0.0
0.8408820307663,0.07248654569700433,0.0665809401343049,0.00280992522741344,0.015478401676429967,0.0010953945801781208,0.0006667619183692909,0.0
0.8411005855191127,0.07226162707668872,0.06621602323035179,0.002808587613652592,0.015804255724282384,0.0010948731375255867,0.0007140476983862522,0.0
0.8410463733650416,0.07215219976218787,0.06568370986920333,0.002853745541022592,0.016409036860879904,0.0011414982164090369,0.000713436385255648,0.0
0.8406671735411518,0.07184945827789394,0.06562440600646265,0.0028986884622695303,0.01701197490971298,0.0011879870747006274,0.0007603117278084015,0.0
0.8404806002754428,0.07147266942109512,0.06572636177993066,0.002896898893479603,0.01747637365246711,0.0011872536448686898,0.0007598423327159615,0.0
0.8409835287416338,0.07077419661081312,0.06545782503441401,0.0028005885982816726,0.017942754070346987,0.0012341576873783643,0.0008069492571320074,0.0
0.8410212604403948,0.07052012148823082,0.06548974943052392,0.0027524677296886864,0.01817577828397874,0.0012338648443432042,0.0008067577828397874,0.0
0.8413383958234456,0.07047935453251068,0.06525866160417655,0.0026578073089701,0.018224964404366398,0.0012339819648789748,0.0008068343616516374,0.0
0.8411237128078584,0.07046932093199829,0.06543918758601054,0.0026574289375029658,0.01826982394533289,0.0012338062924120913,0.000806719498884829,0.0
0.8413112576497936,0.07011717823426158,0.06542056074766354,0.0027041130983443237,0.018406945301010485,0.0012334550974903932,0.0008064898714360264,0.0
0.8420228663598842,0.0695953318468618,0.06523079842497272,0.002609231936998909,0.0185018264623559,0.0012334550974903932,0.0008064898714360264,0.0
0.8427568541884072,0.06934825917844607,0.06465231002751162,0.0025614268096006074,0.01859406128450811,0.0012807134048003037,0.0008063751067261171,0.0
0.8426044482382511,0.0692843932280552,0.06468440271257173,0.0025133968795940627,0.018826765305638545,0.0012804097311139564,0.000806183904775454,0.0
0.8420952832424745,0.06954254562692581,0.06480208580232283,0.0026072529035316427,0.018867030101919886,0.0012799241526428064,0.0008058781701825077,0.0
0.8422274881516588,0.06914691943127962,0.06497630331753554,0.002654028436018957,0.018909952606635073,0.0012796208530805686,0.0008056872037914692,0.0
0.8418084450973887,0.06928581583811194,0.06530496185014928,0.0026539026586417705,0.01881427420501398,0.0013269513293208853,0.0008056490213733947,0.0
0.8412525463072623,0.06921218437633236,0.06570657065706571,0.002652896868634232,0.018996636505755837,0.0013738215926855843,0.0008053436922639632,0.0
0.8413299862643868,0.06938852839482783,0.06540993700563634,0.0026523942594609954,0.019040401648273576,0.0013735613129351584,0.0008051911144792308,0.0
0.840814393939394,0.0693655303030303,0.06571969696969697,0.0026515151515151517,0.019223484848484847,0.0014204545454545455,0.0008049242424242424,0.0
0.8407670454545455,0.06927083333333334,0.0659090909090909,0.0026041666666666665,0.019223484848484847,0.0014204545454545455,0.0008049242424242424,0.0
0.8403862539051405,0.06944049985799489,0.06603237716557796,0.002698097131496734,0.019170690144845213,0.0014200511218403862,0.0008520306731042318,0.0
0.8401154537711744,0.06946153118198165,0.0659600643512823,0.0026497586826913977,0.01954197028484906,0.0014195135800132489,0.0008517081480079493,0.0
0.8394758007285802,0.06997208686190093,0.06604532336660832,0.0026493825992335717,0.01958650707290533,0.0014193121067322704,0.0008515872640393622,0.0
0.8389217309056515,0.0699456136202412,0.06635138330574604,0.0026483802317332703,0.019815559233861434,0.0014187751241428233,0.0008985575786237881,0.0
0.8388484447385837,0.07010494469131133,0.06608679209605749,0.0027890706249409096,0.01975985629195424,0.001465443887680817,0.0009454476694714947,0.0
0.8382158382158382,0.07068607068607069,0.06581931581931581,0.002835002835002835,0.020034020034020033,0.0014647514647514648,0.000945000945000945,0.0
0.8387279686244862,0.07045314936445683,0.06558616453243869,0.0027406322355053633,0.02008221896706516,0.001464820677597694,0.0009450455984501252,0.0
0.8383637995371026,0.07047376127721884,0.06560861555901941,0.0026923621935666716,0.02035803693731992,0.001558736006801757,0.0009446884889707619,0.0
0.8386243386243386,0.07034202569916856,0.06571239606953892,0.0026927437641723357,0.020219198790627363,0.0015117157974300832,0.0008975812547241119,0.0
0.8381429178670949,0.07056156425636424,0.0658385679875313,0.00269210787323478,0.020261653993293344,0.0015585887687148726,0.0009445992537665895,0.0
0.8375660876132931,0.07080815709969789,0.06580438066465256,0.002737915407854985,0.02058157099697885,0.0015577794561933535,0.0009441087613293052,0.0
0.8369503679939612,0.0712870352896773,0.06543687488205321,0.0026891866389884885,0.021088884695225515,0.001604076240800151,0.0009435742592942064,0.0
0.8370436751249882,0.07098386944627866,0.06541835675879634,0.0026412602584661824,0.021365908876521084,0.0016036222997830394,0.0009433072351664937,0.0
0.8365624852684674,0.07127704709376326,0.0652430113609579,0.002687031537264885,0.021684815914769246,0.0016027907415264225,0.0009428180832508368,0.0
0.8365067395607503,0.07121312093505514,0.0652276369120558,0.0026863983410312,0.021821095296446415,0.0016024130455273824,0.0009425959091337543,0.0
0.8366481289471204,0.07107173154868508,0.06527476670751249,0.0026392685455745124,0.021821095296446415,0.0015552832500706946,0.000989725704590442,0.0
0.8376048242721191,0.07052671252237822,0.06454348440591727,0.0025911617827193067,0.0221426552341468,0.0016018091020446623,0.0009893526806746442,0.0
0.8362771419151241,0.07135792002260845,0.06490509161132306,0.0025905515519758842,0.022278743346992605,0.0015543309311855306,0.0010362206207903538,0.0
0.8361898483849703,0.07124022977681514,0.06493078444297956,0.0026367831245880024,0.02241265655899802,0.0015538186269893586,0.0010358790846595725,0.0
0.8351374246987951,0.07144201807228916,0.06555911144578314,0.002776731927710843,0.02240210843373494,0.0016001506024096385,0.0010824548192771084,0.0
0.8347682898141614,0.07132439426017408,0.06586685485768054,0.0028228652081863093,0.022582921665490474,0.00155257586450247,0.0010820983298047517,0.0
0.8345875270435519,0.07139497695419057,0.06575110525820713,0.0028219358479917222,0.022716583576333365,0.0015520647163954472,0.0011758066033298843,0.0
0.8350340935810017,0.07147895603103692,0.0651775217493534,0.0028215377380672465,0.022713378791441335,0.0015518457559369856,0.0012226663531624735,0.0
0.8355114704776232,0.07103234298608499,0.06506205340353516,0.0029146295599849566,0.02270590447536668,0.00155133508837909,0.0012222640090259495,0.0
0.8352609308885754,0.07122708039492243,0.06530324400564175,0.002914903620122238,0.022519981194170192,0.0015514809590973203,0.001222378937470616,0.0
0.835738799304217,0.07108269474871891,0.06506511212448875,0.00291476658361149,0.022424897748107752,0.0015514080203093414,0.0012223214705467539,0.0
0.8360609480812641,0.07110609480812641,0.06508653122648608,0.00286869826937547,0.02210308502633559,0.0015519187358916478,0.0012227238525206923,0.0
0.836720293536551,0.07098504092576913,0.06486969611440399,0.0027754257220810987,0.021874117979113747,0.0015523567598080723,0.0012230689622730266,0.0
0.8371349292197714,0.0707802285660537,0.0645252316230071,0.0027747730799981187,0.022057094483374878,0.00159902177491417,0.0011287212528805907,0.0
0.8376776136256705,0.07062200056459961,0.06464665474734167,0.00277594805683636,0.02154888491578056,0.001599698880210784,0.0011291992095605534,0.0
0.8378327532687424,0.07036026714326028,0.06452826639074405,0.0028219358479917222,0.02172890602953626,0.0015990969805286426,0.0011287743391966889,0.0
0.837353646494569,0.07043776743311234,0.06493628626510556,0.002915314806977947,0.0216297550195138,0.0015987210231814548,0.0011285089575398504,0.0
0.8366320342250012,0.07065958347045273,0.06539419867425132,0.002961778947863288,0.021578675191575386,0.0015984203845611396,0.0011753091062949555,0.0
0.8367807446408424,0.07079729221511846,0.06515607371192178,0.0029616397141782624,0.021530650620534036,0.00155133508837909,0.0012222640090259495,0.0
0.8366483283961066,0.0709550007053181,0.06540649833074717,0.002915314806977947,0.02125358536700052,0.0015987210231814548,0.0012225513706681714,0.0
0.8367653972731547,0.07056887635166902,0.06563234602726846,0.002914903620122238,0.021250587682181476,0.0015984955336154209,0.0012693935119887166,0.0
0.8373066252880049,0.07029670381341985,0.06554756195043965,0.0028682936004137865,0.021300606573564678,0.0014576574034889736,0.0012225513706681714,0.0
0.83762050317423,0.07039736656477781,0.06527157300728897,0.0028215377380672465,0.021302609922407713,0.0014107688690336232,0.0011756407241946861,0.0
0.8379738500611419,0.07078355752045903,0.06471639544727684,0.002774903583858527,0.021258583388204307,0.0013639356598626657,0.0011287743391966889,0.0
0.8382560436459411,0.07083058978459222,0.06448123412661086,0.002774903583858527,0.021164518859937916,0.0013639356598626657,0.0011287743391966889,0.0
0.8382864666603969,0.0705821499106555,0.06461017586758205,0.002774381642057745,0.02130160820088404,0.0013166556945358788,0.0011285620238878963,0.0
0.8379331421317411,0.07061921105834783,0.06493018007428653,0.0028210070995345338,0.021345620386477974,0.0013164699797827825,0.001034369269829329,0.0
0.8373207990599295,0.07055229142185664,0.06538190364277321,0.002773207990599295,0.021574618096357228,0.0013160987074030553,0.001081081081081081,0.0
0.8372497415170599,0.07054234420528245,0.06537268540276342,0.002725820095873672,0.021712566970579942,0.0013159131497321177,0.0010809286587085253,0.0
0.8368957579743506,0.07065345046272373,0.06534504627237281,0.0027716446657584442,0.021891295156668388,0.001362333818762625,0.0010804716493634612,0.0
0.8367615290692214,0.07086503240349394,0.06513571898187283,0.002864656710810557,0.02197802197802198,0.0013618859772705928,0.0010331548793087255,0.0
0.8367212806910473,0.07112342143561336,0.06473874465987513,0.0029106614712924275,0.022064691798507112,0.0013614384301206515,0.001079761513543965,0.0
0.837660203746303,0.07070090606074832,0.06431622928501009,0.0029106614712924275,0.02201774564574433,0.0013614384301206515,0.001032815360781184,0.0
0.8382856874618598,0.07003708397878233,0.06431019105290335,0.0028634464629394923,0.022109562033516408,0.001314368868234521,0.0010796601417640708,0.0
0.838379570952448,0.0701779092146646,0.0640754823264329,0.002769562972351312,0.022109562033516408,0.001361310613528611,0.0011266018870581607,0.0
0.8386612214242125,0.07027179270525279,0.06379383185466836,0.002769562972351312,0.022062620288222316,0.001361310613528611,0.0010796601417640708,0.0
0.8386460729543214,0.07018449838035773,0.06398760621567062,0.002675930707478522,0.022064691798507112,0.0013614384301206515,0.001079761513543965,0.0
0.8386067035959065,0.07041592338747535,0.06384377053797766,0.0026758050887240635,0.022016712045817295,0.0013613745188245235,0.001079710825274622,0.0
0.8385203961883303,0.07050650143172323,0.06384077359996244,0.002628737736469042,0.022015678542928227,0.001408252358822701,0.0010796601417640708,0.0
0.8386778722005728,0.0705666932719846,0.06375886191839993,0.002488379736137847,0.02187896145358937,0.0014554673928353443,0.0011737640264801164,0.0
0.8396957317932103,0.06982204066300418,0.06362398459876978,0.0024416584495468847,0.02174015119500399,0.001455604075691412,0.0012208292247734424,0.0
0.8395212391457404,0.0697019478995541,0.0636939685519831,0.002487678948603614,0.021825862473597746,0.0015489321755456466,0.001220370804975358,0.0
0.8393561103810775,0.06950441148864277,0.06406044678055191,0.0025342594330767785,0.021822789562605593,0.0014548526375070395,0.0012671297165383893,0.0
0.8390820779952133,0.06982964944389694,0.06410436904594304,0.0025810690318644703,0.02168097986766155,0.0014547843634145196,0.0012670702520061945,0.0
0.8384160645585061,0.06995402083137843,0.06451158862719339,0.0025804635450877357,0.02176972881674017,0.0014544430890494511,0.0013136905320446654,0.0
0.8390518657592114,0.0698427599155128,0.06444496597042948,0.0025346162872565124,0.021403426425721662,0.0014081201595869514,0.0013142454822811546,0.0
0.8389368895567243,0.07020097670924118,0.06461307287753569,0.002441773102930128,0.021130728775356874,0.0013617580766341097,0.001314800901577761,0.0
0.8386233449150154,0.07042914827683351,0.06479481641468683,0.002582402103483895,0.020893980655460605,0.001361630200018781,0.001314677434500892,0.0
0.8384265126977422,0.0706473266676055,0.06463878326996197,0.002581795991174952,0.020982960146458247,0.001408252358822701,0.001314368868234521,0.0
0.8392002252886511,0.07026189805688539,0.06425420069464001,0.0025814324603398104,0.02098000563221628,0.0014080540692762602,0.0013141837979911762,0.0
0.8389488503050211,0.07053026748005631,0.0641013608634444,0.0025340215861098074,0.021163772876583765,0.0014077897700610043,0.001313937118723604,0.0
0.8386037346345125,0.07051703105939758,0.0644177535891902,0.0025804635450877357,0.02111288355071784,0.0014544430890494511,0.0013136905320446654,0.0
0.8391910281075501,0.0702923372906011,0.06433297358171836,0.0025808268030594527,0.02097508329031955,0.0014077237107597016,0.0012200272159917412,0.0
0.8385326265421964,0.07074166158465074,0.06436177698550452,0.002580100389360604,0.021156823192756954,0.0013604165689355913,0.0012665947365952056,0.0
0.8390820779952133,0.07058050588953024,0.0644328687409076,0.002534140504012389,0.020742409310619925,0.0014078558355624384,0.0012201417241541133,0.0
0.8386582219094534,0.07070138400187662,0.06455547736335913,0.002533427163969036,0.020877316443818905,0.0014074595355383533,0.001266713581984518,0.0
0.8388065303058735,0.07060424094576843,0.0644117095139801,0.002392568962281854,0.0211109026083693,0.00140739350722462,0.001266654156502158,0.0
0.8383753107265137,0.07068148773509686,0.06463111486328034,0.002392007879555368,0.021152853993715116,0.0014070634585619812,0.0013601613432765818,0.0
0.8382180539273154,0.07080890973036343,0.06457209847596718,0.002391559202813599,0.021242672919109026,0.001406799531066823,0.0013599062133645954,0.0
0.8380925587283725,0.07103671402447602,0.06447226520373235,0.0023913349275566185,0.021146902986824215,0.0014066676044450696,0.0014535565245932386,0.0
0.8384132045390603,0.07118071837194036,0.064100159429804,0.002344555941104755,0.021147894588764888,0.0013598424458407578,0.001453624683484948,0.0
0.8385932004689332,0.07090269636576788,0.06429073856975381,0.002297772567409144,0.021055099648300116,0.001406799531066823,0.0014536928487690504,0.0
0.8387490036104468,0.07084915834388333,0.06419093168284334,0.0022975570872602806,0.021006236226379708,0.0014535565245932386,0.0014535565245932386,0.0
0.8392087005437839,0.07036377273579598,0.06408213013313332,0.002297018563660229,0.021141946371648228,0.0014532158259891244,0.0014532158259891244,0.0
0.839238845144357,0.07058492688413948,0.06369516310461193,0.0022497187851518562,0.021325459317585303,0.0014998125234345708,0.00140607424071991,0.0
0.8390831536514484,0.0704977969438455,0.06412299615637011,0.002249929689697197,0.021046217305709197,0.001546826661666823,0.001453079591262773,0.0
0.8393007779548224,0.07053144624613365,0.06387665198237885,0.002343237416815072,0.02094854250632674,0.0015465366950979473,0.0014528071984253445,0.0
0.8389409559512653,0.07066541705716964,0.06415182755388942,0.0023898781630740393,0.02089971883786317,0.001499531396438613,0.0014526710402999062,0.0
0.8394714647174585,0.07042451504076469,0.06381782400899634,0.002342798238215725,0.020991472214412894,0.0014993908724580639,0.0014525349076937495,0.0
0.838688524590164,0.07067915690866511,0.06407494145199064,0.00234192037470726,0.021217798594847775,0.0015456674473067916,0.0014519906323185012,0.0
0.8388350423748654,0.0706091679543007,0.06372617877042656,0.0022943297279580466,0.02153860560940207,0.0015451608371962354,0.001451514725851009,0.0
0.8389604308124561,0.0703816436431749,0.0640131116834465,0.0022945446031374384,0.02140014048232264,0.0014984781081713884,0.0014516506672910326,0.0
0.8388909704008992,0.070391532409142,0.06430310977894342,0.0022948669913825403,0.02107530910453353,0.0015455226676657924,0.0014986886474334957,0.0
0.8387187412194437,0.07057225812494146,0.06434391683057039,0.0022946520558209233,0.020979675938934156,0.0015453779151447036,0.0015453779151447036,0.0
0.8381402753066767,0.07065268283547149,0.0648000749133814,0.0023410431688360334,0.02092892592939414,0.0016387302181852233,0.0014982676280550613,0.0
0.8384680213503137,0.07037175765521116,0.0648000749133814,0.0022942223054593126,0.02088210506601742,0.0016387302181852233,0.001545088491431782,0.0
0.8379441089734588,0.07040209708374293,0.06515938772644292,0.0022468754388428594,0.021064457239151804,0.0015915367691803585,0.0015915367691803585,0.0
0.8381767981655669,0.06991436192615472,0.06532827928307361,0.0022930413215405494,0.02105854274884178,0.0015910898965791568,0.0016378866582432495,0.0
0.8382387347339854,0.070001403771466,0.06518178840484769,0.0022928267278087126,0.021103364372280192,0.0015909409948060456,0.0015909409948060456,0.0
0.8378327796752912,0.07032236934450008,0.06526926496046413,0.0023394001777944135,0.02110138960370561,0.001544004117344313,0.0015907921209002013,0.0
0.8379491017964071,0.07012537425149701,0.06530688622754491,0.002339071856287425,0.021098428143712575,0.001590568862275449,0.001590568862275449,0.0
0.8385029239766082,0.06970760233918129,0.06530994152046783,0.0022923976608187134,0.021005847953216375,0.0015906432748538013,0.0015906432748538013,0.0
0.8381575870937573,0.07000233808744447,0.06504559270516717,0.0022913256955810145,0.021370119242459667,0.0015898994622398877,0.0015431377133504794,0.0
0.8378138295385479,0.06994249380522699,0.06531394642105755,0.0022441441862639674,0.02150638178502969,0.0016363551358174763,0.0015428491280564775,0.0
0.8382407926715274,0.06959244718638997,0.06505888951205833,0.002336885399140026,0.02168629650401944,0.0015423443634324174,0.0015423443634324174,0.0
0.8384338644115311,0.06924262953791524,0.06494416670560202,0.0023361211045180583,0.021912815960379386,0.0015418399289819184,0.0015885623510722795,0.0
0.8384338644115311,0.06910246227164417,0.06517777881605383,0.0023361211045180583,0.021819371116198662,0.0015418399289819184,0.0015885623510722795,0.0
0.8381913303437967,0.06917974588938715,0.06525597907324365,0.002382286995515695,0.021860986547085202,0.0015881913303437967,0.0015414798206278026,0.0
0.8382771990470407,0.06922969122249731,0.06530574111272014,0.0023823982809361424,0.02167515298734059,0.001588265520624095,0.0015415518288410333,0.0
0.8386192722686721,0.0692232238778084,0.06497267504320613,0.002382175720491382,0.0216731281236863,0.0015881171469942547,0.0015414078191414826,0.0
0.8387111837497081,0.06939061405556853,0.06462759747840299,0.0024282045295353724,0.02171375204296054,0.0015409759514359094,0.0015876721923885127,0.0
0.8389506115208664,0.06922789655494352,0.06437307440948557,0.0024274110727289704,0.021846699654560733,0.0015871533937074037,0.0015871533937074037,0.0
0.8393315595388134,0.06917798627643187,0.06408999673248378,0.002427297764085329,0.02184567987676796,0.0015870793072865611,0.001540400504131074,0.0
0.8395724421209858,0.06889469753547424,0.06413368185212845,0.0023805078416728903,0.02179798356982823,0.0016803584764749813,0.0015403286034353996,0.0
0.8401474843647905,0.06860823298795855,0.06380098945206758,0.002333613366937366,0.02193596564921124,0.001633529356856156,0.0015401848221786615,0.0
0.8402408288994679,0.06851488845328106,0.06384766171940633,0.0022869410995986186,0.021982637916549985,0.001633529356856156,0.001493512554839914,0.0
0.8401157364196379,0.06846182564868397,0.06402837408997573,0.0022867276460705618,0.021980586148963973,0.0016333768900504014,0.0014933731566175099,0.0
0.8398730928941353,0.06849251154761349,0.06410675127140392,0.002286194186534783,0.0221154294779079,0.0016796528717398405,0.0014463677506648626,0.0
