,bt_pt-O,bt_pt-A,bt_pt-B,bt_pt-AB
0,1.0,0.0,0.0,0.0
1,1.0,0.0,0.0,0.0
2,1.0,0.0,0.0,0.0
3,1.0,0.0,0.0,0.0
4,1.0,0.0,0.0,0.0
5,1.0,0.0,0.0,0.0
6,1.0,0.0,0.0,0.0
7,1.0,0.0,0.0,0.0
8,1.0,0.0,0.0,0.0
9,1.0,0.0,0.0,0.0
10,1.0,0.0,0.0,0.0
11,1.0,0.0,0.0,0.0
12,1.0,0.0,0.0,0.0
13,1.0,0.0,0.0,0.0
14,1.0,0.0,0.0,0.0
15,1.0,0.0,0.0,0.0
16,1.0,0.0,0.0,0.0
17,1.0,0.0,0.0,0.0
18,1.0,0.0,0.0,0.0
19,1.0,0.0,0.0,0.0
20,1.0,0.0,0.0,0.0
21,1.0,0.0,0.0,0.0
22,1.0,0.0,0.0,0.0
23,1.0,0.0,0.0,0.0
24,1.0,0.0,0.0,0.0
25,1.0,0.0,0.0,0.0
26,1.0,0.0,0.0,0.0
27,1.0,0.0,0.0,0.0
28,1.0,0.0,0.0,0.0
29,1.0,0.0,0.0,0.0
30,1.0,0.0,0.0,0.0
31,1.0,0.0,0.0,0.0
32,1.0,0.0,0.0,0.0
33,1.0,0.0,0.0,0.0
34,1.0,0.0,0.0,0.0
35,1.0,0.0,0.0,0.0
36,1.0,0.0,0.0,0.0
37,1.0,0.0,0.0,0.0
38,1.0,0.0,0.0,0.0
39,1.0,0.0,0.0,0.0
40,1.0,0.0,0.0,0.0
41,1.0,0.0,0.0,0.0
42,1.0,0.0,0.0,0.0
43,1.0,0.0,0.0,0.0
44,1.0,0.0,0.0,0.0
45,1.0,0.0,0.0,0.0
46,1.0,0.0,0.0,0.0
47,1.0,0.0,0.0,0.0
48,1.0,0.0,0.0,0.0
49,1.0,0.0,0.0,0.0
50,1.0,0.0,0.0,0.0
51,1.0,0.0,0.0,0.0
52,1.0,0.0,0.0,0.0
53,1.0,0.0,0.0,0.0
54,1.0,0.0,0.0,0.0
55,1.0,0.0,0.0,0.0
56,1.0,0.0,0.0,0.0
57,1.0,0.0,0.0,0.0
58,1.0,0.0,0.0,0.0
59,1.0,0.0,0.0,0.0
60,1.0,0.0,0.0,0.0
61,1.0,0.0,0.0,0.0
62,1.0,0.0,0.0,0.0
63,1.0,0.0,0.0,0.0
64,1.0,0.0,0.0,0.0
65,1.0,0.0,0.0,0.0
66,1.0,0.0,0.0,0.0
67,1.0,0.0,0.0,0.0
68,1.0,0.0,0.0,0.0
69,1.0,0.0,0.0,0.0
70,1.0,0.0,0.0,0.0
71,1.0,0.0,0.0,0.0
72,1.0,0.0,0.0,0.0
73,1.0,0.0,0.0,0.0
74,1.0,0.0,0.0,0.0
75,1.0,0.0,0.0,0.0
76,1.0,0.0,0.0,0.0
77,1.0,0.0,0.0,0.0
78,1.0,0.0,0.0,0.0
79,1.0,0.0,0.0,0.0
80,1.0,0.0,0.0,0.0
81,1.0,0.0,0.0,0.0
82,1.0,0.0,0.0,0.0
83,1.0,0.0,0.0,0.0
84,1.0,0.0,0.0,0.0
85,1.0,0.0,0.0,0.0
86,1.0,0.0,0.0,0.0
87,1.0,0.0,0.0,0.0
88,1.0,0.0,0.0,0.0
89,1.0,0.0,0.0,0.0
90,1.0,0.0,0.0,0.0
91,1.0,0.0,0.0,0.0
92,1.0,0.0,0.0,0.0
93,1.0,0.0,0.0,0.0
94,1.0,0.0,0.0,0.0
95,1.0,0.0,0.0,0.0
96,1.0,0.0,0.0,0.0
97,1.0,0.0,0.0,0.0
98,1.0,0.0,0.0,0.0
99,1.0,0.0,0.0,0.0
100,0.9857850421000496,0.01421495789995047,0.0,0.0
101,0.9715729001584786,0.028427099841521395,0.0,0.0
102,0.9573635733386154,0.04263642666138457,0.0,0.0
103,0.9431570608041197,0.05684293919588037,0.0,0.0
104,0.9289533617189821,0.07104663828101793,0.0,0.0
105,0.9147524752475248,0.07103960396039603,0.014207920792079208,0.0
106,0.9006039006039006,0.07098307098307098,0.028413028413028413,0.0
107,0.8864086319540685,0.07097604434765394,0.04261532369827757,0.0
108,0.8722161734138375,0.07096901910323666,0.05681480748292586,0.0
109,0.8580760095011877,0.07096199524940618,0.07096199524940618,0.0
110,0.8582384957941613,0.07095497278574962,0.07080653142008907,0.0
111,0.8582030476944389,0.07104690283000198,0.07075004947555907,0.0
112,0.8580686652814881,0.07118828534678935,0.07074304937172257,0.0
113,0.8580827067669173,0.07123070834982193,0.07068658488326078,0.0
114,0.8579978237214363,0.07132258383618557,0.07067959244237808,0.0
115,0.8580118694362018,0.07141444114737883,0.07057368941641938,0.0
116,0.8580753634655326,0.07140737810305607,0.07051725843141134,0.0
117,0.8579480840543882,0.07149567367119901,0.07055624227441286,0.0
118,0.8578138132199535,0.07163692094724873,0.07054926583279775,0.0
119,0.8576301349547679,0.07172870631271937,0.07064115873251273,0.0
120,0.8569945625308947,0.07236777063766683,0.07063766683143846,0.0
121,0.8557659038109832,0.07355049181948495,0.0706836043695319,0.0
122,0.8540081051695166,0.0752199268557873,0.0707225462093506,4.942176534545814e-05
123,0.8520458588653884,0.07713975093892074,0.07076497331488436,4.94168808064835e-05
124,0.8489400602856154,0.08024904877205119,0.0707614765034343,4.94144388990463e-05
125,0.8455609900696606,0.08319747048070747,0.07114273010226767,9.880934736426066e-05
126,0.8410785717813225,0.08632525062966072,0.07234925181490444,0.0002469257741123018
127,0.8355130039974338,0.0892266692987218,0.07471746533089868,0.0005428613729457632
128,0.8297578537258964,0.09217339843172066,0.07723035952063914,0.0008383883217438477
129,0.8238454334861255,0.09453398393218,0.08053625117058505,0.001084331411109468
130,0.8176537192930635,0.0977206714911633,0.08300103382070595,0.0016245753950671984
131,0.8116483840818535,0.10084116287077574,0.08554282060111171,0.001967632446259039
132,0.8049607072691553,0.10417485265225933,0.0881630648330059,0.0027013752455795677
133,0.7985276073619632,0.10777914110429448,0.09065030674846626,0.0030429447852760735
134,0.7923371271585558,0.11165620094191522,0.09276883830455258,0.003237833594976452
135,0.7858963050083309,0.1148191708321082,0.09556012937371361,0.0037243947858473
136,0.778925215348473,0.11853954581049335,0.09822826938136257,0.004306969459671104
137,0.7716520039100684,0.12214076246334311,0.10127077223851418,0.004936461388074291
138,0.7641085725444249,0.12561023237648897,0.10481351298574497,0.0054676820933411445
139,0.7564615234565493,0.128986638057154,0.1086023602847947,0.005949478201501999
140,0.7497320471596999,0.1318815161258891,0.1120042872454448,0.006382149468966189
141,0.7429433521510609,0.13436830835117772,0.1158263577963792,0.00686198170138213
142,0.7376252066517553,0.13566079937761355,0.11946902654867257,0.007244967421958572
143,0.7324101068999028,0.13678328474246843,0.12327502429543245,0.007531584062196307
144,0.72821758135017,0.13720252549781448,0.1268576979116076,0.007722195240407965
145,0.7238298698776462,0.13813361817828704,0.13021946008933774,0.007817051854729074
146,0.721116504854369,0.1392233009708738,0.13179611650485437,0.007864077669902913
147,0.7181191770186336,0.14018827639751552,0.13368594720496896,0.008006599378881988
148,0.7154570153308752,0.14151950320201825,0.13496992043469824,0.008053561032408306
149,0.714174832638013,0.14257300863490832,0.13519937906277288,0.008052779664305811
150,0.7122902318362596,0.14395188670094092,0.1356581627703948,0.008099718692404695
151,0.7108632395732298,0.14466537342386032,0.13637245392822503,0.008098933074684771
152,0.7088061293763941,0.14610610028125304,0.13698962273300358,0.00809814760934924
153,0.7063215047508241,0.1474209811906147,0.13806476633701764,0.008192747721543533
154,0.703761147731679,0.14918573090345094,0.13881349360217138,0.008239627762698721
155,0.7008625702655553,0.15080441946113587,0.14004652064353557,0.008286489629773212
156,0.6982366049801376,0.15206859800406938,0.14131382617963376,0.008380970836159287
157,0.6946099084701438,0.15429318611070755,0.1425734902416582,0.008523415177490435
158,0.6903897361413701,0.15642701525054467,0.14456548051319293,0.008617768094892278
159,0.6871278501234448,0.15897758629036163,0.14527762985912765,0.008616933727065885
160,0.684230899501621,0.16054579764842503,0.14641699327430202,0.008806309575652005
161,0.6802244039270687,0.16322483919330658,0.14755525463074914,0.008995502248875561
162,0.675109972446464,0.16619132788707885,0.14951418765408228,0.009184512012374921
163,0.6704029374818823,0.16876026669243405,0.1514639095564789,0.009372886269204754
164,0.6657331852638695,0.17130993192023564,0.15334846216986142,0.00960842064603351
165,0.6608737629736906,0.17402848177649047,0.15544291576152547,0.009654839488293506
166,0.655717937587421,0.17633724014855545,0.15791250663193943,0.010032315632084118
167,0.6521299151888974,0.1782478797224364,0.1592135697764071,0.01040863531225906
168,0.6480473828670487,0.18076756392353252,0.16044686281119083,0.010738190398227957
169,0.6453491169818585,0.18237813387228718,0.16125306770607767,0.011019681439776718
170,0.6422080107707843,0.18406500937635237,0.16237918930614992,0.011347790546713468
171,0.6407384260372098,0.18523147925580502,0.16263641171097543,0.011393682996009808
172,0.6383459007732578,0.1863022909562461,0.16353681379376592,0.011814994476730224
173,0.635639191589458,0.18794104939753253,0.16441841486246458,0.01200134415054486
174,0.6337987620555635,0.18871455304447962,0.16529916990547477,0.012187514994482031
175,0.6325512211506166,0.189482270524447,0.16582697567295235,0.01213953265198407
176,0.631361826641723,0.19043507459106826,0.16597112294334918,0.012231975823859547
177,0.6292958826630878,0.1912955950726166,0.16685040502324688,0.012558117241048746
178,0.628444103694475,0.191863529637261,0.16704202405481816,0.01265034261344578
179,0.6285029940119761,0.19204790419161677,0.1667065868263473,0.01274251497005988
180,0.6284893464208762,0.19190806799138138,0.16667464687574815,0.012927938711994253
181,0.6313269166307522,0.19053775798496383,0.16530192022219029,0.012833405162093569
182,0.6337178689387775,0.18807141831410656,0.16523861950122062,0.012972093245895362
183,0.635415171093563,0.1860732232591529,0.16549413735343382,0.013017468293850204
184,0.637624994019425,0.18386680063154873,0.1653987847471413,0.013109420601885077
185,0.6417810512219618,0.18145296283896886,0.16351810225261848,0.013247883686450811
186,0.6446569447764762,0.1804446569447765,0.16155868993545303,0.013339708343294286
187,0.6469295101553166,0.1800716845878136,0.15947431302270013,0.013524492234169653
188,0.650742846223666,0.1789518941384417,0.15664262169779775,0.013662637940094587
189,0.6528965089068246,0.17961698266392856,0.15373226992693062,0.013754238502316251
190,0.6563872446056903,0.17758258544968494,0.15213862898606073,0.013891540958564064
191,0.6584423021857402,0.17605230504915528,0.15152238236136298,0.013983010403741529
192,0.65997233220436,0.1735438629967085,0.15231598530744644,0.014167819491484997
193,0.6607551487414187,0.17162471395881007,0.15317505720823799,0.014445080091533181
194,0.6612011439466158,0.17025738798856052,0.1540514775977121,0.014489990467111535
195,0.6604573606479276,0.17036684135302524,0.15450214387803715,0.014673654121010005
196,0.6576992667365013,0.172412151223693,0.1549852395009999,0.014903342538805828
197,0.6548900104751928,0.1741738882011237,0.15608037329778116,0.014855728025902295
198,0.651520197935005,0.176285863824523,0.1570633296854927,0.015130608554979302
199,0.6492555063983635,0.17810760667903525,0.1574615860330146,0.015175300889586603
200,0.6456153699828799,0.17961765265360471,0.15950161689176337,0.01526536047175195
201,0.6425175888952273,0.18130823350446854,0.16077200988781137,0.01540216771249287
202,0.639996198983228,0.1824012923457025,0.161970827196275,0.015631681474794507
203,0.637689420930122,0.18322169968172533,0.16341266448149733,0.015676214906655266
204,0.635771971496437,0.18441805225653207,0.16418052256532067,0.015629453681710214
205,0.6341996484059486,0.18567966931154084,0.16458402622701573,0.015536656055494844
206,0.6325590233243076,0.1861669279369151,0.16569284119519262,0.015581207543584628
207,0.6329294369208838,0.1862200047517225,0.16545497742931814,0.015395580898075552
208,0.6327267544068038,0.18620230911768898,0.16567681854896185,0.015394117926545351
209,0.6323187235861152,0.18666603352485872,0.1653924687781946,0.015622774110831473
210,0.6332557808271212,0.18636342054033522,0.16475950809553203,0.015621290537011537
211,0.6329678674830319,0.1861028050690588,0.16517157909725189,0.015757748350657363
212,0.6340189046691683,0.1852467581817318,0.16539210563815132,0.015342231510948559
213,0.6352756802963385,0.1848316474331576,0.16450586503300565,0.01538680723749822
214,0.6365924307896861,0.18362695284676386,0.1643952704306947,0.015385345932855312
215,0.6380988557048574,0.18256493044015004,0.16395232894924266,0.015383884905749965
216,0.639022074531213,0.18134346071682886,0.1642060289579872,0.015428435793971042
217,0.6409403942056519,0.18047969603419614,0.16342911422464973,0.015150795535502255
218,0.642134751436304,0.18009591187502969,0.16252789516167324,0.01524144152699302
219,0.6426095626988272,0.18023835525378662,0.16195812164664547,0.015193960400740706
220,0.643993730109723,0.17964185626751533,0.16140217546192942,0.014962238160832185
221,0.6447474699482112,0.1800256568632109,0.1604504204874804,0.014776452701097544
222,0.6451337101600721,0.17978435377380897,0.16021469624281576,0.014867239823303091
223,0.6450785812639476,0.17976354399126349,0.1601538388490575,0.015004035895731446
224,0.6467068711714706,0.17978061636355003,0.15860202288807634,0.014910489576902986
225,0.6487051556189118,0.17913993822760751,0.15761463530529818,0.014540270848182466
226,0.6479167656420732,0.17934343674283815,0.15815478169984323,0.01458501591524538
227,0.6469135802469136,0.17972459639126306,0.15859449192782527,0.014767331433998101
228,0.6456513482719332,0.18021268515001898,0.1593239650588682,0.014812001519179644
229,0.6451628216082788,0.18067027437577138,0.1593563087439476,0.01481059527200228
230,0.6445562888751721,0.18076064764256208,0.16001139547030055,0.014671668011965244
231,0.6431452569638875,0.18132207089640773,0.16063208845442034,0.014900583685284487
232,0.641657972114199,0.18244332732618798,0.1607701792658636,0.015128521293749407
233,0.6413358000094872,0.18300839618613918,0.16071343864143067,0.014942365162942934
234,0.6399468766304606,0.183797372290471,0.16131480339610113,0.01494094768296732
235,0.6383069485259266,0.1848516447056593,0.1616266944734098,0.015214712295004266
236,0.6373845060412224,0.18550106609808104,0.1617626154939588,0.01535181236673774
237,0.6365402843601896,0.18587677725118484,0.1623696682464455,0.015213270142180095
238,0.6360534546488484,0.18633304900009479,0.16240166808833287,0.015211828262723912
239,0.6358252795148759,0.18613795717263595,0.16273450824332006,0.015302255069168089
240,0.634340373141396,0.18666540392082584,0.16350980206458945,0.01548442087318875
241,0.6332386363636363,0.18702651515151514,0.16425189393939393,0.015482954545454546
242,0.6327873508805151,0.18699110017042228,0.16469418670706307,0.015527362241999621
243,0.6322165436305129,0.18715691841756577,0.16496308915388982,0.015663448798031422
244,0.6327467120825054,0.18696186961869618,0.16453779922414608,0.015753619074652284
245,0.6338128134759156,0.18685530424907731,0.16371723289486137,0.015614649380145737
246,0.6341878724813168,0.18669000094598429,0.16337148803329865,0.015750638539400248
247,0.6350865575631445,0.18574401664932363,0.1634660864629647,0.015703339324567214
248,0.6354176520669756,0.18593321350865574,0.16299309431463438,0.01565604010973418
249,0.6357359061672342,0.18577374195989407,0.16283579265985623,0.015654559213015513
250,0.6360798410746381,0.18536562293065936,0.16299309431463438,0.015561441680068112
251,0.6372706638925667,0.18450917344429732,0.16256856440325326,0.015651598259882733
252,0.638121808208814,0.18450917344429732,0.16176470588235295,0.015604312464535653
253,0.6387917178784154,0.18365320979483785,0.1618606410135199,0.015694431313226814
254,0.6383873712071084,0.18461102183571226,0.16126287928915778,0.015738727668021552
255,0.6377811377811378,0.1843224343224343,0.16206766206766207,0.01582876582876583
256,0.6383350656713598,0.18416328073325144,0.16167438344514787,0.015827270150240953
257,0.6377290761382959,0.18434725108634045,0.16200642357831097,0.015917249197052712
258,0.637115057623276,0.18500850179482334,0.16200642357831097,0.015870017003589646
259,0.6364151477948815,0.18552271224855982,0.16210218150911324,0.015959958447445462
260,0.634535498489426,0.18688632930513596,0.1625283232628399,0.01604984894259819
261,0.6344157070039645,0.18675665471021333,0.16273362280536152,0.01609401548046064
262,0.6340254837187352,0.18692779613025012,0.16295422369042,0.01609249646059462
263,0.6339530055676135,0.18660941775974332,0.16330093422666792,0.016136642445975277
264,0.6344684463729837,0.1870578247335157,0.1622016790868786,0.016272049806622016
265,0.6341037735849057,0.18712264150943397,0.1625943396226415,0.016179245283018867
266,0.6349610757254069,0.18744987025241802,0.16159471573484313,0.01599433828733192
267,0.6349049034876587,0.18736136674689696,0.16192363962433337,0.015810090141110955
268,0.6342015855039638,0.1877123442808607,0.1622782181955455,0.01580785201963005
269,0.6340220775544863,0.18789508444192848,0.16218511180300027,0.01589772620058496
270,0.6341808575876221,0.1876031888296618,0.1623189773102505,0.015896976272465682
271,0.6332814636676569,0.18767388126561985,0.16301221294855472,0.016032442118168528
272,0.6329340752617184,0.1881542959539753,0.1629727435631425,0.015938885221163823
273,0.6325539737908928,0.1878476477797681,0.16352408786650324,0.016074290562835863
274,0.6322684007162379,0.18838940721892375,0.16313259824710205,0.01620959381773631
275,0.6315715093273035,0.18894855850763143,0.16318070472960242,0.016299227435462596
276,0.6322656617993405,0.18827131417804993,0.16316533207724918,0.016297691945360338
277,0.6319333270552783,0.1885299934080422,0.1631038704209436,0.016432809115735945
278,0.6320648078372268,0.1879238884702336,0.16376224566691786,0.016249058025621703
279,0.6328559314048808,0.18745877697163857,0.16362008857062094,0.0160652030528597
280,0.6325233116699632,0.1882358481680324,0.163040406894603,0.016200433267401337
281,0.633524868123587,0.18815938206480784,0.16220798794272795,0.016107761868877166
282,0.6335468073083443,0.1878414013938595,0.16245997362968545,0.016151817668110757
283,0.6335280814172635,0.18851300414624952,0.1621277798718432,0.0158311345646438
284,0.6340808442476208,0.1882596815226609,0.16182983133892395,0.015829642890794308
285,0.6346208195949129,0.18808290155440416,0.16142251530852567,0.015873763542157325
286,0.6340177057826333,0.18831229986814843,0.16170653607082314,0.015963458278395178
287,0.6340269277845777,0.1884474154975991,0.16147255437341115,0.016053102344412012
288,0.6345103578154425,0.18832391713747645,0.16120527306967986,0.01596045197740113
289,0.6339487565938207,0.18943104747550868,0.16088922381311227,0.015730972117558403
290,0.6334055377660577,0.18986626483330193,0.16095309851196082,0.0157750988886796
291,0.6323321721118539,0.19033047735618114,0.16147255437341115,0.01586479615855381
292,0.632768361581921,0.19044256120527306,0.16101694915254236,0.015772128060263655
293,0.632002636286602,0.1916486206571886,0.1605780999905847,0.015770643065624704
294,0.6320967893795311,0.19150739101779493,0.1606722530835138,0.015723566519160154
295,0.6325800376647834,0.19063088512241055,0.16115819209039547,0.015630885122410548
296,0.6323543255200978,0.19038877906429447,0.16153628918384638,0.01572060623176127
297,0.6315888554216867,0.1905120481927711,0.16217996987951808,0.015719126506024098
298,0.6297167591982685,0.19201091559235908,0.1624635362755246,0.015808788933847746
299,0.6294554688234741,0.19171447380795636,0.162795071945829,0.016034985422740525
300,0.6294955573315782,0.19185745851158856,0.16256875558271824,0.01607822857411499
301,0.6312720432635787,0.19153538678579826,0.16129790735951094,0.015894662591112156
302,0.6319503245836862,0.1911280459121272,0.16120989745037162,0.015711732053815035
303,0.6307475317348378,0.1917724494593324,0.1615420780441937,0.015937940761636106
304,0.631148311859306,0.19209066114925233,0.1609611586570112,0.015799868334430547
305,0.6306238540736213,0.19232758215410653,0.1612053970194161,0.015843166752856002
306,0.6302773859896568,0.1926187118006582,0.1613070051716032,0.015796897038081806
307,0.6303540363909916,0.19225163383327848,0.16169072358832104,0.015703606187408906
308,0.6308784800601956,0.1919676448457487,0.1616346877351392,0.015519187358916478
309,0.6307330827067669,0.19149436090225563,0.1619360902255639,0.015836466165413534
310,0.630624706434946,0.19154532644434005,0.16181305777360264,0.016016909347111318
311,0.6305756409052493,0.19189595267161236,0.1613766550849845,0.016151751338153816
312,0.6305490380103238,0.19150633505396528,0.16156733927733458,0.01637728765837635
313,0.6298085944830174,0.19210921373616063,0.16161568774629387,0.016466504034528054
314,0.6290806754221389,0.1929174484052533,0.16149155722326455,0.01651031894934334
315,0.6302655033305188,0.1925133689839572,0.16080307721174594,0.016418050473778027
316,0.6304510925630685,0.1922066960517678,0.16078964644096408,0.016552564944199568
317,0.6295480120030007,0.19307951987997,0.16082145536384096,0.016551012753188297
318,0.6297233942803563,0.19306141584622596,0.1606657290201594,0.01654946085325832
319,0.6290322580645161,0.19387659414853714,0.16063390847711928,0.016457239309827457
320,0.6288219846182705,0.19485087225661227,0.16000750328268618,0.016319639842431063
321,0.6294090056285179,0.19427767354596623,0.1601313320825516,0.01618198874296435
322,0.6292682926829268,0.1950750469043152,0.15952157598499062,0.016135084427767354
323,0.6300187617260788,0.1951219512195122,0.15877110694183866,0.016088180112570356
324,0.6291502532357907,0.19517914087413243,0.15953854811480023,0.016132057775276685
325,0.6295480120030007,0.19500187546886721,0.1592741935483871,0.016175918979744935
326,0.6291139240506329,0.19531176746366619,0.15939990623534928,0.01617440225035162
327,0.6296782665791202,0.1956195478848138,0.15875621423881436,0.015945971297251664
328,0.6294923524444027,0.1964905695786807,0.1582997091113822,0.01571736886553439
329,0.6292403697273964,0.19701590578520153,0.15811945760803264,0.0156242668793694
330,0.6296869867192266,0.19681824581162888,0.15800835327795767,0.015486414191186822
331,0.6294211464490103,0.19696969696969696,0.15798855427338399,0.015620602307908809
332,0.6301369863013698,0.19675361231000188,0.15758115969224995,0.015528241696378307
333,0.6301646109834451,0.19659522581250294,0.1575763260329222,0.015663837171129767
334,0.6296261550729396,0.19653829916975468,0.1583094891880482,0.01552605656925747
335,0.6289815640099451,0.19660364966927804,0.1589810949007834,0.015433691419993432
336,0.6290874970677927,0.19634060520760027,0.15923058878723903,0.015341308937368051
337,0.6297373358348968,0.19610694183864916,0.15877110694183866,0.015384615384615385
338,0.6295618725959283,0.19575007036307346,0.15939581574256498,0.015292241298433248
339,0.6295323420423097,0.19592851447065998,0.15924761949434776,0.015291523992682583
340,0.6295323420423097,0.19616304704723486,0.15905999343308785,0.015244617477367606
341,0.6288099034042952,0.1960048766763575,0.15985182406452217,0.015333395854825096
342,0.6279767485467842,0.19660603787736733,0.15999437464841554,0.015422838927432965
343,0.6282941010972521,0.19652067898340053,0.15994560630216637,0.015239613617180906
344,0.6281414103525882,0.1964084771192798,0.1602119279819955,0.015238184546136534
345,0.6281414103525882,0.19673668417104276,0.15993060765191297,0.015191297824456114
346,0.6284562751898022,0.1961758365357578,0.1599962508201331,0.01537163745430687
347,0.6281871016122985,0.1963817022872141,0.16015185601799775,0.01527934008248969
348,0.6287722586691659,0.19597000937207124,0.1599343955014058,0.015323336457357076
349,0.6274482241589354,0.19674819604535657,0.16048167931777715,0.01532190047793084
350,0.626791569086651,0.19756440281030446,0.16018735362997658,0.015456674473067917
351,0.626733508245877,0.1976667916041979,0.16032608695652173,0.015273613193403299
352,0.6268027720546919,0.19816445027158644,0.1595336205281888,0.015499157145532872
353,0.6260413741458392,0.19910137601797248,0.159178133483104,0.01567911635308434
354,0.6251520538972584,0.19972864227566203,0.1593056985122111,0.015813605314868532
355,0.6242163376064377,0.20047721530831852,0.15953962758491624,0.0157668195003275
356,0.6243450598802395,0.2004116766467066,0.15947791916167664,0.015765344311377244
357,0.6247543284978943,0.20004679457182967,0.15961628451099671,0.015582592419279364
358,0.6232229704451927,0.20075757575757575,0.16016647961092406,0.01585297418630752
359,0.6230481533426835,0.20074801309022908,0.16026180458158018,0.015942028985507246
360,0.6236559139784946,0.19939223936418887,0.16105656848994857,0.015895278167367927
361,0.6238892526424095,0.19984098774670284,0.1606023758301375,0.015667383780750162
362,0.6237253251005707,0.19955094021891664,0.16119375058471325,0.01552998409579942
363,0.6234914397979231,0.1996912714005052,0.16133408176630182,0.015483207035269904
364,0.6233164983164983,0.2001028806584362,0.1610082304526749,0.015572390572390573
365,0.6224041159962582,0.20060804490177736,0.16155285313376988,0.015434985968194575
366,0.6233036967711746,0.200421151146467,0.1611137108095461,0.015161441272812354
367,0.623023669192628,0.20100102909533166,0.16067920291888857,0.015296098793151839
368,0.6223396791243744,0.2015061508957388,0.16090556153234484,0.015248608447541981
369,0.6228710462287105,0.20091708777840164,0.16114542391914655,0.015066442073741344
370,0.6210039259674706,0.20176668536174985,0.16166573191250702,0.015563656758272574
371,0.6211391991028457,0.2015793654502126,0.16167468809868699,0.015606747348254754
372,0.6213211249182472,0.2012987012987013,0.1616836401009063,0.015696533682145193
373,0.6216759358788615,0.20110295835864841,0.16175164742720943,0.015469458335280647
374,0.621722671402533,0.20100948731130533,0.16184511847455252,0.015422722811609104
375,0.6220509226816164,0.20056061667834618,0.16183134781593086,0.015557112824106517
376,0.6212984586641757,0.2015880429705745,0.16146660439047175,0.015646893974778142
377,0.6210246112174848,0.20188670433848596,0.1614439826273759,0.015644701816653436
378,0.6208988659168339,0.20170812526251924,0.1614785084239511,0.015914500396695758
379,0.6218310845510995,0.20056958774919464,0.16191232083664037,0.0156870068630655
380,0.6226943731029652,0.20018678496381043,0.16156899369600747,0.015549848237216904
381,0.6232432180043891,0.20044824205070738,0.16076014381099127,0.015548396133912313
382,0.6229515850413184,0.20131658807600727,0.16018488258088612,0.015546944301788133
383,0.6228115224800411,0.20150333815771043,0.16018488258088612,0.015500256781362342
384,0.6229286281099753,0.20165242963170424,0.1598749008075433,0.015544041450777202
385,0.6226943731029652,0.20247490077048796,0.15951435909409292,0.015316367032453888
386,0.6229048975208926,0.20206358840281993,0.15967131985620245,0.015360194220084972
387,0.6230693854696467,0.20241705939993468,0.1589286547524614,0.015584900377957164
388,0.6221828192804816,0.20260370491344315,0.15967523680649526,0.015538238999580048
389,0.6213795998320973,0.20278904901823608,0.16011380066228253,0.015717550487383984
390,0.6216480902858742,0.20314321690062026,0.15949260831040432,0.015716084503101246
391,0.6214855224506924,0.20329183568797501,0.1594628619387327,0.015759779922599897
392,0.6210222242929693,0.2026743698457811,0.16022923170106695,0.01607417416018264
393,0.6216039890022834,0.2020131413392982,0.16044550072230765,0.015937368936110724
394,0.6215221139954328,0.20249801929440275,0.16013422193223656,0.01584564477792795
395,0.6211619997204492,0.20290732889158086,0.1599962726552672,0.01593439873270279
396,0.6215926564465775,0.2025068729322958,0.1600577792274358,0.01584269139369088
397,0.6213470053600559,0.20223724073642507,0.16075506874854345,0.01566068515497553
398,0.62312963221927,0.20165011886449447,0.15965133081620286,0.015568918100032629
399,0.6228270494477327,0.2011930838421028,0.16036724612014727,0.015612620590017244
400,0.6224779833185778,0.20176133451376915,0.16010437537859373,0.015656306789059223
401,0.6227338397725684,0.20170573705550637,0.1600410122570723,0.015519410914852962
402,0.623257981822419,0.20177114891633652,0.1595432300163132,0.015427639244931252
403,0.6238403804018461,0.2016689198638758,0.15920003729429863,0.015290662439979489
404,0.6235376369144722,0.20172453973432766,0.15940340247028664,0.01533442088091354
405,0.62382328269177,0.2008108863827011,0.1599869512536117,0.015378879671917233
406,0.6229386005776577,0.20078263300102486,0.16076586229386006,0.015512904127457374
407,0.6232241837067399,0.1999161581815641,0.16134892170105733,0.015510736410638595
408,0.6227355283379127,0.20029804871233642,0.1614120057746938,0.015554417175057048
409,0.6223463687150838,0.20074487895716947,0.16126629422718808,0.01564245810055866
410,0.6222004935512409,0.20072635842994832,0.16152162778786608,0.015551520230944731
411,0.6218643831153721,0.2008190999208824,0.161586075301345,0.01573044166240052
412,0.6216681397404289,0.20137693631669534,0.16104572731078756,0.015909196632088198
413,0.6219824177868738,0.20117214754174612,0.1609377180333969,0.01590771663798316
414,0.6221105995069997,0.20147900097669877,0.1605041625970885,0.01590623691921306
415,0.6221343873517786,0.20181353173680538,0.16010230179028134,0.01594977912113462
416,0.6227029541753897,0.20209351011863225,0.15952547103977668,0.015678064666201443
417,0.6221446848104211,0.20237264480111655,0.15985112816934172,0.015631542219120727
418,0.6236684188491417,0.20174908126715355,0.15895241196446017,0.015630087919244546
419,0.6230880096703706,0.20177600074387467,0.15928216095587894,0.015853828629875867
420,0.6229607250755287,0.20232396002788752,0.1587729491052754,0.01594236579130839
421,0.6228106852497096,0.20255516840882695,0.15851335656213705,0.016120789779326364
422,0.6232638082408138,0.20230408324429786,0.1583128164630464,0.01611929205184187
423,0.6231601430097042,0.20221014997446254,0.1583321725402795,0.0162975344755537
424,0.6225100988995682,0.202488740307378,0.1587500580396527,0.016251102753401123
425,0.6221046279533955,0.20317504525832056,0.15838091259341783,0.01633941419486608
426,0.6230451529073275,0.2020975451297044,0.1584296255046638,0.01642767645830433
427,0.6230915587730289,0.20219035686110726,0.15833681377326095,0.016381270592602904
428,0.6231144116964493,0.20199582269668137,0.1586446971455094,0.016245068461359945
429,0.6229637536548012,0.20244117510558315,0.15835151065113473,0.016243560588480994
430,0.6230223170788289,0.20243121607200854,0.15821463369368532,0.016331833155477194
431,0.6230922670130352,0.20216171081319292,0.15837083082061512,0.016375191353156748
432,0.6234284388772906,0.2018557179308745,0.15843191834841105,0.0162839248434238
433,0.6231964741359314,0.20227325446532127,0.15829273950359546,0.016237531895151938
434,0.624298111281266,0.20251519792101721,0.1571302612650239,0.016056429532692932
435,0.6250521920668058,0.2019948967756901,0.15680816515889584,0.016144745998608212
436,0.6242868407625586,0.20279233730692517,0.15673268704485366,0.0161881348856626
437,0.6242637851875898,0.2028938459398043,0.1566108611974215,0.016231507675184345
438,0.6246928462144745,0.2030692197134777,0.155918215958088,0.01631971811395985
439,0.6246812850586435,0.20332854295118447,0.1556719669927217,0.01631820499745028
440,0.6247276435955681,0.20374576978350564,0.15525474016040053,0.016271846460525707
441,0.6235811906416493,0.20458651841556635,0.15529302756543897,0.01653926337734538
442,0.6221573803899773,0.20578018618868973,0.15543513500995784,0.01662729841137511
443,0.6218969988884772,0.20577065579844386,0.15570581696924787,0.01662652834383105
444,0.6225567392311255,0.20481704492820751,0.15609078276980085,0.01653543307086614
445,0.6216904276985743,0.20514719496389558,0.15635993334567672,0.01680244399185336
446,0.6216153668132377,0.20453598704003703,0.15704697986577182,0.016801666280953483
447,0.6216503910769658,0.20502614893321608,0.15652334891470357,0.016800111075114546
448,0.6222633649618144,0.20490627169636658,0.15612126822494793,0.016709095116871096
449,0.622303490417554,0.20521248032589576,0.15591148967688176,0.01657253957966855
450,0.6218355162678761,0.2053038367195816,0.15624566112833804,0.016614985884204195
451,0.6216153668132377,0.20606341124739644,0.15579726915065956,0.016523952788706317
452,0.6210613982325452,0.20631101651783648,0.1559709434136862,0.016656641835932077
453,0.6224381216747629,0.2053203793661809,0.15558639833448995,0.016655100624566273
454,0.6232715164408269,0.20515192156500023,0.1547888822087592,0.01678767978541368
455,0.6225664739884393,0.2055491329479769,0.15509826589595377,0.016786127167630057
456,0.6218153234382947,0.20613122485781663,0.15526887686687937,0.016784574837009295
457,0.6220454230075396,0.20569869096627966,0.15569637818585502,0.01655950784032564
458,0.6212142229620382,0.20631617885051093,0.15577750034678875,0.016692097840662137
459,0.6212842679487772,0.2061393370625491,0.1558411538994961,0.01673524108917757
460,0.6209845158308297,0.20647099607118097,0.15576611971342733,0.01677836838456205
461,0.6210881523598206,0.20658253594046133,0.15564184347986873,0.016687468219849306
462,0.6208458516293044,0.20637855327016408,0.15608966951698636,0.01668592558354518
463,0.6203485415799935,0.20732214672028845,0.1557342948273471,0.016595016872370916
464,0.62055573535531,0.20722178556567572,0.1557630958435434,0.016459383235470894
465,0.6198549452580034,0.2076962165658059,0.15563357509123665,0.016815263084954034
466,0.6196149051115113,0.20810823290391098,0.15528466546613104,0.016992196518446693
467,0.6196721311475409,0.20794273839759872,0.15548372200415608,0.016901408450704224
468,0.6195687306644503,0.207831186221545,0.15570023548968,0.0168998476243247
469,0.6193730089108453,0.2081351862966896,0.15559351770626528,0.016898287086199733
470,0.6198717061239559,0.2079929853708062,0.1550602242835387,0.0170750842216992
471,0.6194232987312572,0.20802768166089966,0.15538638985005768,0.01716262975778547
472,0.6198495824297513,0.2076316153739676,0.15544686937664376,0.017071932819637335
473,0.6198606432559642,0.20774306677126114,0.15541507083198744,0.016981219140787228
474,0.6197267608234099,0.2079756300193852,0.1554970922182221,0.016800516938982737
475,0.6203746424287164,0.20771431207898866,0.15497831503183537,0.016932730460459535
476,0.6199372635852016,0.20822954147061537,0.15485745917520066,0.01697573576898238
477,0.618885149153949,0.209230485499562,0.15468670754760477,0.017197657798884228
478,0.6182857669786528,0.21010650560191801,0.15445617594172162,0.017151551477707593
479,0.6175508134765175,0.2102594828778172,0.15490620823155274,0.01728349541411255
480,0.6169653964889646,0.21024743123070544,0.15541630189374742,0.0173708703865825
481,0.617258369019662,0.20946723764792557,0.15563843993185061,0.01763595340056177
482,0.6179490721554542,0.20923700326932818,0.15522401805037528,0.01758990652484229
483,0.6181793065340516,0.20932909702076713,0.1549477367960584,0.017543859649122806
484,0.6175766504005156,0.20983334867875886,0.15500414326489273,0.017585857655832798
485,0.6167265028076958,0.2104391052195526,0.15520574426953881,0.01762864770321274
486,0.6165316642120766,0.2104657584683358,0.15537555228276878,0.01762702503681885
487,0.616428900138058,0.21044638748274275,0.15549930971007822,0.01762540266912103
488,0.6166160640353299,0.21078296071395713,0.1548440518906983,0.01775692336001472
489,0.616789328426863,0.21085556577736891,0.1545998160073597,0.017755289788408464
490,0.616056648887254,0.2113757586904543,0.1546808901967997,0.017886702225492
491,0.6147834880941436,0.21219086145076768,0.15505194446998252,0.017973705985106187
492,0.6143027851824616,0.21302509421821858,0.15465575880136043,0.01801636179795937
493,0.6143841911764706,0.2122702205882353,0.15533088235294118,0.01801470588235294
494,0.6146915509791303,0.21223683000827434,0.1552358187000092,0.017835800312586192
495,0.6144761029411765,0.21217830882352942,0.15542279411764706,0.017922794117647058
496,0.6145431145431145,0.21240117668689099,0.15526751241036954,0.01778819635962493
497,0.6147164261421086,0.2118760915525324,0.15562092104053682,0.017786561264822136
498,0.6147518382352941,0.21231617647058823,0.15514705882352942,0.017784926470588235
499,0.615013330881677,0.212558609910821,0.1548221016824492,0.017605957525052864
500,0.6143067168979142,0.21253330883028576,0.1553340071671414,0.01782596710465864
501,0.6146072576940744,0.2124023886081764,0.15512172714745062,0.017868626550298576
502,0.6137240492375529,0.2125665993018556,0.15584236634209075,0.017866985118500826
503,0.6139141623012591,0.21275618049811598,0.15573017185920413,0.017599485341420824
504,0.614010105649977,0.21281580156178226,0.15544327055581075,0.01773082223242995
505,0.6136175686851052,0.21303868418634567,0.1557474960948268,0.01759625103372232
506,0.6143132928847215,0.21304467733039162,0.15531347674204818,0.017328553042838757
507,0.614038311360191,0.21337682024897792,0.15499104230786898,0.01759382608296201
508,0.6139673788192052,0.21318630829313118,0.15538708936365725,0.01745922352400643
509,0.6143349414197106,0.21291063634275212,0.1553411440385941,0.01741327819894326
510,0.6144689065588087,0.21326469641954313,0.15507652709472813,0.017189869926920072
511,0.6135392251482146,0.21388850590560227,0.15538397904315457,0.017188289903028633
512,0.6133940062511491,0.2146074646074646,0.15494576208861924,0.01705276705276705
513,0.6119814397941838,0.21486654109431708,0.15592410529700923,0.017227913814489824
514,0.6114044350580782,0.21564666452412654,0.1554565906064919,0.017492309811303428
515,0.6106239382948442,0.21638124971305267,0.15554841375510767,0.017446398236995547
516,0.6103305785123967,0.21680440771349863,0.1554637281910009,0.017401285583103766
517,0.6107564414641988,0.21664446791898223,0.15537592430992514,0.01722316630689386
518,0.6115064970843473,0.21630928876440608,0.1548739611552413,0.017310252996005325
519,0.6123610983561393,0.21618146753604556,0.15419230416016164,0.017265129947653595
520,0.6116847950800863,0.2167607508375786,0.15411446142548993,0.017439992656845198
521,0.6113837545291932,0.2165757005916617,0.1543365591891024,0.017703985690042653
522,0.6116233200311912,0.21668730792165497,0.15407550112380167,0.01761387092335214
523,0.6121025829242557,0.21640592742120476,0.15401202000275266,0.017479469651786945
524,0.611439842209073,0.2171460024769506,0.15389202330168342,0.017522132012293013
525,0.6110372035414469,0.21762466168172853,0.15390614248360016,0.01743199229322446
526,0.6107721246043033,0.21801165297976785,0.15387438638344728,0.017341836032481534
527,0.6115774505756617,0.2178799137654236,0.1531581120132104,0.017384523645704326
528,0.611149314628891,0.2179434282308715,0.15330307614725164,0.017604180992985833
529,0.6114751844553412,0.21758856147747582,0.15320104486503827,0.017735209202144723
530,0.6114649681528662,0.21724785776474362,0.15355359024882007,0.017733583833570085
531,0.611251088002199,0.21760043978194146,0.15332814146319118,0.017820330752668468
532,0.6116175729534106,0.21746300792523707,0.15314489898758532,0.017774520133767006
533,0.6128899271677889,0.2167559891896844,0.152581191883102,0.01777289175942467
534,0.6123093831570271,0.21655905115171498,0.1532719695928928,0.01785959609836516
535,0.6120291115484964,0.21682610884789674,0.1531102668558612,0.018034512747745687
536,0.6117544742985307,0.2166887902229139,0.153567995605804,0.017988739872751406
537,0.6125944584382872,0.21644149301580032,0.15328600870162584,0.017678039844286696
538,0.6124393148300815,0.2163140056792159,0.1536594302464047,0.017587249244297883
539,0.6121794871794872,0.21652930402930404,0.15361721611721613,0.017673992673992674
540,0.6122888146147154,0.21679410283411932,0.15324389908886957,0.017673183462295683
541,0.612079615648593,0.2170212765957447,0.15296270876229695,0.01793639899336536
542,0.6124204841883667,0.2169237105853279,0.15285341631961924,0.017802388906686194
543,0.6122392974753018,0.21688620563483352,0.15285400658616904,0.018020490303695572
544,0.6117969821673526,0.21728395061728395,0.15281207133058985,0.01810699588477366
545,0.611192392099488,0.21762984637893196,0.15307242136064375,0.018105340160936356
546,0.6107910379515318,0.21810699588477367,0.15308641975308643,0.018015546410608138
547,0.6095107453132145,0.21838134430727024,0.15413808870598994,0.017969821673525378
548,0.6087850809031904,0.21848432215010513,0.15463022214096353,0.018100374805740928
549,0.6087712077559794,0.21877715278730508,0.15461654547948964,0.017835093977225956
550,0.6083119970738844,0.2195501097293343,0.15421543525969275,0.017922457937088514
551,0.6088427598189383,0.21969731608065474,0.1536280919939646,0.017831832106442323
552,0.6091985552964843,0.21990581996068212,0.15306542312439994,0.017830201618433687
553,0.6097494055240534,0.2198189134808853,0.152780318273276,0.017651362721785257
554,0.6099144830109298,0.22024054511364155,0.15223853294919285,0.01760643892623588
555,0.6097137107838654,0.22061648220982347,0.15215402908625264,0.01751577792005854
556,0.6109586534943285,0.21972191730698865,0.1518935236004391,0.01742590559824369
557,0.6119245904639883,0.21945639242243983,0.15145968701381898,0.017159330099752904
558,0.6112737920937042,0.21980234260614934,0.15176610541727673,0.017157759882869692
559,0.6110298152551674,0.21968172672398026,0.15191146881287726,0.017376989207975122
560,0.6105676935734528,0.2196727305969467,0.15220769723009417,0.017551878599506354
561,0.61058307439225,0.21984097971120453,0.15193748857612868,0.01763845732041674
562,0.6112431444241316,0.21937842778793418,0.15187385740402193,0.01750457038391225
563,0.6111161897796874,0.21985556266569156,0.15161349300667337,0.01741475454794771
