,btrf_pt-O+,btrf_pt-A+,btrf_pt-B+,btrf_pt-AB+,btrf_pt-O-,btrf_pt-A-,btrf_pt-B-,btrf_pt-AB-
0,1.0,0.0,0.0,0.0,0.0,0.0,0.0,0.0
1,1.0,0.0,0.0,0.0,0.0,0.0,0.0,0.0
2,1.0,0.0,0.0,0.0,0.0,0.0,0.0,0.0
3,1.0,0.0,0.0,0.0,0.0,0.0,0.0,0.0
4,1.0,0.0,0.0,0.0,0.0,0.0,0.0,0.0
5,1.0,0.0,0.0,0.0,0.0,0.0,0.0,0.0
6,1.0,0.0,0.0,0.0,0.0,0.0,0.0,0.0
7,1.0,0.0,0.0,0.0,0.0,0.0,0.0,0.0
8,1.0,0.0,0.0,0.0,0.0,0.0,0.0,0.0
9,1.0,0.0,0.0,0.0,0.0,0.0,0.0,0.0
10,1.0,0.0,0.0,0.0,0.0,0.0,0.0,0.0
11,1.0,0.0,0.0,0.0,0.0,0.0,0.0,0.0
12,1.0,0.0,0.0,0.0,0.0,0.0,0.0,0.0
13,1.0,0.0,0.0,0.0,0.0,0.0,0.0,0.0
14,1.0,0.0,0.0,0.0,0.0,0.0,0.0,0.0
15,1.0,0.0,0.0,0.0,0.0,0.0,0.0,0.0
16,1.0,0.0,0.0,0.0,0.0,0.0,0.0,0.0
17,1.0,0.0,0.0,0.0,0.0,0.0,0.0,0.0
18,1.0,0.0,0.0,0.0,0.0,0.0,0.0,0.0
19,1.0,0.0,0.0,0.0,0.0,0.0,0.0,0.0
20,1.0,0.0,0.0,0.0,0.0,0.0,0.0,0.0
21,1.0,0.0,0.0,0.0,0.0,0.0,0.0,0.0
22,1.0,0.0,0.0,0.0,0.0,0.0,0.0,0.0
23,1.0,0.0,0.0,0.0,0.0,0.0,0.0,0.0
24,1.0,0.0,0.0,0.0,0.0,0.0,0.0,0.0
25,1.0,0.0,0.0,0.0,0.0,0.0,0.0,0.0
26,1.0,0.0,0.0,0.0,0.0,0.0,0.0,0.0
27,1.0,0.0,0.0,0.0,0.0,0.0,0.0,0.0
28,1.0,0.0,0.0,0.0,0.0,0.0,0.0,0.0
29,1.0,0.0,0.0,0.0,0.0,0.0,0.0,0.0
30,1.0,0.0,0.0,0.0,0.0,0.0,0.0,0.0
31,1.0,0.0,0.0,0.0,0.0,0.0,0.0,0.0
32,1.0,0.0,0.0,0.0,0.0,0.0,0.0,0.0
33,1.0,0.0,0.0,0.0,0.0,0.0,0.0,0.0
34,1.0,0.0,0.0,0.0,0.0,0.0,0.0,0.0
35,1.0,0.0,0.0,0.0,0.0,0.0,0.0,0.0
36,1.0,0.0,0.0,0.0,0.0,0.0,0.0,0.0
37,1.0,0.0,0.0,0.0,0.0,0.0,0.0,0.0
38,1.0,0.0,0.0,0.0,0.0,0.0,0.0,0.0
39,1.0,0.0,0.0,0.0,0.0,0.0,0.0,0.0
40,1.0,0.0,0.0,0.0,0.0,0.0,0.0,0.0
41,1.0,0.0,0.0,0.0,0.0,0.0,0.0,0.0
42,1.0,0.0,0.0,0.0,0.0,0.0,0.0,0.0
43,1.0,0.0,0.0,0.0,0.0,0.0,0.0,0.0
44,1.0,0.0,0.0,0.0,0.0,0.0,0.0,0.0
45,1.0,0.0,0.0,0.0,0.0,0.0,0.0,0.0
46,1.0,0.0,0.0,0.0,0.0,0.0,0.0,0.0
47,1.0,0.0,0.0,0.0,0.0,0.0,0.0,0.0
48,1.0,0.0,0.0,0.0,0.0,0.0,0.0,0.0
49,1.0,0.0,0.0,0.0,0.0,0.0,0.0,0.0
50,1.0,0.0,0.0,0.0,0.0,0.0,0.0,0.0
51,1.0,0.0,0.0,0.0,0.0,0.0,0.0,0.0
52,1.0,0.0,0.0,0.0,0.0,0.0,0.0,0.0
53,1.0,0.0,0.0,0.0,0.0,0.0,0.0,0.0
54,1.0,0.0,0.0,0.0,0.0,0.0,0.0,0.0
55,1.0,0.0,0.0,0.0,0.0,0.0,0.0,0.0
56,1.0,0.0,0.0,0.0,0.0,0.0,0.0,0.0
57,1.0,0.0,0.0,0.0,0.0,0.0,0.0,0.0
58,1.0,0.0,0.0,0.0,0.0,0.0,0.0,0.0
59,1.0,0.0,0.0,0.0,0.0,0.0,0.0,0.0
60,1.0,0.0,0.0,0.0,0.0,0.0,0.0,0.0
61,1.0,0.0,0.0,0.0,0.0,0.0,0.0,0.0
62,1.0,0.0,0.0,0.0,0.0,0.0,0.0,0.0
63,1.0,0.0,0.0,0.0,0.0,0.0,0.0,0.0
64,1.0,0.0,0.0,0.0,0.0,0.0,0.0,0.0
65,1.0,0.0,0.0,0.0,0.0,0.0,0.0,0.0
66,1.0,0.0,0.0,0.0,0.0,0.0,0.0,0.0
67,1.0,0.0,0.0,0.0,0.0,0.0,0.0,0.0
68,1.0,0.0,0.0,0.0,0.0,0.0,0.0,0.0
69,1.0,0.0,0.0,0.0,0.0,0.0,0.0,0.0
70,1.0,0.0,0.0,0.0,0.0,0.0,0.0,0.0
71,1.0,0.0,0.0,0.0,0.0,0.0,0.0,0.0
72,1.0,0.0,0.0,0.0,0.0,0.0,0.0,0.0
73,1.0,0.0,0.0,0.0,0.0,0.0,0.0,0.0
74,1.0,0.0,0.0,0.0,0.0,0.0,0.0,0.0
75,1.0,0.0,0.0,0.0,0.0,0.0,0.0,0.0
76,1.0,0.0,0.0,0.0,0.0,0.0,0.0,0.0
77,1.0,0.0,0.0,0.0,0.0,0.0,0.0,0.0
78,1.0,0.0,0.0,0.0,0.0,0.0,0.0,0.0
79,1.0,0.0,0.0,0.0,0.0,0.0,0.0,0.0
80,1.0,0.0,0.0,0.0,0.0,0.0,0.0,0.0
81,1.0,0.0,0.0,0.0,0.0,0.0,0.0,0.0
82,1.0,0.0,0.0,0.0,0.0,0.0,0.0,0.0
83,1.0,0.0,0.0,0.0,0.0,0.0,0.0,0.0
84,1.0,0.0,0.0,0.0,0.0,0.0,0.0,0.0
85,1.0,0.0,0.0,0.0,0.0,0.0,0.0,0.0
86,1.0,0.0,0.0,0.0,0.0,0.0,0.0,0.0
87,1.0,0.0,0.0,0.0,0.0,0.0,0.0,0.0
88,1.0,0.0,0.0,0.0,0.0,0.0,0.0,0.0
89,1.0,0.0,0.0,0.0,0.0,0.0,0.0,0.0
90,1.0,0.0,0.0,0.0,0.0,0.0,0.0,0.0
91,1.0,0.0,0.0,0.0,0.0,0.0,0.0,0.0
92,1.0,0.0,0.0,0.0,0.0,0.0,0.0,0.0
93,1.0,0.0,0.0,0.0,0.0,0.0,0.0,0.0
94,1.0,0.0,0.0,0.0,0.0,0.0,0.0,0.0
95,1.0,0.0,0.0,0.0,0.0,0.0,0.0,0.0
96,1.0,0.0,0.0,0.0,0.0,0.0,0.0,0.0
97,1.0,0.0,0.0,0.0,0.0,0.0,0.0,0.0
98,1.0,0.0,0.0,0.0,0.0,0.0,0.0,0.0
99,1.0,0.0,0.0,0.0,0.0,0.0,0.0,0.0
100,0.9857850421000496,0.01421495789995047,0.0,0.0,0.0,0.0,0.0,0.0
101,0.9715729001584786,0.028427099841521395,0.0,0.0,0.0,0.0,0.0,0.0
102,0.9573635733386154,0.04263642666138457,0.0,0.0,0.0,0.0,0.0,0.0
103,0.9431570608041197,0.05684293919588037,0.0,0.0,0.0,0.0,0.0,0.0
104,0.9289533617189821,0.07104663828101793,0.0,0.0,0.0,0.0,0.0,0.0
105,0.9147524752475248,0.07103960396039603,0.014207920792079208,0.0,0.0,0.0,0.0,0.0
106,0.9006039006039006,0.07098307098307098,0.028413028413028413,0.0,0.0,0.0,0.0,0.0
107,0.8864086319540685,0.07097604434765394,0.04261532369827757,0.0,0.0,0.0,0.0,0.0
108,0.8722161734138375,0.07096901910323666,0.05681480748292586,0.0,0.0,0.0,0.0,0.0
109,0.8580760095011877,0.07096199524940618,0.07096199524940618,0.0,0.0,0.0,0.0,0.0
110,0.8582384957941613,0.07095497278574962,0.07080653142008907,0.0,0.0,0.0,0.0,0.0
111,0.8582030476944389,0.07104690283000198,0.07075004947555907,0.0,0.0,0.0,0.0,0.0
112,0.8580686652814881,0.07118828534678935,0.07074304937172257,0.0,0.0,0.0,0.0,0.0
113,0.8580827067669173,0.07123070834982193,0.07068658488326078,0.0,0.0,0.0,0.0,0.0
114,0.8579978237214363,0.07132258383618557,0.07067959244237808,0.0,0.0,0.0,0.0,0.0
115,0.8580118694362018,0.07141444114737883,0.07057368941641938,0.0,0.0,0.0,0.0,0.0
116,0.8580753634655326,0.07140737810305607,0.07051725843141134,0.0,0.0,0.0,0.0,0.0
117,0.8579480840543882,0.07149567367119901,0.07055624227441286,0.0,0.0,0.0,0.0,0.0
118,0.8578138132199535,0.07163692094724873,0.07054926583279775,0.0,0.0,0.0,0.0,0.0
119,0.8576301349547679,0.07172870631271937,0.07064115873251273,0.0,0.0,0.0,0.0,0.0
120,0.8569945625308947,0.07236777063766683,0.07063766683143846,0.0,0.0,0.0,0.0,0.0
121,0.8557659038109832,0.07355049181948495,0.0706836043695319,0.0,0.0,0.0,0.0,0.0
122,0.8540081051695166,0.0752199268557873,0.0707225462093506,4.942176534545814e-05,0.0,0.0,0.0,0.0
123,0.8520458588653884,0.07713975093892074,0.07076497331488436,4.94168808064835e-05,0.0,0.0,0.0,0.0
124,0.8489400602856154,0.08024904877205119,0.0707614765034343,4.94144388990463e-05,0.0,0.0,0.0,0.0
125,0.8455609900696606,0.08319747048070747,0.07114273010226767,9.880934736426066e-05,0.0,0.0,0.0,0.0
126,0.8410785717813225,0.08632525062966072,0.07234925181490444,0.0002469257741123018,0.0,0.0,0.0,0.0
127,0.8355130039974338,0.0892266692987218,0.07471746533089868,0.0005428613729457632,0.0,0.0,0.0,0.0
128,0.8297578537258964,0.09217339843172066,0.07723035952063914,0.0008383883217438477,0.0,0.0,0.0,0.0
129,0.8238454334861255,0.09453398393218,0.08053625117058505,0.001084331411109468,0.0,0.0,0.0,0.0
130,0.8176537192930635,0.0977206714911633,0.08300103382070595,0.0016245753950671984,0.0,0.0,0.0,0.0
131,0.8116483840818535,0.10084116287077574,0.08554282060111171,0.001967632446259039,0.0,0.0,0.0,0.0
132,0.8049607072691553,0.10417485265225933,0.0881630648330059,0.0027013752455795677,0.0,0.0,0.0,0.0
133,0.7985276073619632,0.10777914110429448,0.09065030674846626,0.0030429447852760735,0.0,0.0,0.0,0.0
134,0.7923371271585558,0.11165620094191522,0.09276883830455258,0.003237833594976452,0.0,0.0,0.0,0.0
135,0.7858963050083309,0.1148191708321082,0.09556012937371361,0.0037243947858473,0.0,0.0,0.0,0.0
136,0.778925215348473,0.11853954581049335,0.09822826938136257,0.004306969459671104,0.0,0.0,0.0,0.0
137,0.7716520039100684,0.12214076246334311,0.10127077223851418,0.004936461388074291,0.0,0.0,0.0,0.0
138,0.7641085725444249,0.12561023237648897,0.10481351298574497,0.0054676820933411445,0.0,0.0,0.0,0.0
139,0.7564615234565493,0.128986638057154,0.1086023602847947,0.005949478201501999,0.0,0.0,0.0,0.0
140,0.7497320471596999,0.1318815161258891,0.1120042872454448,0.006382149468966189,0.0,0.0,0.0,0.0
141,0.7429433521510609,0.13436830835117772,0.1158263577963792,0.00686198170138213,0.0,0.0,0.0,0.0
142,0.7376252066517553,0.13566079937761355,0.11946902654867257,0.007244967421958572,0.0,0.0,0.0,0.0
143,0.7324101068999028,0.13678328474246843,0.12327502429543245,0.007531584062196307,0.0,0.0,0.0,0.0
144,0.72821758135017,0.13720252549781448,0.1268576979116076,0.007722195240407965,0.0,0.0,0.0,0.0
145,0.7238298698776462,0.13813361817828704,0.13021946008933774,0.007817051854729074,0.0,0.0,0.0,0.0
146,0.721116504854369,0.1392233009708738,0.13179611650485437,0.007864077669902913,0.0,0.0,0.0,0.0
147,0.7181191770186336,0.14018827639751552,0.13368594720496896,0.008006599378881988,0.0,0.0,0.0,0.0
148,0.7154570153308752,0.14151950320201825,0.13496992043469824,0.008053561032408306,0.0,0.0,0.0,0.0
149,0.714174832638013,0.14257300863490832,0.13519937906277288,0.008052779664305811,0.0,0.0,0.0,0.0
150,0.7122902318362596,0.14395188670094092,0.1356581627703948,0.008099718692404695,0.0,0.0,0.0,0.0
151,0.7108632395732298,0.14466537342386032,0.13637245392822503,0.008098933074684771,0.0,0.0,0.0,0.0
152,0.7088061293763941,0.14610610028125304,0.13698962273300358,0.00809814760934924,0.0,0.0,0.0,0.0
153,0.7063215047508241,0.1474209811906147,0.13806476633701764,0.008192747721543533,0.0,0.0,0.0,0.0
154,0.703761147731679,0.14918573090345094,0.13881349360217138,0.008239627762698721,0.0,0.0,0.0,0.0
155,0.7008625702655553,0.15080441946113587,0.14004652064353557,0.008286489629773212,0.0,0.0,0.0,0.0
156,0.6982366049801376,0.15206859800406938,0.14131382617963376,0.008380970836159287,0.0,0.0,0.0,0.0
157,0.6946099084701438,0.15429318611070755,0.1425734902416582,0.008523415177490435,0.0,0.0,0.0,0.0
158,0.6903897361413701,0.15642701525054467,0.14456548051319293,0.008617768094892278,0.0,0.0,0.0,0.0
159,0.6871278501234448,0.15897758629036163,0.14527762985912765,0.008616933727065885,0.0,0.0,0.0,0.0
160,0.684230899501621,0.16054579764842503,0.14641699327430202,0.008806309575652005,0.0,0.0,0.0,0.0
161,0.6802244039270687,0.16322483919330658,0.14755525463074914,0.008995502248875561,0.0,0.0,0.0,0.0
162,0.675109972446464,0.16619132788707885,0.14951418765408228,0.009184512012374921,0.0,0.0,0.0,0.0
163,0.6704029374818823,0.16876026669243405,0.1514639095564789,0.009372886269204754,0.0,0.0,0.0,0.0
164,0.6657331852638695,0.17130993192023564,0.15334846216986142,0.00960842064603351,0.0,0.0,0.0,0.0
165,0.6608737629736906,0.17402848177649047,0.15544291576152547,0.009654839488293506,0.0,0.0,0.0,0.0
166,0.655717937587421,0.17633724014855545,0.15791250663193943,0.010032315632084118,0.0,0.0,0.0,0.0
167,0.6521299151888974,0.1782478797224364,0.1592135697764071,0.01040863531225906,0.0,0.0,0.0,0.0
168,0.6480473828670487,0.18076756392353252,0.16044686281119083,0.010738190398227957,0.0,0.0,0.0,0.0
169,0.6453491169818585,0.18237813387228718,0.16125306770607767,0.011019681439776718,0.0,0.0,0.0,0.0
170,0.6422080107707843,0.18406500937635237,0.16237918930614992,0.011347790546713468,0.0,0.0,0.0,0.0
171,0.6407384260372098,0.18523147925580502,0.16263641171097543,0.011393682996009808,0.0,0.0,0.0,0.0
172,0.6383459007732578,0.1863022909562461,0.16353681379376592,0.011814994476730224,0.0,0.0,0.0,0.0
173,0.635639191589458,0.18794104939753253,0.16441841486246458,0.01200134415054486,0.0,0.0,0.0,0.0
174,0.6337987620555635,0.18871455304447962,0.16529916990547477,0.012187514994482031,0.0,0.0,0.0,0.0
175,0.6325512211506166,0.189482270524447,0.16582697567295235,0.01213953265198407,0.0,0.0,0.0,0.0
176,0.631361826641723,0.19043507459106826,0.16597112294334918,0.012231975823859547,0.0,0.0,0.0,0.0
177,0.6292958826630878,0.1912955950726166,0.16685040502324688,0.012558117241048746,0.0,0.0,0.0,0.0
178,0.628444103694475,0.191863529637261,0.16704202405481816,0.01265034261344578,0.0,0.0,0.0,0.0
179,0.6285029940119761,0.19204790419161677,0.1667065868263473,0.01274251497005988,0.0,0.0,0.0,0.0
180,0.6284893464208762,0.19190806799138138,0.16667464687574815,0.012927938711994253,0.0,0.0,0.0,0.0
181,0.6313269166307522,0.19053775798496383,0.16530192022219029,0.012833405162093569,0.0,0.0,0.0,0.0
182,0.6337178689387775,0.18807141831410656,0.16523861950122062,0.012972093245895362,0.0,0.0,0.0,0.0
183,0.635415171093563,0.1860732232591529,0.16549413735343382,0.013017468293850204,0.0,0.0,0.0,0.0
184,0.637624994019425,0.18386680063154873,0.1653987847471413,0.013109420601885077,0.0,0.0,0.0,0.0
185,0.6417810512219618,0.18145296283896886,0.16351810225261848,0.013247883686450811,0.0,0.0,0.0,0.0
186,0.6446569447764762,0.1804446569447765,0.16155868993545303,0.013339708343294286,0.0,0.0,0.0,0.0
187,0.6469295101553166,0.1800716845878136,0.15947431302270013,0.013524492234169653,0.0,0.0,0.0,0.0
188,0.650742846223666,0.1789518941384417,0.15664262169779775,0.013662637940094587,0.0,0.0,0.0,0.0
189,0.6528965089068246,0.17961698266392856,0.15373226992693062,0.013754238502316251,0.0,0.0,0.0,0.0
190,0.6563872446056903,0.17758258544968494,0.15213862898606073,0.013891540958564064,0.0,0.0,0.0,0.0
191,0.6584423021857402,0.17605230504915528,0.15152238236136298,0.013983010403741529,0.0,0.0,0.0,0.0
192,0.65997233220436,0.1735438629967085,0.15231598530744644,0.014167819491484997,0.0,0.0,0.0,0.0
193,0.6607551487414187,0.17162471395881007,0.15317505720823799,0.014445080091533181,0.0,0.0,0.0,0.0
194,0.6612011439466158,0.17025738798856052,0.1540514775977121,0.014489990467111535,0.0,0.0,0.0,0.0
195,0.6604573606479276,0.17036684135302524,0.15450214387803715,0.014673654121010005,0.0,0.0,0.0,0.0
196,0.6576992667365013,0.172412151223693,0.1549852395009999,0.014903342538805828,0.0,0.0,0.0,0.0
197,0.6548900104751928,0.1741738882011237,0.15608037329778116,0.014855728025902295,0.0,0.0,0.0,0.0
198,0.651520197935005,0.176285863824523,0.1570633296854927,0.015130608554979302,0.0,0.0,0.0,0.0
199,0.6492555063983635,0.17810760667903525,0.1574615860330146,0.015175300889586603,0.0,0.0,0.0,0.0
200,0.6456153699828799,0.17961765265360471,0.15950161689176337,0.01526536047175195,0.0,0.0,0.0,0.0
201,0.6425175888952273,0.18130823350446854,0.16077200988781137,0.01540216771249287,0.0,0.0,0.0,0.0
202,0.639996198983228,0.1824012923457025,0.161970827196275,0.015631681474794507,0.0,0.0,0.0,0.0
203,0.637689420930122,0.18322169968172533,0.16341266448149733,0.015676214906655266,0.0,0.0,0.0,0.0
204,0.635771971496437,0.18441805225653207,0.16418052256532067,0.015629453681710214,0.0,0.0,0.0,0.0
205,0.6341996484059486,0.18567966931154084,0.16458402622701573,0.015536656055494844,0.0,0.0,0.0,0.0
206,0.6325590233243076,0.1861669279369151,0.16569284119519262,0.015581207543584628,0.0,0.0,0.0,0.0
207,0.6329294369208838,0.1862200047517225,0.16545497742931814,0.015395580898075552,0.0,0.0,0.0,0.0
208,0.6327267544068038,0.18620230911768898,0.16567681854896185,0.015394117926545351,0.0,0.0,0.0,0.0
209,0.6323187235861152,0.18666603352485872,0.1653924687781946,0.015622774110831473,0.0,0.0,0.0,0.0
210,0.6332557808271212,0.18636342054033522,0.16475950809553203,0.015621290537011537,0.0,0.0,0.0,0.0
211,0.6329678674830319,0.1861028050690588,0.16517157909725189,0.015757748350657363,0.0,0.0,0.0,0.0
212,0.6340189046691683,0.1852467581817318,0.16539210563815132,0.015342231510948559,0.0,0.0,0.0,0.0
213,0.6352756802963385,0.1848316474331576,0.16450586503300565,0.01538680723749822,0.0,0.0,0.0,0.0
214,0.6365924307896861,0.18362695284676386,0.1643952704306947,0.015385345932855312,0.0,0.0,0.0,0.0
215,0.6380988557048574,0.18256493044015004,0.16395232894924266,0.015383884905749965,0.0,0.0,0.0,0.0
216,0.639022074531213,0.18134346071682886,0.1642060289579872,0.015428435793971042,0.0,0.0,0.0,0.0
217,0.6409403942056519,0.18047969603419614,0.16342911422464973,0.015150795535502255,0.0,0.0,0.0,0.0
218,0.642134751436304,0.18009591187502969,0.16252789516167324,0.01524144152699302,0.0,0.0,0.0,0.0
219,0.6426095626988272,0.18023835525378662,0.16195812164664547,0.015193960400740706,0.0,0.0,0.0,0.0
220,0.643993730109723,0.17964185626751533,0.16140217546192942,0.014962238160832185,0.0,0.0,0.0,0.0
221,0.6447474699482112,0.1800256568632109,0.1604504204874804,0.014776452701097544,0.0,0.0,0.0,0.0
222,0.6451337101600721,0.17978435377380897,0.16021469624281576,0.014867239823303091,0.0,0.0,0.0,0.0
223,0.6450785812639476,0.17976354399126349,0.1601538388490575,0.015004035895731446,0.0,0.0,0.0,0.0
224,0.6467068711714706,0.17978061636355003,0.15860202288807634,0.014910489576902986,0.0,0.0,0.0,0.0
225,0.6487051556189118,0.17913993822760751,0.15761463530529818,0.014540270848182466,0.0,0.0,0.0,0.0
226,0.6478859857482185,0.17933491686460806,0.15814726840855106,0.014584323040380048,4.750593824228028e-05,0.0,0.0,0.0
227,0.6468828640615355,0.17971606286501116,0.15858696168273112,0.014766630264469872,4.74811262523147e-05,0.0,0.0,0.0
228,0.645620697840019,0.18020413007358177,0.15931640161405175,0.0148112983622122,4.747211013529551e-05,0.0,0.0,0.0
229,0.6451321972753595,0.18066169839084825,0.1593487444818911,0.01480989224854037,4.746760336070632e-05,0.0,0.0,0.0
230,0.644525686069699,0.18075206533092775,0.16000379830975217,0.014670971417719114,4.747887190200361e-05,0.0,0.0,0.0
231,0.6431147385403815,0.18131346683116636,0.16062446616684065,0.014899876625225397,4.745183638606814e-05,0.0,0.0,0.0
232,0.641566693536915,0.18241737398643842,0.16074730902366163,0.015126369197211817,9.483617051543459e-05,0.0,4.7418085257717294e-05,0.0
233,0.6412445456270157,0.1829823562891292,0.16069057104913678,0.014940239043824702,9.485866059571239e-05,0.0,4.7429330297856194e-05,0.0
234,0.6397951441578149,0.18375379362670713,0.16127655538694993,0.014937405159332322,0.0001422610015174507,4.742033383915023e-05,4.742033383915023e-05,0.0
235,0.638095238095238,0.1847903340440654,0.16157308694622127,0.015209665955934613,0.00018952854773750296,9.476427386875148e-05,4.738213693437574e-05,0.0
236,0.6369921394071408,0.18538687375698457,0.16166303627237427,0.015342361966095274,0.0004261767212804243,0.00014205890709347477,4.735296903115826e-05,0.0
237,0.6359977270574865,0.18571834454020267,0.16223127190074818,0.0152003030590018,0.0006155885974050573,0.00014205890709347477,9.470593806231651e-05,0.0
238,0.6352106010411737,0.1860861334595362,0.16218646474207288,0.01519167061050639,0.000946521533364884,0.0001893043066729768,0.0001893043066729768,0.0
239,0.6345926521348527,0.18577710530048702,0.16241902690434537,0.015272589720554163,0.0013712232256844295,0.00028370135703815785,0.00028370135703815785,0.0
240,0.6326925801728617,0.1861805129173948,0.1630850611628017,0.015444197799083738,0.0017475086194681905,0.0003778397015066358,0.0004250696641949653,4.7229962688329476e-05
241,0.6312659303313509,0.18644387803266307,0.16374020579628057,0.015434721042197678,0.0021712451618993676,0.0003776078542433683,0.0005192107995846313,4.7200981780421035e-05
242,0.6302513084068084,0.18624168984864917,0.16403413645150644,0.015465132726672638,0.0027818378990051395,0.0005186477438823142,0.0006600971285774907,4.714979489839219e-05
243,0.6292388847023361,0.18627543330821403,0.16418613413715147,0.015589675960813867,0.0033440090429540316,0.0005651846269781462,0.0007535795026375283,4.709871891484552e-05
244,0.6293229191173011,0.18595021879264104,0.16364748506093257,0.015668376229238227,0.003811226650355244,0.0006587305321601656,0.000893991436503082,4.7052180868583256e-05
245,0.6298194470566109,0.18567801391762273,0.1626857250329133,0.015516268572503291,0.004560842580402483,0.0007523039307880384,0.000940379913485048,4.70189956742524e-05
246,0.6298088214570905,0.18540091126873032,0.1622434120907511,0.015641880783503218,0.004979097186340363,0.0009394522993095025,0.0009394522993095025,4.6972614965475126e-05
247,0.6300206456456456,0.1842623873873874,0.16216216216216217,0.015578078078078077,0.005583708708708709,0.001266891891891892,0.0010792042042042042,4.692192192192192e-05
248,0.629817158931083,0.18429442100328175,0.16155649320206283,0.015518049695264885,0.006094702297233943,0.0014064697609001407,0.0012658227848101266,4.688232536333802e-05
249,0.6293660455098792,0.18391235134375877,0.16120423260604927,0.015497705777694541,0.0070231295065081,0.0014982676280550613,0.0014514467646783407,4.6820863376720664e-05
250,0.6291167664670658,0.18333645209580837,0.16120883233532934,0.015391092814371258,0.007625374251497006,0.001777694610778443,0.0014970059880239522,4.6781437125748506e-05
251,0.6298252173100289,0.18235349098046547,0.16066922142256285,0.015468735395831386,0.008225067763342368,0.001869333582577811,0.0015422002056266941,4.6733339564445275e-05
252,0.6302246298977257,0.1822257507121842,0.1597627609396161,0.015411198804464578,0.008639611450987718,0.002054826507261944,0.0016345210853220007,4.6700602437771445e-05
253,0.6306823485484925,0.18132175861103333,0.15980584336787082,0.01549519275646411,0.00886773079436199,0.002100252030243629,0.0016802016241949033,4.6672267338747314e-05
254,0.6300494449109059,0.18219983207388749,0.1591566377460584,0.015533165407220823,0.00904935161862114,0.002239014833473272,0.0017259072674689804,4.664614236402649e-05
255,0.6293654124119924,0.1818902410593556,0.1599291276169161,0.015619900219144868,0.009138807292395208,0.002284701823098802,0.001725183009278687,4.662656781834289e-05
256,0.6298834498834499,0.18172494172494172,0.15953379953379954,0.015617715617715617,0.00909090909090909,0.0023776223776223776,0.001724941724941725,4.662004662004662e-05
257,0.6292291919097772,0.18189020411967566,0.15984714325659427,0.01570509833162457,0.009087519806132911,0.0024699412806412527,0.0017242986298816293,4.660266567247646e-05
258,0.6285647716682199,0.1825256290773532,0.1598322460391426,0.01565703634669152,0.009133271202236719,0.002516309412861137,0.0017241379310344827,4.659832246039143e-05
259,0.6277889049326937,0.18300805813032744,0.15990497927243932,0.015743630350738273,0.009269178815967208,0.0025152545530765288,0.0017234151567376216,4.657878801993572e-05
260,0.6258788471387996,0.18433673231829398,0.1603110304046189,0.01583088885784793,0.009312287563439959,0.002560879079945989,0.0017227731992363925,4.6561437817199795e-05
261,0.6257331719579182,0.18420072618936784,0.1605064705334699,0.01587375477143655,0.009356670701052044,0.002560283027651057,0.0017223722186016199,4.6550600502746487e-05
262,0.6251454097063888,0.18430971104183147,0.160671909171281,0.01586710716113722,0.009538876739100088,0.002559210832441487,0.001861244241775627,4.6531106044390675e-05
263,0.6249302325581395,0.18395348837209302,0.16097674418604652,0.015906976744186046,0.00972093023255814,0.0025581395348837207,0.0019069767441860465,4.651162790697674e-05
264,0.6254126179738714,0.18438793063368822,0.15988655911478916,0.016039797294155934,0.009763354874703612,0.0025570691338509463,0.0019061788088707054,4.64921660700172e-05
265,0.6249070286351803,0.1844087021197471,0.16023614726664187,0.015944589066567497,0.009854964670881369,0.0026031982149497955,0.0019988843436221644,4.6485682409817774e-05
266,0.6256915709702915,0.18471337579617833,0.1592356687898089,0.015760844297735832,0.009949323538983682,0.0026035612999209634,0.0019991631410107395,4.64921660700172e-05
267,0.6256045386904762,0.18461681547619047,0.1595517113095238,0.015578497023809524,0.00999813988095238,0.0026041666666666665,0.001999627976190476,4.650297619047619e-05
268,0.6247966156849983,0.18492864116033658,0.15987169355213612,0.015573427548696017,0.010134349867509647,0.0026033192320208264,0.0020454651108735068,4.648784342894333e-05
269,0.6244192529269652,0.18504924735179334,0.15972867496747817,0.015656941089016913,0.010406987548782755,0.0026017468871956887,0.002090689462925107,4.6459765842780154e-05
270,0.6244020249872277,0.18471041753750406,0.15981607914170265,0.01565185081974827,0.010496493428080442,0.0027402350099856023,0.002136454414565046,4.6444661186196645e-05
271,0.6233754177497215,0.18473821017452655,0.16046230969179354,0.01578165614556257,0.010722242851838098,0.0027385815076123284,0.0021351652432231713,4.641663572224285e-05
272,0.6226283805724359,0.18509068979913718,0.16031915387113235,0.015679361692257737,0.011133274574384192,0.002829707287655982,0.002226654914876838,9.277728811986825e-05
273,0.6219987021414666,0.18471308055993324,0.16079540187262445,0.01580606285343469,0.011448966348382312,0.002873829609715398,0.0022712524334847503,9.270418095856123e-05
274,0.621347534151424,0.1851354480203751,0.16031488770548738,0.015929613336420467,0.01185459597128965,0.0029636489928224125,0.00236165779115536,9.261403102570039e-05
275,0.620378510943501,0.18559992596362962,0.16028874184443107,0.016010365091851372,0.012216001110545556,0.0030077275461570497,0.00240618203692564,9.254546295867845e-05
276,0.6207454679985202,0.1848409174990751,0.1601923788383278,0.016000739918608953,0.012532371439141694,0.003098409174990751,0.0024509803921568627,0.00013873473917869035
277,0.6201367710932446,0.1850106274835967,0.16005914425653822,0.016126051196747065,0.012937806117734036,0.0030958321781720728,0.00249514832270585,0.0001386193512614361
278,0.6199759770858357,0.1843296682989929,0.1606301395176938,0.015938279589762544,0.013351196525917028,0.0030952600942437403,0.00254088515199113,0.00013859373556315255
279,0.6206052206052206,0.18382998382998383,0.16045276045276044,0.015754215754215754,0.013444213444213444,0.003234003234003234,0.002541002541002541,0.0001386001386001386
280,0.6201117318435754,0.18454222263262385,0.15984117456946303,0.01588254305369592,0.013620204072210167,0.003324253197285193,0.0025393600812595226,0.00013851054988688304
281,0.6207485347731783,0.1843647607180765,0.15893672989062715,0.015782915686003044,0.014029258387558263,0.00341501684433984,0.0025843370713923117,0.00013844662882458813
282,0.6206292093366547,0.18401144016975735,0.1591475228342098,0.015822492849893902,0.014115693329642956,0.0035058584740289694,0.002629393855521727,0.0001383891502906172
283,0.620517790391804,0.18464165397572568,0.15879828326180256,0.01550602242835387,0.01416770501638285,0.0035534634731644284,0.002676634823942037,0.00013844662882458813
284,0.6210030914040511,0.18437687445208323,0.15849213306879528,0.01550316061458958,0.01416509020440179,0.0035989479998154387,0.0027222811793475754,0.0001384210769159784
285,0.6214196762141968,0.1841704718417047,0.15806466491397997,0.015543563488768968,0.014344356810110235,0.0035976200359762005,0.0027212766938794334,0.0001383700013837
286,0.6206896551724138,0.18435367877558548,0.15830721003134796,0.015627881246542505,0.014567582518900977,0.003595795685045178,0.0027198967361239165,0.00013829983404019914
287,0.6205021884358443,0.18442755125547108,0.15802810412347384,0.015710665745219995,0.014651002073255011,0.0036857866850956,0.00285648468094909,0.00013821700069108501
288,0.6208596305339291,0.18427235454001015,0.15773713548624868,0.015617082047265859,0.014787856451835814,0.0037315151794352053,0.002856221495370157,0.0001382042659050076
289,0.6201621820862514,0.18531146332473278,0.15739034279395503,0.015388868411352745,0.014974198304460007,0.003732030962034648,0.002902690748249171,0.00013822336896424624
290,0.6195191599115696,0.18570375829034635,0.15742446573323507,0.015429255711127488,0.015198968312453943,0.0037306558585114224,0.002855563743551953,0.00013817243920412675
291,0.6183592671024768,0.18612466623699475,0.15790442868980756,0.015514225209465058,0.01528404382653531,0.003728938403461928,0.002946321701500783,0.0001381088297578492
292,0.6188130208573138,0.18624246051844007,0.15746581334315576,0.015424282885952392,0.015194069708550117,0.0037754961093973017,0.002946728670749114,0.0001381279064413647
293,0.61795166858458,0.18738780207134637,0.15700805523590333,0.015420023014959724,0.015143843498273878,0.003958573072497123,0.002991944764096663,0.0001380897583429229
294,0.6179299553591974,0.18721524230291317,0.15707119517695245,0.015371162961940264,0.015279120069952598,0.004003865801463482,0.0029913939895991532,0.00013806433798149937
295,0.6182872394275459,0.18632368505821176,0.1575169113248355,0.015277713864985505,0.015415765496295615,0.004003497307993189,0.0030371358888224196,0.00013805163131011
296,0.6180137080822485,0.18607111642669857,0.15787294723768341,0.015364092184553107,0.015410092460554763,0.0040480242881457285,0.003082018492110953,0.00013800082800496802
297,0.6172669150453061,0.18619198748907595,0.15850236879628352,0.015362678809622372,0.01540867485396256,0.004047651901936434,0.003081734970792512,0.00013798813302056022
298,0.6153563218390805,0.18763218390804598,0.15875862068965518,0.015448275862068966,0.015448275862068966,0.004137931034482759,0.0030804597701149425,0.00013793103448275863
299,0.6149958651107231,0.18731048424147753,0.15905540751630984,0.015666636037857208,0.015528806395295415,0.004180832491041073,0.003124138564733989,0.00013782964256179363
300,0.6148124339960512,0.18738234078699664,0.15877680334266955,0.015703200330593692,0.015703200330593692,0.004316084301391248,0.0031681895403829377,0.0001377473713209973
301,0.6163452708907254,0.18700642791551883,0.15748393021120294,0.0155188246097337,0.015977961432506887,0.004315886134067953,0.0032139577594123047,0.0001377410468319559
302,0.6168893787023005,0.1865729898516784,0.15736786517885842,0.015337282453965193,0.01602608256417321,0.004408320705331313,0.0032603205216512835,0.00013776002204160352
303,0.6155257845476234,0.18714443017067353,0.15764360433106991,0.015553312534409983,0.0160579922921637,0.004542117819783447,0.0033492383923655715,0.00018351991191044228
304,0.6157728127723999,0.18741111162086527,0.15703995962747166,0.015414965362205808,0.01605725558563105,0.0045877873101803,0.003486718355737028,0.000229389365509015
305,0.6151517930844722,0.18760891497752913,0.1572502980830964,0.015454462074658351,0.016050628267449327,0.0045858937906998075,0.003668715032559846,0.00022929468953499036
306,0.6145594572293023,0.18781516457320988,0.1572843128266251,0.015402952232511232,0.016319794627303565,0.00467589621344091,0.0037132116989089577,0.0002292105986980838
307,0.6145771258308503,0.187439834975934,0.15764382305752922,0.01531056612422645,0.016227366490946596,0.004721521888608755,0.003850561540224616,0.00022920009168003668
308,0.6149438459775384,0.18711895484758193,0.1575521430208572,0.01512720605088242,0.016364886545954617,0.004675681870272748,0.0039880815952326384,0.00022920009168003668
309,0.6148701268954143,0.18667827202345505,0.15786339273443584,0.015438178569792477,0.016262769710018783,0.004626872509047597,0.0040313344633286,0.0002290530945073068
310,0.6146591585404935,0.1866959666712448,0.15771643089319232,0.015611408689282607,0.016389690060889073,0.004669688229638786,0.004028750629492286,0.00022890628576660715
311,0.6144765739385066,0.1869967057101025,0.15725658857979502,0.0157393850658858,0.016517203513909225,0.004758418740849195,0.004026354319180088,0.0002287701317715959
312,0.6144032921810699,0.1866026520347508,0.1574302697759488,0.01595793324188386,0.016552354823959763,0.00489254686785551,0.003932327389117513,0.00022862368541380886
313,0.6136301307249291,0.18717433037754821,0.15746411920650882,0.016043514032361275,0.01659201023859585,0.004936465856111162,0.003930889478014444,0.00022854008593107232
314,0.6129798903107861,0.1879798903107861,0.15735831809872028,0.016087751371115174,0.016453382084095063,0.004981718464351005,0.003930530164533821,0.00022851919561243144
315,0.6141329189139775,0.18758570253222415,0.15668708291434316,0.015997806015175062,0.016317762135478562,0.004982173873297377,0.004068013529573087,0.00022854008593107232
316,0.6144038751542293,0.18731435360782342,0.15669697939039437,0.016131243430973816,0.016131243430973816,0.005026733080473427,0.004067084037837591,0.00022848786729424668
317,0.6134411549707602,0.18813961988304093,0.15670687134502925,0.016127558479532164,0.016264619883040937,0.004979897660818714,0.004111842105263158,0.00022843567251461987
318,0.6136976287293827,0.1881482158358843,0.1565769634943117,0.01612829533513044,0.016311052222780648,0.004888746744642939,0.004020651528304473,0.00022844610956275415
319,0.6130506305976969,0.18895083165783222,0.15655273259002012,0.016039115335404863,0.016221897276549078,0.00488941692560775,0.004066898190458783,0.0002284774264302687
320,0.6129548363503383,0.18993417443774,0.1559700127994149,0.015907844212835986,0.015907844212835986,0.00498262936551472,0.004114097641250686,0.00022856098006948254
321,0.6135802469135803,0.18939186099679928,0.1561042524005487,0.01577503429355281,0.015683584819387288,0.005029721079103796,0.004206675811614083,0.00022862368541380886
322,0.6136956223411555,0.19024747266822195,0.15557385298019305,0.015735785188234756,0.015278349572297699,0.005077535336901331,0.004162664105027218,0.00022871780796852843
323,0.6145680819912153,0.1903367496339678,0.15487737920937042,0.01569363103953148,0.015144582723279648,0.005124450951683748,0.004072108345534407,0.00018301610541727673
324,0.6137517727251933,0.19040212269545725,0.1556338350336246,0.015737224941671624,0.015096756484743127,0.0052152431492748985,0.00398005398234137,0.00018299098769385607
325,0.6141426153775785,0.1902300690664593,0.15537666376983947,0.015780085075241274,0.015185473173855372,0.005260028358413759,0.003842107670493528,0.00018295750811873942
326,0.6138047754093862,0.19055896075381942,0.15552099533437014,0.01578080687951697,0.015140426310493093,0.005214527490622999,0.003796541944927271,0.00018296587686396487
327,0.614462242562929,0.1908924485125858,0.15491990846681922,0.015560640732265447,0.015011441647597254,0.005125858123569794,0.0038443935926773453,0.00018306636155606407
328,0.6142471272261136,0.19173190495811016,0.15446596163530651,0.015336721146362678,0.015062033603442751,0.005081719544018678,0.0038914068580323214,0.00018312502861328572
329,0.6142255198314556,0.19231473848126776,0.15434643217001007,0.015251442704039572,0.014656041036914903,0.005038014106439498,0.00393881102867088,0.00022900064120179536
330,0.6149122405022684,0.19220017414417304,0.15430090280005498,0.015123046606479996,0.014664772466889693,0.004811878465698181,0.003757847944640484,0.00022913706979515145
331,0.6148277126099707,0.19240285923753667,0.15432551319648094,0.015258431085043989,0.014433651026392961,0.004719574780058651,0.003803152492668622,0.00022910557184750734
332,0.6158078122134605,0.1922794791857693,0.15399779937649,0.015175132954337062,0.01421236016871447,0.004538785989363653,0.0037593984962406013,0.0002292316156244269
333,0.6160370438290849,0.19218778653951954,0.1540436456996149,0.015312671923711718,0.014074821199339813,0.004447093343113882,0.0036677058499908306,0.0002292316156244269
334,0.6155927539555148,0.19215776198119697,0.1547810135290071,0.015180004586104105,0.013987617518917679,0.004448520981426278,0.003623022242604907,0.00022930520522815867
335,0.6151023029635746,0.1922653454445362,0.15547297917240113,0.015093127809890815,0.01394623359941279,0.004312322231397376,0.0035783099366914397,0.0002293788420956051
336,0.6153175477239354,0.19204295154185022,0.1557452276064611,0.015005506607929516,0.013858296622613803,0.004175844346549193,0.0036251835535976505,0.00022944199706314243
337,0.6159845843273996,0.1918241879243898,0.15530372545421178,0.015048632776656266,0.013855753349238392,0.004083318040007341,0.0036703982382088455,0.00022939988988805284
338,0.6155010318734235,0.19137812428342124,0.15583581747305664,0.014950699380875947,0.01426278376519147,0.004035771612015592,0.003806466406787434,0.00022930520522815867
339,0.615388142509973,0.19152643404099226,0.15566967765601358,0.014947957265349168,0.014397725709569443,0.003989178779402999,0.0038516208904580676,0.00022926314824155166
340,0.6152470890253965,0.1917117447510773,0.15545062803704043,0.014898688915375448,0.014623636196937746,0.003988264417346658,0.003850738058127808,0.0002292105986980838
341,0.6144611436950147,0.19153225806451613,0.15620417888563048,0.01498350439882698,0.014708577712609971,0.003940615835777126,0.003940615835777126,0.00022910557184750734
342,0.6136790508039763,0.19212973567272895,0.15635164231068763,0.015071693618580788,0.014567776810664712,0.0040313344633286,0.003939713225525677,0.0002290530945073068
343,0.6139289805269187,0.19202749140893471,0.15628865979381443,0.014891179839633447,0.014662084765177549,0.003940435280641467,0.004032073310423826,0.0002290950744558992
344,0.6137810968067073,0.1919182663673432,0.15654922802034177,0.014889815366289458,0.01456911165070784,0.003985889036514409,0.004077518669537729,0.00022907408255829934
345,0.613612421563688,0.19218614024641598,0.1562313928456923,0.0148399212201713,0.014702514542206752,0.004076398112948289,0.004076398112948289,0.00027481335592909815
346,0.6139828762419303,0.19165789112220136,0.15631152419761,0.015017627398012911,0.014651343802939426,0.004120690444576714,0.003983334096424157,0.00027471269630511424
347,0.6135500114442665,0.19180590524147403,0.15642023346303502,0.014923323414969101,0.014785992217898832,0.004257267109178301,0.003982604715037766,0.0002746623941405356
348,0.6138994372512239,0.1913345838861692,0.1561513473944274,0.01496088209726861,0.01509813789632612,0.004254929770782815,0.004026170105686965,0.00027451159811502036
349,0.6124119637793836,0.19203329369797859,0.15663587304490992,0.014954724229397238,0.015229122839110949,0.004436110857038324,0.004024512942467758,0.0002743986097137108
350,0.6116926452438635,0.19280522923618412,0.1563285642455547,0.015084335146500892,0.015312885679023632,0.004479590437445719,0.004022489372400238,0.00027426063902728895
351,0.6117157490396927,0.19293030912749223,0.15648436070971283,0.014907627583683922,0.015227730016462411,0.004572891896835559,0.003886958112310225,0.0002743735138101335
352,0.61176363054705,0.19340980759563092,0.15570586353457339,0.015127279374800054,0.015264384625931174,0.004570175037703944,0.003930350532425392,0.0002285087518851972
353,0.610859935150934,0.19427318810796,0.1553180801022971,0.01529889939261086,0.015390236105402567,0.004703840708772891,0.003927478650043385,0.00022834178197926657
354,0.6098863480761331,0.1948514309188005,0.15541558263727234,0.015427449906431146,0.015381806563512712,0.004883837692272582,0.00392532749098544,0.00022821671459217674
355,0.6089456869009585,0.19557279780921955,0.1556366955727978,0.01538110451848471,0.015335463258785943,0.004883614787768142,0.004016430853491557,0.00022820629849383843
356,0.6091282519397535,0.19552715654952077,0.15559105431309905,0.01538110451848471,0.01538110451848471,0.004746691008671839,0.004016430853491557,0.00022820629849383843
357,0.609467725737241,0.195152013147083,0.15571076417419885,0.015201314708299097,0.015429562676892175,0.00479320734045467,0.0040171642472382,0.00022824796859307952
358,0.6079835766423358,0.1958485401459854,0.15625,0.015465328467153285,0.01541970802919708,0.004744525547445255,0.0040602189781021895,0.0002281021897810219
359,0.6079003785978196,0.19586735392054008,0.15636546093144185,0.015554440541896638,0.01523514117593395,0.00469826209916526,0.004105277562377412,0.0002736851708251608
360,0.608604407135362,0.1945800447100689,0.1571695789041471,0.015511656553674895,0.015237921438021808,0.004562251927551439,0.004060404215520781,0.0002737351156530864
361,0.6088266167678336,0.1950162019077176,0.1567249326822144,0.015289124184199717,0.015060928300853453,0.0047008351969330476,0.00410752590023276,0.00027383506001551735
362,0.6087194704405386,0.19475005706459714,0.15731568135128965,0.015156356996119608,0.015065053640721297,0.004656471125313855,0.004062999315224834,0.00027391006619493266
363,0.6085467744144638,0.19490480756060813,0.15746701365109803,0.015112085102497374,0.014975117563804045,0.004656896315573209,0.004063370314568781,0.00027393507738665936
364,0.608435659834756,0.19532569498333865,0.15716437668325192,0.015200620806135025,0.014835440726708359,0.004747341032546675,0.00401698087369334,0.00027388505957000043
365,0.6074036881504473,0.1957732335220011,0.1576593025378857,0.01506299068833303,0.014971699835676465,0.0047927697644696,0.00406244294321709,0.00027387255796969143
366,0.608441439795359,0.1956422437420062,0.1572720628540106,0.014799926913941166,0.014845605700712588,0.004750593824228029,0.004019733235885255,0.00022839393385711677
367,0.6082290620147959,0.19622796602429446,0.15686364051511553,0.014932870581788292,0.014932870581788292,0.004657959631016531,0.003927299296739429,0.00022833135446159467
368,0.6074510341049172,0.19668538556362142,0.15705611103501804,0.014883805871341825,0.015020773410035155,0.0047482080080354285,0.0039264027758754505,0.00022827923115554947
369,0.6080482345955328,0.19613575115333667,0.15731055588544285,0.014707897501484492,0.01493628100306034,0.004796053533092769,0.0038825195267893848,0.00018270680126067693
370,0.606048166392994,0.19690749863163656,0.15777230432402847,0.015188834154351396,0.015097609925196133,0.004880496259806605,0.003922641853676336,0.00018244845831052726
371,0.6063494959631437,0.1967796378232906,0.15782511517584272,0.01523514117593395,0.015143912785658896,0.00469826209916526,0.003785978196414724,0.0001824567805501072
372,0.6066134549600912,0.19653363740022806,0.15785632839224628,0.01532497149372862,0.015051311288483466,0.004743443557582668,0.0037400228050171037,0.00013683010262257697
