btrf_pt-O+,btrf_pt-A+,btrf_pt-B+,btrf_pt-AB+,btrf_pt-O-,btrf_pt-A-,btrf_pt-B-,btrf_pt-AB-
1.0,0.0,0.0,0.0,0.0,0.0,0.0,0.0
1.0,0.0,0.0,0.0,0.0,0.0,0.0,0.0
1.0,0.0,0.0,0.0,0.0,0.0,0.0,0.0
1.0,0.0,0.0,0.0,0.0,0.0,0.0,0.0
1.0,0.0,0.0,0.0,0.0,0.0,0.0,0.0
1.0,0.0,0.0,0.0,0.0,0.0,0.0,0.0
1.0,0.0,0.0,0.0,0.0,0.0,0.0,0.0
1.0,0.0,0.0,0.0,0.0,0.0,0.0,0.0
1.0,0.0,0.0,0.0,0.0,0.0,0.0,0.0
1.0,0.0,0.0,0.0,0.0,0.0,0.0,0.0
1.0,0.0,0.0,0.0,0.0,0.0,0.0,0.0
1.0,0.0,0.0,0.0,0.0,0.0,0.0,0.0
1.0,0.0,0.0,0.0,0.0,0.0,0.0,0.0
1.0,0.0,0.0,0.0,0.0,0.0,0.0,0.0
1.0,0.0,0.0,0.0,0.0,0.0,0.0,0.0
1.0,0.0,0.0,0.0,0.0,0.0,0.0,0.0
1.0,0.0,0.0,0.0,0.0,0.0,0.0,0.0
1.0,0.0,0.0,0.0,0.0,0.0,0.0,0.0
1.0,0.0,0.0,0.0,0.0,0.0,0.0,0.0
1.0,0.0,0.0,0.0,0.0,0.0,0.0,0.0
1.0,0.0,0.0,0.0,0.0,0.0,0.0,0.0
1.0,0.0,0.0,0.0,0.0,0.0,0.0,0.0
1.0,0.0,0.0,0.0,0.0,0.0,0.0,0.0
1.0,0.0,0.0,0.0,0.0,0.0,0.0,0.0
1.0,0.0,0.0,0.0,0.0,0.0,0.0,0.0
1.0,0.0,0.0,0.0,0.0,0.0,0.0,0.0
1.0,0.0,0.0,0.0,0.0,0.0,0.0,0.0
1.0,0.0,0.0,0.0,0.0,0.0,0.0,0.0
1.0,0.0,0.0,0.0,0.0,0.0,0.0,0.0
1.0,0.0,0.0,0.0,0.0,0.0,0.0,0.0
1.0,0.0,0.0,0.0,0.0,0.0,0.0,0.0
1.0,0.0,0.0,0.0,0.0,0.0,0.0,0.0
1.0,0.0,0.0,0.0,0.0,0.0,0.0,0.0
1.0,0.0,0.0,0.0,0.0,0.0,0.0,0.0
1.0,0.0,0.0,0.0,0.0,0.0,0.0,0.0
1.0,0.0,0.0,0.0,0.0,0.0,0.0,0.0
1.0,0.0,0.0,0.0,0.0,0.0,0.0,0.0
1.0,0.0,0.0,0.0,0.0,0.0,0.0,0.0
1.0,0.0,0.0,0.0,0.0,0.0,0.0,0.0
1.0,0.0,0.0,0.0,0.0,0.0,0.0,0.0
1.0,0.0,0.0,0.0,0.0,0.0,0.0,0.0
1.0,0.0,0.0,0.0,0.0,0.0,0.0,0.0
1.0,0.0,0.0,0.0,0.0,0.0,0.0,0.0
1.0,0.0,0.0,0.0,0.0,0.0,0.0,0.0
1.0,0.0,0.0,0.0,0.0,0.0,0.0,0.0
1.0,0.0,0.0,0.0,0.0,0.0,0.0,0.0
1.0,0.0,0.0,0.0,0.0,0.0,0.0,0.0
1.0,0.0,0.0,0.0,0.0,0.0,0.0,0.0
1.0,0.0,0.0,0.0,0.0,0.0,0.0,0.0
1.0,0.0,0.0,0.0,0.0,0.0,0.0,0.0
1.0,0.0,0.0,0.0,0.0,0.0,0.0,0.0
1.0,0.0,0.0,0.0,0.0,0.0,0.0,0.0
1.0,0.0,0.0,0.0,0.0,0.0,0.0,0.0
1.0,0.0,0.0,0.0,0.0,0.0,0.0,0.0
1.0,0.0,0.0,0.0,0.0,0.0,0.0,0.0
1.0,0.0,0.0,0.0,0.0,0.0,0.0,0.0
1.0,0.0,0.0,0.0,0.0,0.0,0.0,0.0
1.0,0.0,0.0,0.0,0.0,0.0,0.0,0.0
1.0,0.0,0.0,0.0,0.0,0.0,0.0,0.0
1.0,0.0,0.0,0.0,0.0,0.0,0.0,0.0
1.0,0.0,0.0,0.0,0.0,0.0,0.0,0.0
1.0,0.0,0.0,0.0,0.0,0.0,0.0,0.0
1.0,0.0,0.0,0.0,0.0,0.0,0.0,0.0
1.0,0.0,0.0,0.0,0.0,0.0,0.0,0.0
1.0,0.0,0.0,0.0,0.0,0.0,0.0,0.0
1.0,0.0,0.0,0.0,0.0,0.0,0.0,0.0
1.0,0.0,0.0,0.0,0.0,0.0,0.0,0.0
1.0,0.0,0.0,0.0,0.0,0.0,0.0,0.0
1.0,0.0,0.0,0.0,0.0,0.0,0.0,0.0
1.0,0.0,0.0,0.0,0.0,0.0,0.0,0.0
1.0,0.0,0.0,0.0,0.0,0.0,0.0,0.0
1.0,0.0,0.0,0.0,0.0,0.0,0.0,0.0
1.0,0.0,0.0,0.0,0.0,0.0,0.0,0.0
1.0,0.0,0.0,0.0,0.0,0.0,0.0,0.0
1.0,0.0,0.0,0.0,0.0,0.0,0.0,0.0
1.0,0.0,0.0,0.0,0.0,0.0,0.0,0.0
1.0,0.0,0.0,0.0,0.0,0.0,0.0,0.0
1.0,0.0,0.0,0.0,0.0,0.0,0.0,0.0
1.0,0.0,0.0,0.0,0.0,0.0,0.0,0.0
1.0,0.0,0.0,0.0,0.0,0.0,0.0,0.0
1.0,0.0,0.0,0.0,0.0,0.0,0.0,0.0
1.0,0.0,0.0,0.0,0.0,0.0,0.0,0.0
1.0,0.0,0.0,0.0,0.0,0.0,0.0,0.0
1.0,0.0,0.0,0.0,0.0,0.0,0.0,0.0
1.0,0.0,0.0,0.0,0.0,0.0,0.0,0.0
1.0,0.0,0.0,0.0,0.0,0.0,0.0,0.0
1.0,0.0,0.0,0.0,0.0,0.0,0.0,0.0
1.0,0.0,0.0,0.0,0.0,0.0,0.0,0.0
1.0,0.0,0.0,0.0,0.0,0.0,0.0,0.0
1.0,0.0,0.0,0.0,0.0,0.0,0.0,0.0
1.0,0.0,0.0,0.0,0.0,0.0,0.0,0.0
1.0,0.0,0.0,0.0,0.0,0.0,0.0,0.0
1.0,0.0,0.0,0.0,0.0,0.0,0.0,0.0
1.0,0.0,0.0,0.0,0.0,0.0,0.0,0.0
1.0,0.0,0.0,0.0,0.0,0.0,0.0,0.0
1.0,0.0,0.0,0.0,0.0,0.0,0.0,0.0
1.0,0.0,0.0,0.0,0.0,0.0,0.0,0.0
1.0,0.0,0.0,0.0,0.0,0.0,0.0,0.0
1.0,0.0,0.0,0.0,0.0,0.0,0.0,0.0
1.0,0.0,0.0,0.0,0.0,0.0,0.0,0.0
0.9867359564464242,0.013264043553575848,0.0,0.0,0.0,0.0,0.0,0.0
0.9734745385262533,0.026525461473746723,0.0,0.0,0.0,0.0,0.0,0.0
0.9602157454599436,0.02652283636003761,0.013261418180018804,0.0,0.0,0.0,0.0,0.0
0.9469595764682599,0.02652021176587007,0.02652021176587007,0.0,0.0,0.0,0.0,0.0
0.9469648246178202,0.026517587691089892,0.026517587691089892,0.0,0.0,0.0,0.0,0.0
0.9469700717289141,0.026514964135542912,0.026514964135542912,0.0,0.0,0.0,0.0,0.0
0.94697531780185,0.026512341099075035,0.026512341099075035,0.0,0.0,0.0,0.0,0.0
0.9469805628369355,0.026509718581532223,0.026509718581532223,0.0,0.0,0.0,0.0,0.0
0.946985806834479,0.026507096582760497,0.026507096582760497,0.0,0.0,0.0,0.0,0.0
0.9469884284442687,0.026505785777865692,0.026505785777865692,0.0,0.0,0.0,0.0,0.0
0.9470431170886076,0.02645371835443038,0.026503164556962024,0.0,0.0,0.0,0.0,0.0
0.9470483536042718,0.026451102541283498,0.026500543854444773,0.0,0.0,0.0,0.0,0.0
0.9470067724553858,0.026496613772307085,0.026496613772307085,0.0,0.0,0.0,0.0,0.0
0.946913153081904,0.026493994365083286,0.026592852553012702,0.0,0.0,0.0,0.0,0.0
0.9468195522166757,0.026540799683685067,0.0266396480996392,0.0,0.0,0.0,0.0,0.0
0.9468742278230788,0.02653817642698295,0.026587595749938225,0.0,0.0,0.0,0.0,0.0
0.9466844549856706,0.026682478505781204,0.026633066508548277,0.0,0.0,0.0,0.0,0.0
0.9466429524232992,0.026678523788350377,0.026678523788350377,0.0,0.0,0.0,0.0,0.0
0.9466482240774589,0.026675887961270562,0.026675887961270562,0.0,0.0,0.0,0.0,0.0
0.94665085951393,0.026674570243034972,0.026674570243034972,0.0,0.0,0.0,0.0,0.0
0.9459673037980936,0.027362078332592483,0.026670617869313972,0.0,0.0,0.0,0.0,0.0
0.9446886265988443,0.028594004642204553,0.02671736875895106,0.0,0.0,0.0,0.0,0.0
0.9428698400158009,0.029774837053130554,0.027355322931068536,0.0,0.0,0.0,0.0,0.0
0.9404244817374137,0.030997038499506416,0.02843040473840079,0.00014807502467917077,0.0,0.0,0.0,0.0
0.9379749333859666,0.03192539228264088,0.029852955689331887,0.0002467186420605941,0.0,0.0,0.0,0.0
0.9361555160844681,0.03276100256562068,0.030836787053483323,0.00024669429642786657,0.0,0.0,0.0,0.0
0.9341456195737964,0.033543804262036306,0.032014601420678766,0.00029597474348855567,0.0,0.0,0.0,0.0
0.9325244155075466,0.034477656111275526,0.03270198283515833,0.0002959455460195324,0.0,0.0,0.0,0.0
0.9308048924837246,0.03531268494772145,0.03358650621424344,0.0002959163543105149,0.0,0.0,0.0,0.0
0.9282544378698225,0.03658777120315582,0.034812623274161736,0.00034516765285996055,0.0,0.0,0.0,0.0
0.9259094942324756,0.03805580203095731,0.03559104801340826,0.00044365572315882877,0.0,0.0,0.0,0.0
0.9230579652996845,0.039826498422712936,0.03667192429022082,0.0004436119873817035,0.0,0.0,0.0,0.0
0.9206012814194184,0.04075899457861015,0.0381961557417447,0.00044356826022671266,0.0,0.0,0.0,0.0
0.9182929233195348,0.041986989946777055,0.03927656219199684,0.0004435245416913069,0.0,0.0,0.0,0.0
0.9152542372881356,0.043801734331888054,0.04045132045723295,0.0004927079227433977,0.0,0.0,0.0,0.0
0.9123731652053985,0.04497093882376121,0.04206482119988179,0.0005910747709585262,0.0,0.0,0.0,0.0
0.9097400039393343,0.04609021075438251,0.043480401812093755,0.000689383494189482,0.0,0.0,0.0,0.0
0.906754627806223,0.04765655769988184,0.04485033477747145,0.0007384797164237889,0.0,0.0,0.0,0.0
0.9038101801713104,0.049227133996258735,0.046224278822486954,0.0007384070099438811,0.0,0.0,0.0,0.0
0.9011124237054539,0.05074817877534948,0.047401063201417605,0.0007383343177790904,0.0,0.0,0.0,0.0
0.8987204724409449,0.051820866141732286,0.04867125984251969,0.0007874015748031496,0.0,0.0,0.0,0.0
0.897352622773349,0.05206180494045862,0.049798248203916935,0.0007873240822753666,0.0,0.0,0.0,0.0
0.8961818539657548,0.052401102145247,0.05062979728399921,0.000787246604999016,0.0,0.0,0.0,0.0
0.8960003935652089,0.05259015103064889,0.05062232498647119,0.0007871304176710779,0.0,0.0,0.0,0.0
0.8952779144121987,0.0529758976881456,0.05090998524348254,0.0008362026561731431,0.0,0.0,0.0,0.0
0.8945556484532533,0.053312349382776764,0.05129592288398171,0.0008360792799881966,0.0,0.0,0.0,0.0
0.8938283747233833,0.053552987460044256,0.05178264076715024,0.0008359970494221785,0.0,0.0,0.0,0.0
0.8930081620611663,0.05398760940112105,0.05216835480381552,0.0008358737338971384,0.0,0.0,0.0,0.0
0.8919862340216322,0.05462143559488692,0.05255653883972468,0.0008357915437561455,0.0,0.0,0.0,0.0
0.8912156515754805,0.05495747923118517,0.05299120090448803,0.0008356682888462862,0.0,0.0,0.0,0.0
0.8899975423937085,0.05559105431309904,0.05357581715409192,0.0008355861391005161,0.0,0.0,0.0,0.0
0.8890745564456677,0.05607706295768418,0.054012876591143656,0.000835504005504497,0.0,0.0,0.0,0.0
0.8880534670008354,0.05680868838763575,0.05430242272347535,0.000835421888053467,0.0,0.0,0.0,0.0
0.8864864864864865,0.05764127764127764,0.055036855036855035,0.0008353808353808354,0.0,0.0,0.0,0.0
0.8851162105056263,0.05803154636135816,0.05601690334627291,0.0008353397867426662,0.0,0.0,0.0,0.0
0.883136022007172,0.058996905241440294,0.05693373286830083,0.0009333398830868989,0.0,0.0,0.0,0.0
0.8814891213594617,0.05982024458523648,0.057708364029271646,0.0009822700260301556,0.0,0.0,0.0,0.0
0.8794873054068654,0.06104208613662034,0.05848843490644797,0.0009821735500662968,0.0,0.0,0.0,0.0
0.8774979132911082,0.062012078362056265,0.05945892865910542,0.0010310796877301518,0.0,0.0,0.0,0.0
0.8758468335787923,0.06303387334315169,0.06008836524300442,0.0010309278350515464,0.0,0.0,0.0,0.0
0.8737239890066745,0.06419316843345112,0.060954063604240286,0.0011287789556340792,0.0,0.0,0.0,0.0
0.8721295387634936,0.06516192345436703,0.06153091265947007,0.0011776251226692837,0.0,0.0,0.0,0.0
0.8699470172684458,0.06622841444270015,0.06259811616954473,0.0012264521193092622,0.0,0.0,0.0,0.0
0.8682558367667256,0.06700019619383951,0.06346870708259761,0.0012752599568373554,0.0,0.0,0.0,0.0
0.8665653197332287,0.06786975284425265,0.06424087877599058,0.0013240486465280503,0.0,0.0,0.0,0.0
0.8647774073347715,0.06883702686801334,0.06501274759756816,0.0013728181996469895,0.0,0.0,0.0,0.0
0.8633467307126752,0.06974806391530242,0.06543476129791197,0.0014704440741103812,0.0,0.0,0.0,0.0
0.8615738925911407,0.07051156409251275,0.06634653077224618,0.0015680125441003528,0.0,0.0,0.0,0.0
0.859557166650338,0.07142157342999902,0.0673557362594298,0.0016655236602331734,0.0,0.0,0.0,0.0
0.8577864838393732,0.07223310479921645,0.06821743388834477,0.001762977473065622,0.0,0.0,0.0,0.0
0.8563944379161771,0.07295338817077948,0.06884057971014493,0.0018115942028985507,0.0,0.0,0.0,0.0
0.8547723935389133,0.07420460107684777,0.06911404796867351,0.0019089574155653451,0.0,0.0,0.0,0.0
0.8530879906038955,0.07511989820886758,0.06983458940980719,0.001957521777429774,0.0,0.0,0.0,0.0
0.8519913885898815,0.07583912320187886,0.0701634210783834,0.0020060671298561504,0.0,0.0,0.0,0.0
0.850706843418285,0.07645648877366336,0.07073325832803405,0.0020544929804823166,4.8916499535293254e-05,0.0,0.0,0.0
0.8494302899897306,0.07706978336348966,0.07129933004058878,0.002151694459386767,4.8902146804244705e-05,0.0,0.0,0.0
0.8486137597183512,0.07760011735367464,0.07158574152853162,0.002151484035010513,4.889736443205711e-05,0.0,0.0,0.0
0.8476879460357806,0.07791572978785805,0.07200117313520384,0.002150747873692443,0.00019552253397204028,0.0,4.888063349301007e-05,0.0
0.8471462079749804,0.07823494917904612,0.07202892885066459,0.0021501172791243157,0.00034206411258795935,0.0,9.773260359655981e-05,0.0
0.8466950021984464,0.07870438223655284,0.07186477111729933,0.0021495920660511017,0.0004885436513752504,0.0,9.770873027505007e-05,0.0
0.8470519271164085,0.07855014410629671,0.07166235161936398,0.0021493820526598604,0.0004884959210590591,0.0,9.769918421181183e-05,0.0
0.8475139200937775,0.07805021002246752,0.07165185112826024,0.002149067109504738,0.0005372667773761845,0.0,9.768486861385171e-05,0.0
0.8487423687423687,0.0776068376068376,0.07086691086691087,0.002148962148962149,0.0005372405372405372,0.0,9.768009768009768e-05,0.0
0.8505247742250427,0.07717842323651453,0.06917256529167684,0.002196729314132292,0.0008298755186721991,0.0,9.76324139614352e-05,0.0
0.8513783849719444,0.0771895584288851,0.06801658941205171,0.002244449865820932,0.0010734325445230545,0.0,9.758477677482313e-05,0.0
0.8521807005561518,0.07683676456239633,0.06751878232022636,0.002244121377695385,0.0011220606888476925,0.0,9.757049468240804e-05,0.0
0.8534979022343643,0.07708069079910235,0.06595765440530783,0.002195336130354181,0.0011708459361888964,0.0,9.757049468240804e-05,0.0
0.8537287226259572,0.0771106667316978,0.06555138272447934,0.0021460274106228357,0.0013656538067599864,0.0,9.754670048285617e-05,0.0
0.8541199414919551,0.07684056557776694,0.06523647001462701,0.002145294978059483,0.0015114578254509996,0.0,0.0001462701121404193,0.0
0.854093567251462,0.0769980506822612,0.06471734892787524,0.0021442495126705653,0.001851851851851852,4.8732943469785574e-05,0.00014619883040935673,0.0
0.8560015588464536,0.07521434138737335,0.06435113016367888,0.0021434138737334374,0.0020459859703819173,9.742790335151988e-05,0.00014614185502727982,0.0
0.8584574934268185,0.07220761515240043,0.06456324861232837,0.0021910604732690623,0.0022884409387476873,9.738046547862498e-05,0.00019476093095724997,0.0
0.861285457110884,0.07025738335036248,0.0632024521967596,0.002286770787719554,0.0026760083686079893,9.730939522210869e-05,0.00019461879044421738,0.0
0.8637225815864987,0.06920869607509363,0.06157288069646418,0.002285881036914547,0.002918146004571762,9.72715334857254e-05,0.0001945430669714508,0.0
0.8643589868248335,0.06889007730079245,0.06101414750352472,0.002333608828820069,0.0030142447372259224,0.00014585055180125431,0.00024308425300209052,0.0
0.8640163297045101,0.06862363919129083,0.061430793157076204,0.002381415241057543,0.0031590202177293933,0.00014580093312597202,0.00024300155520995336,0.0
0.8630709426627794,0.06885325558794947,0.062050534499514094,0.002380952380952381,0.0032555879494655005,0.0001457725947521866,0.00024295432458697764,0.0
0.8615780779321738,0.06947818482168885,0.06291905548537557,0.0023807210183655622,0.003255271596540667,0.00014575842969585074,0.00024293071615975125,0.0
0.860279828993393,0.07034589972794403,0.06335017489312086,0.0023804897007384377,0.003254955305091333,0.00014574426739214925,0.00024290711232024875,0.0
0.8589332556106092,0.07106771592344312,0.06397551734188284,0.0023802584280579035,0.003254639075099582,0.0001457301078402798,0.000242883513067133,0.0
0.8576493443419135,0.07158814958717824,0.06469159786304031,0.0024283632831471587,0.003254006799417193,0.00014570179698882954,0.00024283632831471587,0.0
0.8563659318248034,0.07244828590851704,0.06506749538700593,0.002476449451296494,0.003253374769350296,0.0001456734971350879,0.00024278916189181314,0.0
0.8547361266203816,0.07297179200854494,0.06612613487401078,0.0024760887507889497,0.0033014516677186,0.00014565227945817353,0.00024275379909695585,0.0
0.8534880333996796,0.07359580562163212,0.06675081314626924,0.0024758483421525317,0.0033011311228700424,0.00014563813777367833,0.00024273022962279723,0.0
0.852019025431955,0.07445156280333916,0.06726849155503786,0.0025237817899437004,0.0033003300330033004,0.00014560279557367502,0.00029120559114735004,0.0
0.8508903876946965,0.07501576980930662,0.06773739628317725,0.002571691979232374,0.003348051822019506,0.0001455674705225872,0.0002911349410451744,0.0
0.8505724820492917,0.07549000582185135,0.06753347564525519,0.002571317679021929,0.003347564525519115,0.00019406171162429653,0.0002910925674364448,0.0
0.8502474046764334,0.07548268167264965,0.06786649849616766,0.002571068206073542,0.0033472397399825363,0.00019404288347724848,0.0002910643252158727,0.0
0.8497429430594626,0.07571054418469299,0.06804733727810651,0.002570569405373945,0.0034435929770103794,0.00019400523814142983,0.0002910078572121447,0.0
0.8481398953691145,0.07609959310211199,0.06810695601627592,0.0025673319124200735,0.004553381127688432,0.00019376089905057158,0.0003390815733385003,0.0
0.8471328332930075,0.07640938785385919,0.06789257198161142,0.0025647229615291555,0.005468182917977256,0.00019356399709654005,0.0003387369949189451,0.0
0.8462728415353379,0.07623513487382771,0.06801701633955332,0.002562119307744368,0.006284443585033356,0.00024170936865512907,0.0003867349898482065,0.0
0.8459532547807611,0.0760575622947653,0.06751014100830596,0.002511106818620823,0.007195286845663512,0.0003380336101989569,0.00043461464168437317,0.0
0.8452782868718047,0.07605864763190893,0.06699141506703965,0.002459727983023054,0.00815086331629208,0.0005305295649657568,0.0005305295649657568,0.0
0.8456048989825932,0.07579921886301172,0.0667823906649308,0.0024591349631129756,0.008245334876319977,0.0005786199913207002,0.0005304016587106418,0.0
0.8463504001542763,0.07530614212708514,0.06643525214540545,0.002458779288400347,0.008340565037122745,0.0005785363031530228,0.0005303249445569376,0.0
0.8463578074531167,0.07539892975943692,0.06633563129730512,0.0024104517186520754,0.008340162946536181,0.0005785084124764981,0.0005785084124764981,0.0
0.8473253012048193,0.07489156626506024,0.06568674698795181,0.002457831325301205,0.008481927710843374,0.0005783132530120482,0.0005783132530120482,0.0
0.8477328579000626,0.07439888208933648,0.0657254372861755,0.0024574760275622803,0.008528887389774972,0.000578229653544066,0.000578229653544066,0.0
0.8480439391019464,0.07429177105415302,0.0653786856812488,0.00236076315282328,0.008720370013490075,0.0006263249180959722,0.0005781460782424359,0.0
0.8488220841162017,0.07395095630389747,0.06494194729488847,0.002312472900708195,0.008768126415185238,0.0006262947439418028,0.0005781182251770487,0.0
0.8496436139472163,0.07310730109805433,0.06482373338470429,0.0023598535927566943,0.008813330764785205,0.000626083606241572,0.000626083606241572,0.0
0.8497905733955996,0.07293823118771364,0.06465745510567618,0.002407202349429493,0.008954792739877714,0.0006258726108516682,0.0006258726108516682,0.0
0.8506787330316742,0.07206123038413402,0.06459998074516222,0.002406854722248965,0.00900163666121113,0.0006257822277847309,0.0006257822277847309,0.0
0.8509337697343088,0.07171736619175972,0.06459376203311513,0.0023584905660377358,0.009145167500962649,0.0006257219869079707,0.0006257219869079707,0.0
0.8510996679339718,0.0713701333076664,0.0647288127436354,0.002406275566677896,0.009143847153376005,0.0006256316473362529,0.0006256316473362529,0.0
0.850800827281035,0.07161752681448703,0.06449906209417536,0.0025491799336251264,0.009282862777163196,0.0006252705497571064,0.0006252705497571064,0.0
0.8510126521383558,0.0717275220089479,0.06431904555731947,0.0024534564872275943,0.009236542069562707,0.0006253908692933083,0.0006253908692933083,0.0
0.8510750877868103,0.07181682620616672,0.06412044831401222,0.0024051180912982827,0.009331858194237336,0.0006253307037375535,0.0006253307037375535,0.0
0.8504255012260205,0.07173421799124959,0.06457041203904033,0.0025001201980864463,0.009519688446559932,0.0006250300495216116,0.0006250300495216116,0.0
0.8500024030374393,0.07132215119911568,0.0652184361032345,0.0025472196856827028,0.009660210506079684,0.0006247897342240592,0.0006247897342240592,0.0
0.849125504516625,0.07188160676532769,0.06539496444359023,0.002546607726311743,0.009802037286181049,0.0006246396309821257,0.0006246396309821257,0.0
0.8474877509847247,0.07267749063310597,0.06609664713228937,0.002545873763089634,0.009943318282255741,0.0006244596022672687,0.0006244596022672687,0.0
0.8466561044697297,0.07287915886504392,0.06634980075855779,0.002592539248163618,0.01022612703442316,0.0006721398050794565,0.0006241298190023524,0.0
0.8453786351857184,0.0734235531241002,0.06675304731740091,0.002591419522027066,0.010509645839331989,0.0006718495057107208,0.0006718495057107208,0.0
0.8446480832893537,0.0737897615506405,0.06688096723120472,0.002494842393129588,0.010794991124118409,0.0007196660749412273,0.0006716883366118121,0.0
0.8441683059060596,0.07417358345727583,0.06697692270786355,0.0023988869164707576,0.010890946600777239,0.0007196660749412273,0.0006716883366118121,0.0
0.8434457288119335,0.0743920571730059,0.06734135929780805,0.0024461604873135404,0.010935776296225238,0.0007194589668569236,0.0007194589668569236,0.0
0.8429379614536389,0.07459967398600058,0.06736024546936427,0.0024930482308946206,0.011170773803816281,0.0007191485281426791,0.0007191485281426791,0.0
0.8423650040726367,0.07469694791816396,0.06741411527957453,0.00258732212160414,0.011403382684107134,0.0007187005893344833,0.000814527334579081,0.0
0.8412006893910379,0.07473190348525469,0.06788586748372272,0.0026330907698199923,0.011968594408272692,0.0007181156644963615,0.0008617387973956338,0.0
0.8404229867457773,0.07493181491937413,0.06804153308770755,0.0026317048662615437,0.012153691564189674,0.0007655868701851764,0.0010526819465046175,0.0
0.8397015924632968,0.07527138826454975,0.06790684328822151,0.0025823729137774377,0.012720577686385156,0.0007651475300081297,0.0010520778537611783,0.0
0.8388700348931696,0.0757133980211271,0.06787438458964677,0.002533339706514985,0.013144687156445676,0.0008125806605802782,0.0010515749725156542,0.0
0.8384446355211618,0.07561861087226522,0.06783223464220885,0.0024839973249259576,0.01361421610776727,0.0009076144071844845,0.0010986911244864814,0.0
0.8383954154727794,0.07569245463228272,0.067621776504298,0.0024832855778414518,0.013753581661891117,0.0009073543457497613,0.001146131805157593,0.0
0.8383370722161233,0.07522313970693523,0.06772946398739917,0.0024819817669800965,0.014175934322944013,0.0009068779533196506,0.0011455300462985061,0.0
0.8375697458152511,0.0755400829796366,0.06752825599694788,0.0025752301015785207,0.014592970575611618,0.0010014783728360913,0.001192236158138204,0.0
0.8372802210892457,0.0752847000524134,0.0673750416924763,0.0026206699385333777,0.015199885643493592,0.001048267975413351,0.0011912136084242626,0.0
0.8366657145577454,0.07526421022564982,0.06731410073312387,0.002713510425592688,0.0157574026468628,0.0010473198133866513,0.00123774159763877,0.0
0.8372834570721492,0.07481439177612793,0.0669141442984961,0.00266514372739387,0.01603845421663811,0.0010470207500475918,0.001237388159147154,0.0
0.8371628371628371,0.07482993197278912,0.06674278102849532,0.0027115741401455688,0.016317016317016316,0.0010465724751439038,0.0011892869035726179,0.0
0.8374149983356317,0.0741357173427172,0.06695515716391649,0.0027105425840505968,0.01650102239764135,0.0010937277093537496,0.0011888344666888583,0.0
0.8376360956592022,0.0740265297389816,0.06675224646983312,0.0027100271002710027,0.016592972947273334,0.001093519707126896,0.0011886083773118433,0.0
0.8383968050206818,0.07388389673370419,0.06618171444872344,0.002662482765178529,0.016640517282365805,0.001093519707126896,0.0011410640422193695,0.0
0.8382373912630128,0.07372724247753958,0.06640680705423777,0.0026619765175642917,0.016732423824689834,0.0010933117839996198,0.001140847078956125,0.0
0.8385302785435877,0.07343853978515068,0.06645118357258295,0.002614316950280445,0.016684095446335204,0.001140792851031467,0.001140792851031467,0.0
0.8388553500974474,0.07348956600275705,0.06612159528449874,0.002471835337738271,0.01677995911964634,0.0011883823739126302,0.0010933117839996198,0.0
0.8386330148771329,0.07381529540377395,0.06602024811065164,0.002471600361233899,0.016825894766861544,0.0011407386282617994,0.0010932078520842245,0.0
0.8380536019768104,0.07389279604637902,0.06633719825128302,0.0024234936323892795,0.01705949439270101,0.0011404675917126021,0.0010929481087245771,0.0
0.8381793994678829,0.07364120106423414,0.06637210186240973,0.0024705435195743063,0.01710376282782212,0.0011402508551881414,0.0010927404028886355,0.0
0.8378943367540859,0.07354618015963511,0.06670467502850627,0.0023755226149752943,0.017151273280121625,0.0011402508551881414,0.0011877613074876472,0.0
0.8379174386014916,0.07320317324592655,0.06693268728326446,0.0023276803952306303,0.01729134007885611,0.0011400883568476556,0.0011875920383829747,0.0
0.8372976309167734,0.07330389783031857,0.06713193752077103,0.002421307506053269,0.017471395337796135,0.0011394388263780088,0.0012343920619095096,0.0
0.8374632108611032,0.07315104908383177,0.06707490743377954,0.0023734928320516472,0.01756384695718219,0.0011392765593847907,0.0012342162726668565,0.0
0.8372644867353234,0.07370319396326705,0.06663186369892268,0.002372929618907503,0.017607137772293675,0.0011864648094537516,0.0012339234018319016,0.0
0.8358237275271572,0.07471182581471467,0.06674256439447844,0.0024192400740002847,0.017788529955884445,0.00128077415682368,0.0012333380769413216,0.0
0.8351351351351352,0.07486960644855381,0.06699857752489331,0.0024656235182550974,0.017970602181128496,0.0013276434329065909,0.0012328117591275487,0.0
0.8347554038680318,0.0747535077739856,0.06731133864239666,0.0024649222601441033,0.018155100492984452,0.0013272658323852863,0.0012324611300720517,0.0
0.8341627565287454,0.0751220436987535,0.06749135030096214,0.0024645717806531116,0.018152519076733493,0.0013744727238257737,0.0012322858903265558,0.0
0.8333964945523449,0.07541449549976315,0.06764566556134534,0.0025580293699668404,0.018379914732354334,0.0013737565135007106,0.001231643770724775,0.0
0.8328361036132026,0.0754368518255434,0.0680020836293034,0.00260453662925605,0.018468532461997443,0.0014206563432305726,0.0012312354974664962,0.0
0.8321731306530283,0.07548420703698443,0.0687124118009187,0.00260453662925605,0.018279111616233367,0.0015153667661126106,0.0012312354974664962,0.0
0.8312585790694372,0.07620580300089932,0.06858522270080938,0.002650636626118237,0.01850712358593269,0.0015619822975339612,0.0012306527192691816,0.0
0.8309592541763287,0.07647532061899578,0.0685249160001893,0.0026501348729354975,0.018598267947565188,0.0015616866215512754,0.0012304197624343383,0.0
0.8310698906922822,0.07665736052619126,0.06818719538163062,0.002602564709222543,0.018643827189703307,0.0016088581838830265,0.0012303033170870204,0.0
0.8308886155010883,0.07679568467871677,0.06827860319863727,0.0026024415633576227,0.018548310778839783,0.0016087820573483487,0.001277562222011924,0.0
0.8302109944176365,0.0771123095846343,0.06854953164916265,0.002601949096414041,0.018497492667234366,0.001608477623237771,0.001419244961680386,0.0
0.8301958187494087,0.07671932645918078,0.0689149560117302,0.0026487560306498914,0.018493992999716206,0.0016081733043231481,0.0014189764449910132,0.0
0.8299522390882867,0.07693762708658439,0.06885137371731215,0.0026954177897574125,0.01858419633990637,0.001607793067574597,0.0013713529105783327,0.0
0.8295438430631057,0.07686126211297566,0.06906168754431577,0.0026943984873552354,0.018860789411486646,0.0016071850626329473,0.001370834318128102,0.0
0.8299451588502269,0.07658850226928895,0.069071482602118,0.0026002269288956125,0.018816187594553706,0.0016074130105900152,0.0013710287443267776,0.0
0.8300798789998582,0.076759464952498,0.06867703360589876,0.0026468781018102756,0.018811740795008743,0.001607033133241953,0.001417970411684076,0.0
0.8298133711315852,0.07654145995747696,0.0688400661469407,0.0025986298133711316,0.01913536498936924,0.001653673517599811,0.001417434443656981,0.0
0.8300808013986675,0.0762651797949251,0.06898832868685914,0.002551623115815338,0.01908992108869253,0.001653829797287719,0.0013703161177526816,0.0
0.8305220883534137,0.07611622962437987,0.068698322702575,0.0025513819985825657,0.01904086935979211,0.001653673517599811,0.001417434443656981,0.0
0.8306485899192215,0.0760546081534319,0.06854362511219236,0.002550899900798337,0.01913174925598753,0.001653361046813737,0.0014171666115546317,0.0
0.8300113357264312,0.07613829586245985,0.06910069903646325,0.0025977706404685433,0.01908180615907803,0.001653126771207255,0.0014169658038919327,0.0
0.8305308898545248,0.07590213489514452,0.068911770262611,0.0025977706404685433,0.019034573965614962,0.001653126771207255,0.0013697336104288684,0.0
0.830232338496411,0.075840574234983,0.06922931620702683,0.0025972799395542123,0.019078201737816394,0.0016528145069890441,0.0013694748772194937,0.0
0.8301378919531545,0.07607669059312429,0.06918209293539856,0.0025972799395542123,0.019030978466188137,0.0017000377786173025,0.001275028333962977,0.0
0.8299962221382697,0.07612391386475255,0.06946543256516811,0.002691726482810729,0.018747638836418588,0.0017000377786173025,0.001275028333962977,0.0
0.8304604486422669,0.07598583234946871,0.06923258559622196,0.00269185360094451,0.018654073199527745,0.0017001180637544273,0.0012750885478158204,0.0
0.8309639635384688,0.07585132007745714,0.0690502054503377,0.00269210787323478,0.018514145373825154,0.0017002786567798611,0.0012279790298965665,0.0
0.8306333537996505,0.07570963018939215,0.06961696500259765,0.00269210787323478,0.018372455485760168,0.0017475086194681905,0.0012279790298965665,0.0
0.8312308055752421,0.07559650366170564,0.06945428773919206,0.0025986298133711316,0.018143160878809354,0.001700921332388377,0.0012756909992912829,0.0
0.8303027440608322,0.07566240022670383,0.07013649459216927,0.00269210787323478,0.018230765597695178,0.0017002786567798611,0.001275208992584896,0.0
0.829854552323385,0.07579335096335474,0.07045712126936154,0.0027389497544389875,0.018133736305251228,0.001747261050245561,0.001275028333962977,0.0
0.829525068454348,0.0757246718912284,0.07072042300066093,0.0027381739212538948,0.018317439335284676,0.0016995562269851762,0.001274667170238882,0.0
0.8289045169207533,0.07594279511020909,0.07108132345306084,0.002784726483220843,0.01831311653372351,0.0016991551423042432,0.0012743663567281825,0.0
0.8287480534189042,0.07602283988485678,0.07106790618658865,0.0027842008399792365,0.018451229295455618,0.0016988344108347883,0.0012269359633806805,0.0
0.8280873955924685,0.07621159926383843,0.07163418432353358,0.0027370109952338257,0.018404039450710206,0.0017460242555801992,0.0011797461186352698,0.0
0.8277586450912865,0.07642590932679152,0.07166108411567675,0.002783412747086852,0.01854035948483276,0.0016983535405953672,0.0011322356937302448,0.0
0.8272658681505234,0.07672356880128266,0.07177213996038857,0.002970857304536452,0.018532490804489297,0.0016033198151466565,0.0011317551636329342,0.0
0.8273910582908885,0.07710809281267686,0.07135446142237313,0.0028296547821165816,0.018487077909828335,0.0016506319562346727,0.0011790228258819091,0.0
0.8269212635549269,0.07722772277227723,0.07152286657237153,0.002828854314002829,0.01867043847241867,0.0016501650165016502,0.0011786892975011788,0.0
0.8272285862442842,0.07693395559326828,0.07146561071041342,0.00282845424975251,0.018762079856691653,0.0016027907415264225,0.001178522604063546,0.0
0.8259578679485367,0.07733634949809133,0.07219944389462274,0.00287478203496866,0.018756774588811913,0.0016494651020311985,0.0012253169329374616,0.0
0.8260439249693656,0.07738712413988123,0.07210858704873221,0.0027806579319445755,0.0188047883872184,0.001696672636440758,0.0011782448864171929,0.0
0.8254910272714427,0.07738683999811596,0.0722999387687815,0.0029202581131364514,0.018934576798078282,0.0017898356177287929,0.0011775234327163111,0.0
0.8248281706054044,0.0779116843988325,0.07216834573015724,0.0030599755201958386,0.019066001318143302,0.0017889087656529517,0.001176913661613784,0.0
0.8246835740836588,0.07773020279489955,0.07208394109066955,0.0030583917564579116,0.01947960287959347,0.001787982873006164,0.0011763045217145815,0.0
0.8244590780809031,0.07803386641580433,0.07182502351834431,0.0031044214487300093,0.019567262464722485,0.001834430856067733,0.0011759172154280338,0.0
0.8239138611999248,0.07823960880195599,0.07198608237728042,0.003197291705849163,0.019559902200488997,0.0018337408312958435,0.0012695128832048148,0.0
0.8233054432640782,0.07882861709128514,0.07182476262103976,0.0031963899595750683,0.01974240857384601,0.0018332236532857009,0.0012691548368901006,0.0
0.8237589319292967,0.07874200827378713,0.07164347499059796,0.0031966904851447914,0.019556224144415192,0.00188040616773223,0.0012222640090259495,0.0
0.8241350131628432,0.0785069575028206,0.07154945468221136,0.0031496803309514856,0.0196032342986085,0.0018333960135389245,0.0012222640090259495,0.0
0.8243147947910301,0.07822857411499225,0.07178788021249588,0.003149828404870481,0.019463118800244466,0.0018334822058201307,0.0012223214705467539,0.0
0.8242703388635616,0.07801851764816468,0.07186163462894204,0.0031489401701367673,0.019645626733092073,0.0018329651736617005,0.0012219767824411336,0.0
0.8236980635457792,0.07806918593720624,0.07242902801278436,0.0030550855423951873,0.019693551419439743,0.0018330513254371122,0.0012220342169580749,0.0
0.823924794359577,0.07783783783783783,0.07252643948296122,0.003008225616921269,0.019600470035252643,0.0018801410105757932,0.0012220916568742655,0.0
0.8239883442214598,0.07773652300606289,0.07256662123419655,0.0030079428490858676,0.019645626733092073,0.0018799642806786672,0.001174977675424167,0.0
0.8238030352863788,0.0775736503312503,0.0727810928910398,0.0030540807217027677,0.019734060047925574,0.0018794342902786261,0.0011746464314241413,0.0
0.8240849504299206,0.07752666447399333,0.07254616360475497,0.002960109007188836,0.019828031762439507,0.0018794342902786261,0.0011746464314241413,0.0
0.8248062015503876,0.07733145407564013,0.07216349541930937,0.00305379375146817,0.019638242894056846,0.0018792576932111817,0.001127554615926709,0.0
0.8247839158211199,0.07722660653889515,0.07224727546035326,0.0030533633972190904,0.019682450206689215,0.0018789928598271326,0.0011273957158962795,0.0
0.8246982009488468,0.0770350885433792,0.07266663535159003,0.003194137817652309,0.019305744750810278,0.0019728498285499553,0.001127342759171403,0.0
0.8247921461787777,0.07722297900324111,0.0725257175066936,0.0032411104326177838,0.019164826905913854,0.0019728498285499553,0.001080370144205928,0.0
0.8246982009488468,0.07750481469303395,0.07243177227676265,0.0032411104326177838,0.019117854290948377,0.0019728498285499553,0.0010333975292404528,0.0
0.8249694577577296,0.07757729536697679,0.07254957240860821,0.0032891645522037404,0.018654261817498356,0.0019265106662907621,0.001033737430692604,0.0
0.8252021056589585,0.0779281819890957,0.07219402143260012,0.003149088174468885,0.018612521150592216,0.0019270539575108104,0.0009870276367738298,0.0
0.8248895572892189,0.07810884481624213,0.07237522323526648,0.0031957890779208574,0.018704765485477958,0.001832879029984021,0.0008929410658896513,0.0
0.8247345174325721,0.07790621182219716,0.07273752466873414,0.003242176487172258,0.018654261817498356,0.0018795226012592802,0.0008457851705666761,0.0
0.8248672524787369,0.07790987265636014,0.07278793289789014,0.0032423288379305483,0.018514167567313566,0.0018796109205394484,0.0007988346412292655,0.0
0.823767026773133,0.07844058243306717,0.0732738374823861,0.003428839830906529,0.01845937059652419,0.0017848755284170972,0.0008454673555659935,0.0
0.8234410217881293,0.07874718256949662,0.07315927873779113,0.0034748309541697974,0.018501126972201354,0.0018313298271975958,0.0008452291510142749,0.0
0.8241397117506221,0.0782122905027933,0.07286042908783626,0.0035209614572085817,0.018684568799586874,0.0017839538049856814,0.0007980845969672786,0.0
0.8238055007978973,0.07838167652304515,0.07298413592415282,0.0035670703088331924,0.018680183985731718,0.0017835351544165962,0.0007978973059232142,0.0
0.8230491295575055,0.07855098306039135,0.07343625357796443,0.003519309276899254,0.01881657360048801,0.001830040823987612,0.0007977101027638308,0.0
0.8228477597935726,0.07858315740089139,0.07361013370865588,0.0035655641566971616,0.018766127140511377,0.0018296973961998593,0.0007975604034717336,0.0
0.8228726897457548,0.07866591612721643,0.0733652312599681,0.0034712449573130687,0.018904212402664416,0.0018763486255746317,0.0008443568815085843,0.0
0.8231155307472208,0.07838078709132698,0.07340869646793939,0.0034241756179933395,0.01895023218725081,0.00187626061259909,0.0008443172756695905,0.0
0.8226797354968813,0.07860057215213619,0.07344182338320124,0.003329737841767106,0.019228063593303008,0.001829010927167847,0.00089105660554331,0.0
0.8223378815585877,0.07853894124818306,0.07375627139306981,0.003329113330519998,0.01936512402119379,0.0017817789656304215,0.0008908894828152107,0.0
0.8222472226128533,0.07814184596634323,0.07401678151221112,0.003281301270332349,0.019500304692260818,0.0018750292973327709,0.0009375146486663854,0.0
0.8217515580338316,0.07815941146150603,0.07417646783187293,0.0032332130640551054,0.019774143667119628,0.001968042734642238,0.0009371632069724942,0.0
0.8211675412293853,0.07824212893553223,0.07458770614692653,0.0031859070464767617,0.019865067466266866,0.002014617691154423,0.0009370314842578711,0.0
0.8207794641184186,0.078274311410905,0.07494847292486416,0.003278995690462807,0.019720816938354882,0.002014240209855724,0.0009836987071388421,0.0
0.820391532409142,0.07840014986886475,0.07502810041213938,0.0031847133757961785,0.019904458598726114,0.0020606968902210565,0.0010303484451105282,0.0
0.8204972142890585,0.0783744557329463,0.07476941804391592,0.003230488318741514,0.02003839131045461,0.0020132028653026828,0.0010768294395805047,0.0
0.8208249449880612,0.07823399971908797,0.0746757807013437,0.003230488318741514,0.019897935296596284,0.0020600215365887916,0.0010768294395805047,0.0
0.8204119850187266,0.07813670411985019,0.07528089887640449,0.0032771535580524347,0.019756554307116106,0.002059925093632959,0.0010767790262172284,0.0
0.8203220069268932,0.07788074510905177,0.07554057848918844,0.003369839932603201,0.019704202939249276,0.0021061499578770007,0.0010764766451371339,0.0
0.8203220069268932,0.0781147617710381,0.07540016849199663,0.003369839932603201,0.019470186277262942,0.0021997566226715343,0.0011232799775344005,0.0
0.8202715355805243,0.07837078651685393,0.075561797752809,0.0033707865168539327,0.019147940074906368,0.002200374531835206,0.0010767790262172284,0.0
0.8208249449880612,0.0783744557329463,0.07505033007163257,0.003277306990027623,0.019289292569876867,0.0021068402078749005,0.0010768294395805047,0.0
0.8211393530871133,0.07784487197490988,0.0752235172962599,0.0033235032532883957,0.019238870945091982,0.0020596358189392877,0.0011702476243973224,0.0
0.8213566780581434,0.0778521604793783,0.07523056036702401,0.0033238144281634756,0.019147043677730444,0.0019193857965451055,0.0011703571930153083,0.0
0.8211511464670098,0.07819372952737483,0.07482452035563875,0.0033692091717360787,0.019326158165652783,0.0019653720168460458,0.001169864295741694,0.0
0.8206951396360574,0.07840202086354493,0.07484679796042476,0.003368105908219114,0.0195069467184357,0.00196472844646115,0.0012162604668569024,0.0
0.8212865497076023,0.07794152046783626,0.07480701754385966,0.0032748538011695906,0.019508771929824562,0.0019649122807017545,0.0012163742690058479,0.0
0.8214603115206511,0.07788016277655643,0.07460592169886338,0.003274241077693063,0.019551896721081437,0.001964544646615838,0.001262921558538753,0.0
0.8212347988774555,0.07834424695977549,0.0744621141253508,0.003274087932647334,0.019457436856875586,0.0019644527595884,0.0012628624883068288,0.0
0.8211112150406884,0.07805630904499111,0.07478252735946123,0.003133476756150033,0.019782995042559162,0.0018707323917313628,0.0012627443644186698,0.0
0.8215821956237143,0.07784739106040771,0.07443426220310455,0.0031793529081728072,0.019917710865906116,0.001823452403216757,0.0012156349354778381,0.0
0.8219728845254792,0.07784011220196353,0.07400654511453951,0.0031790556334735857,0.020056100981767182,0.0017765310892940626,0.0011687704534829358,0.0
0.8215637706220498,0.07772117586577558,0.0743562181614245,0.0031780156096649064,0.020236481749778008,0.001775949899518624,0.0011683880917885685,0.0
0.8216105061457214,0.07772117586577558,0.0743562181614245,0.0031780156096649064,0.020189746226106465,0.001775949899518624,0.0011683880917885685,0.0
0.8213501518336838,0.07759869189441719,0.0744218640504555,0.0031301097874328427,0.020509226816164447,0.0018220042046250876,0.00116795141322121,0.0
0.820589471717502,0.07791115885842402,0.07478163389228829,0.0031295249661357372,0.020552104255219767,0.001868373114110888,0.001167733196319305,0.0
0.8201391807949185,0.07837093082994723,0.0748213535098781,0.003129232637429359,0.020456774555135213,0.0018681985895100648,0.0012143290831815423,0.0
0.8206696866389577,0.07841031149301826,0.07430065847849437,0.003128940363330687,0.02036146266286835,0.0019147246999486292,0.0012142156633820577,0.0
0.8213485244676877,0.07783899887934255,0.07419686215913336,0.003175196115054165,0.020311916324243555,0.0019144564811355996,0.001214045573403063,0.0
0.8213101741607135,0.07778867254984358,0.07433347340897418,0.003175047859177289,0.020264276042396227,0.0019610589718447964,0.001167297007050474,0.0
0.8223373955269179,0.07755521314843349,0.07358640332446188,0.0030816640986132513,0.020217584162114208,0.0020077508521268153,0.001213988887332493,0.0
0.8223051796546896,0.07760149323378442,0.0732151189920672,0.0032197853476434906,0.020345310312645824,0.002099860009332711,0.0012132524498366776,0.0
0.8225001166534459,0.07741122672763753,0.0732583640520741,0.003219635108021091,0.02025103821566889,0.0020531006485931596,0.0013065185945592833,0.0
