btrf_pt-O+,btrf_pt-A+,btrf_pt-B+,btrf_pt-AB+,btrf_pt-O-,btrf_pt-A-,btrf_pt-B-,btrf_pt-AB-
1.0,0.0,0.0,0.0,0.0,0.0,0.0,0.0
1.0,0.0,0.0,0.0,0.0,0.0,0.0,0.0
1.0,0.0,0.0,0.0,0.0,0.0,0.0,0.0
1.0,0.0,0.0,0.0,0.0,0.0,0.0,0.0
1.0,0.0,0.0,0.0,0.0,0.0,0.0,0.0
1.0,0.0,0.0,0.0,0.0,0.0,0.0,0.0
1.0,0.0,0.0,0.0,0.0,0.0,0.0,0.0
1.0,0.0,0.0,0.0,0.0,0.0,0.0,0.0
1.0,0.0,0.0,0.0,0.0,0.0,0.0,0.0
1.0,0.0,0.0,0.0,0.0,0.0,0.0,0.0
1.0,0.0,0.0,0.0,0.0,0.0,0.0,0.0
1.0,0.0,0.0,0.0,0.0,0.0,0.0,0.0
1.0,0.0,0.0,0.0,0.0,0.0,0.0,0.0
1.0,0.0,0.0,0.0,0.0,0.0,0.0,0.0
1.0,0.0,0.0,0.0,0.0,0.0,0.0,0.0
1.0,0.0,0.0,0.0,0.0,0.0,0.0,0.0
1.0,0.0,0.0,0.0,0.0,0.0,0.0,0.0
1.0,0.0,0.0,0.0,0.0,0.0,0.0,0.0
1.0,0.0,0.0,0.0,0.0,0.0,0.0,0.0
1.0,0.0,0.0,0.0,0.0,0.0,0.0,0.0
1.0,0.0,0.0,0.0,0.0,0.0,0.0,0.0
1.0,0.0,0.0,0.0,0.0,0.0,0.0,0.0
1.0,0.0,0.0,0.0,0.0,0.0,0.0,0.0
1.0,0.0,0.0,0.0,0.0,0.0,0.0,0.0
1.0,0.0,0.0,0.0,0.0,0.0,0.0,0.0
1.0,0.0,0.0,0.0,0.0,0.0,0.0,0.0
1.0,0.0,0.0,0.0,0.0,0.0,0.0,0.0
1.0,0.0,0.0,0.0,0.0,0.0,0.0,0.0
1.0,0.0,0.0,0.0,0.0,0.0,0.0,0.0
1.0,0.0,0.0,0.0,0.0,0.0,0.0,0.0
1.0,0.0,0.0,0.0,0.0,0.0,0.0,0.0
1.0,0.0,0.0,0.0,0.0,0.0,0.0,0.0
1.0,0.0,0.0,0.0,0.0,0.0,0.0,0.0
1.0,0.0,0.0,0.0,0.0,0.0,0.0,0.0
1.0,0.0,0.0,0.0,0.0,0.0,0.0,0.0
1.0,0.0,0.0,0.0,0.0,0.0,0.0,0.0
1.0,0.0,0.0,0.0,0.0,0.0,0.0,0.0
1.0,0.0,0.0,0.0,0.0,0.0,0.0,0.0
1.0,0.0,0.0,0.0,0.0,0.0,0.0,0.0
1.0,0.0,0.0,0.0,0.0,0.0,0.0,0.0
1.0,0.0,0.0,0.0,0.0,0.0,0.0,0.0
1.0,0.0,0.0,0.0,0.0,0.0,0.0,0.0
1.0,0.0,0.0,0.0,0.0,0.0,0.0,0.0
1.0,0.0,0.0,0.0,0.0,0.0,0.0,0.0
1.0,0.0,0.0,0.0,0.0,0.0,0.0,0.0
1.0,0.0,0.0,0.0,0.0,0.0,0.0,0.0
1.0,0.0,0.0,0.0,0.0,0.0,0.0,0.0
1.0,0.0,0.0,0.0,0.0,0.0,0.0,0.0
1.0,0.0,0.0,0.0,0.0,0.0,0.0,0.0
1.0,0.0,0.0,0.0,0.0,0.0,0.0,0.0
1.0,0.0,0.0,0.0,0.0,0.0,0.0,0.0
1.0,0.0,0.0,0.0,0.0,0.0,0.0,0.0
1.0,0.0,0.0,0.0,0.0,0.0,0.0,0.0
1.0,0.0,0.0,0.0,0.0,0.0,0.0,0.0
1.0,0.0,0.0,0.0,0.0,0.0,0.0,0.0
1.0,0.0,0.0,0.0,0.0,0.0,0.0,0.0
1.0,0.0,0.0,0.0,0.0,0.0,0.0,0.0
1.0,0.0,0.0,0.0,0.0,0.0,0.0,0.0
1.0,0.0,0.0,0.0,0.0,0.0,0.0,0.0
1.0,0.0,0.0,0.0,0.0,0.0,0.0,0.0
1.0,0.0,0.0,0.0,0.0,0.0,0.0,0.0
1.0,0.0,0.0,0.0,0.0,0.0,0.0,0.0
1.0,0.0,0.0,0.0,0.0,0.0,0.0,0.0
1.0,0.0,0.0,0.0,0.0,0.0,0.0,0.0
1.0,0.0,0.0,0.0,0.0,0.0,0.0,0.0
1.0,0.0,0.0,0.0,0.0,0.0,0.0,0.0
1.0,0.0,0.0,0.0,0.0,0.0,0.0,0.0
1.0,0.0,0.0,0.0,0.0,0.0,0.0,0.0
1.0,0.0,0.0,0.0,0.0,0.0,0.0,0.0
1.0,0.0,0.0,0.0,0.0,0.0,0.0,0.0
1.0,0.0,0.0,0.0,0.0,0.0,0.0,0.0
1.0,0.0,0.0,0.0,0.0,0.0,0.0,0.0
1.0,0.0,0.0,0.0,0.0,0.0,0.0,0.0
1.0,0.0,0.0,0.0,0.0,0.0,0.0,0.0
1.0,0.0,0.0,0.0,0.0,0.0,0.0,0.0
1.0,0.0,0.0,0.0,0.0,0.0,0.0,0.0
1.0,0.0,0.0,0.0,0.0,0.0,0.0,0.0
1.0,0.0,0.0,0.0,0.0,0.0,0.0,0.0
1.0,0.0,0.0,0.0,0.0,0.0,0.0,0.0
1.0,0.0,0.0,0.0,0.0,0.0,0.0,0.0
1.0,0.0,0.0,0.0,0.0,0.0,0.0,0.0
1.0,0.0,0.0,0.0,0.0,0.0,0.0,0.0
1.0,0.0,0.0,0.0,0.0,0.0,0.0,0.0
1.0,0.0,0.0,0.0,0.0,0.0,0.0,0.0
1.0,0.0,0.0,0.0,0.0,0.0,0.0,0.0
1.0,0.0,0.0,0.0,0.0,0.0,0.0,0.0
1.0,0.0,0.0,0.0,0.0,0.0,0.0,0.0
1.0,0.0,0.0,0.0,0.0,0.0,0.0,0.0
1.0,0.0,0.0,0.0,0.0,0.0,0.0,0.0
1.0,0.0,0.0,0.0,0.0,0.0,0.0,0.0
1.0,0.0,0.0,0.0,0.0,0.0,0.0,0.0
1.0,0.0,0.0,0.0,0.0,0.0,0.0,0.0
1.0,0.0,0.0,0.0,0.0,0.0,0.0,0.0
1.0,0.0,0.0,0.0,0.0,0.0,0.0,0.0
1.0,0.0,0.0,0.0,0.0,0.0,0.0,0.0
1.0,0.0,0.0,0.0,0.0,0.0,0.0,0.0
1.0,0.0,0.0,0.0,0.0,0.0,0.0,0.0
1.0,0.0,0.0,0.0,0.0,0.0,0.0,0.0
1.0,0.0,0.0,0.0,0.0,0.0,0.0,0.0
1.0,0.0,0.0,0.0,0.0,0.0,0.0,0.0
0.9867379255740301,0.013262074425969913,0.0,0.0,0.0,0.0,0.0,0.0
0.9734784760019792,0.026521523998020782,0.0,0.0,0.0,0.0,0.0,0.0
0.9602216505046507,0.0397783494953493,0.0,0.0,0.0,0.0,0.0,0.0
0.9469674483031563,0.03977441377263283,0.013258137924210944,0.0,0.0,0.0,0.0,0.0
0.9337125896611427,0.03977244620331437,0.026514964135542912,0.0,0.0,0.0,0.0,0.0
0.9204629767027749,0.03976851164861255,0.03976851164861255,0.0,0.0,0.0,0.0,0.0
0.9204253214638971,0.039762611275964393,0.03981206726013848,0.0,0.0,0.0,0.0,0.0
0.9204331915735338,0.03975867866679854,0.03980812975966769,0.0,0.0,0.0,0.0,0.0
0.9204905063291139,0.039705300632911396,0.03980419303797468,0.0,0.0,0.0,0.0,0.0
0.920547809749827,0.039651933155344606,0.039800257094828435,0.0,0.0,0.0,0.0,0.0
0.9204567925647618,0.03974688550524026,0.039796321929998026,0.0,0.0,0.0,0.0,0.0
0.9203163618388532,0.0398418190805734,0.0398418190805734,0.0,0.0,0.0,0.0,0.0
0.9202293283250136,0.0398853358374932,0.0398853358374932,0.0,0.0,0.0,0.0,0.0
0.9202372127501853,0.039881393624907335,0.039881393624907335,0.0,0.0,0.0,0.0,0.0
0.9202450956169392,0.03987745219153036,0.03987745219153036,0.0,0.0,0.0,0.0,0.0
0.9200592885375494,0.0400197628458498,0.03992094861660079,0.0,0.0,0.0,0.0,0.0
0.92007113570123,0.040013831941905845,0.039915032356864104,0.0,0.0,0.0,0.0,0.0
0.9199841944087721,0.04005729526820113,0.03995851032302677,0.0,0.0,0.0,0.0,0.0
0.9199920979849862,0.040053338601343344,0.039954563413670485,0.0,0.0,0.0,0.0,0.0
0.9198518518518518,0.04009876543209877,0.04004938271604938,0.0,0.0,0.0,0.0,0.0
0.9193205944798302,0.04063595516713573,0.04004345035303412,0.0,0.0,0.0,0.0,0.0
0.918341150333251,0.04161935324611207,0.04003949642063688,0.0,0.0,0.0,0.0,0.0
0.9165720491681888,0.04334304191143802,0.040084908920373204,0.0,0.0,0.0,0.0,0.0
0.9144084110765586,0.04496766869045856,0.04062392023298287,0.0,0.0,0.0,0.0,0.0
0.9120071065488822,0.046538024971623154,0.041405517445590484,4.935103390416029e-05,0.0,0.0,0.0,0.0
0.9089519112207152,0.04779284833538841,0.042959309494451293,0.00029593094944512947,0.0,0.0,0.0,0.0
0.9059310752847212,0.049351673815510526,0.04427352955677168,0.00044372134299659814,0.0,0.0,0.0,0.0
0.9023115974173197,0.05091428853073094,0.046231948346394595,0.000542165705554734,0.0,0.0,0.0,0.0
0.8989605399280752,0.053106064338144736,0.047194443076013594,0.0007389526577663924,0.0,0.0,0.0,0.0
0.8956907165722728,0.05442009357301157,0.04905195764590002,0.0008372322088155626,0.0,0.0,0.0,0.0
0.8918705992417155,0.05618198828105766,0.05106110591363435,0.0008863065635924959,0.0,0.0,0.0,0.0
0.8889271823150017,0.05785042587760327,0.05233617251735513,0.0008862192900398799,0.0,0.0,0.0,0.0
0.8851095249815407,0.060447944868323895,0.053507260644843714,0.0009352695052916565,0.0,0.0,0.0,0.0
0.8812558437084789,0.062546134540623,0.055164608040942864,0.0010334137099552187,0.0,0.0,0.0,0.0
0.8763951030040809,0.0647524460396283,0.05742661881115099,0.001425832145139879,0.0,0.0,0.0,0.0
0.8726959941017449,0.06684689112804129,0.05893339886950111,0.0015237159007127057,0.0,0.0,0.0,0.0
0.8688516534814014,0.06908751412706993,0.060439290452557616,0.001621541938971058,0.0,0.0,0.0,0.0
0.864227841885588,0.07100417382764547,0.0628529339553155,0.001915050331451019,0.0,0.0,0.0,0.0
0.8601580523241545,0.07343052078731654,0.06434987483433957,0.002061552054189368,0.0,0.0,0.0,0.0
0.8558602757199627,0.07545503605946131,0.06642790560761419,0.0022567826129617817,0.0,0.0,0.0,0.0
0.8521116397704419,0.07705891008976308,0.06852405944964929,0.002305390690145681,0.0,0.0,0.0,0.0
0.8491935088493406,0.07805069372947002,0.07025542972005687,0.0025003677011325195,0.0,0.0,0.0,0.0
0.8469607843137255,0.0784313725490196,0.0721078431372549,0.0025,0.0,0.0,0.0,0.0
0.8450793961968242,0.07866104685355813,0.07371103705155851,0.002548519898059204,0.0,0.0,0.0,0.0
0.843624424188964,0.07919239439380574,0.07463491130059786,0.002548270116632363,0.0,0.0,0.0,0.0
0.8427577420619365,0.07962563700509605,0.07506860054880439,0.002548020384163073,0.0,0.0,0.0,0.0
0.8416050169026505,0.08025084513252657,0.07559649208759982,0.002547645877223066,0.0,0.0,0.0,0.0
0.8404526305476634,0.08112079945135692,0.0758792985206231,0.002547271480356618,0.0,0.0,0.0,0.0
0.8393338231692383,0.08185157972079353,0.07626745040411462,0.002547146705853539,0.0,0.0,0.0,0.0
0.8383210070039673,0.08238232845178038,0.07674976735073713,0.002546897193515208,0.0,0.0,0.0,0.0
0.8369655712816494,0.08315784318526863,0.07732993780302659,0.002546647730055341,0.0,0.0,0.0,0.0
0.8353816775204427,0.08407187974342653,0.07795132938353817,0.002595113352592665,0.0,0.0,0.0,0.0
0.8335373317013464,0.08518971848225214,0.0786780905752754,0.002594859241126071,0.0,0.0,0.0,0.0
0.8321339403730357,0.08616047388260635,0.07911098056493857,0.002594605179419396,0.0,0.0,0.0,0.0
0.8303068865939014,0.08741618129313299,0.07963388967745093,0.002643042435514659,0.0,0.0,0.0,0.0
0.8281295879416658,0.08857786042869727,0.08064989723010668,0.002642654399530195,0.0,0.0,0.0,0.0
0.8269889421665525,0.0891965945787259,0.08112339759271944,0.002691065662002153,0.0,0.0,0.0,0.0
0.8241709869901204,0.09072679252665558,0.08226547980044997,0.0028367406827741366,0.0,0.0,0.0,0.0
0.8216311363191864,0.09206923528261295,0.08336592998239781,0.0029336984158028555,0.0,0.0,0.0,0.0
0.8187640559303804,0.09401584042241126,0.08428669208956684,0.002933411557641537,0.0,0.0,0.0,0.0
0.8155553382870552,0.09605983574501369,0.08545170121235823,0.002933124755572937,0.0,0.0,0.0,0.0
0.8125,0.09778146989835809,0.08663995308835028,0.003078577013291634,0.0,0.0,0.0,0.0
0.8096726917440157,0.09887640449438202,0.08827552515876894,0.0031753786028334147,0.0,0.0,0.0,0.0
0.80625,0.10029296875,0.090087890625,0.003369140625,0.0,0.0,0.0,0.0
0.8037301044819842,0.10169905282687237,0.09120203105165511,0.0033688116394883314,0.0,0.0,0.0,0.0
0.8017376024990238,0.10245021475985942,0.09234673955486138,0.003465443186255369,0.0,0.0,0.0,0.0
0.7983414634146342,0.10404878048780487,0.09390243902439024,0.0037073170731707315,0.0,0.0,0.0,0.0
0.7956496293406164,0.10549161139289895,0.09510339445961763,0.0037553648068669528,0.0,0.0,0.0,0.0
0.7928327645051194,0.10667966845441249,0.09663578742077035,0.0038517796196977086,0.0,0.0,0.0,0.0
0.7898918023199142,0.10863631932936933,0.09747538746466518,0.003996490886051272,0.0,0.0,0.0,0.0
0.7877887145502388,0.1098333495760647,0.09833349576064711,0.004044440113049411,0.0,0.0,0.0,0.0
0.7862989670629507,0.11045605145195868,0.09920093549015786,0.004044045994932762,0.0,0.0,0.0,0.0
0.7841484801247077,0.11136009353078721,0.10039945440374123,0.004091971940763835,0.0,0.0,0.0,0.0
0.782464685825621,0.11232342912810521,0.10112031173891865,0.00409157330735509,0.0,0.0,0.0,0.0
0.7809213089209194,0.11321581612777562,0.10167510712894429,0.004187767822360733,0.0,0.0,0.0,0.0
0.778816199376947,0.11404789719626168,0.102803738317757,0.0043321651090342675,0.0,0.0,0.0,0.0
0.7780048661800487,0.1143065693430657,0.1032603406326034,0.004428223844282238,0.0,0.0,0.0,0.0
0.7772966134682756,0.11463604515375632,0.10363954846243674,0.0044277929155313355,0.0,0.0,0.0,0.0
0.7763509898341359,0.11522933994844108,0.10379882289994649,0.00447492582324043,0.00014592149423610097,0.0,0.0,0.0
0.7754327951760358,0.11588212410036958,0.10396809959151916,0.004473837774751994,0.00024314335732347793,0.0,0.0,0.0
0.7754229049193078,0.11525374295158468,0.10436515652342991,0.004472097997277854,0.0003402683258798367,0.0,0.00014582928251993,0.0
0.7756559766763849,0.11477162293488824,0.10442176870748299,0.004518950437317784,0.00048590864917395527,0.0,0.0001457725947521866,0.0
0.7771570151574038,0.11334045860862806,0.10425573260785076,0.004518072289156626,0.0005343956471045473,4.858142246404975e-05,0.00014574426739214925,0.0
0.7789703739679456,0.11194754735308401,0.1035939776590578,0.0045167557066537155,0.0006799417192812045,0.00014570179698882954,0.00014570179698882954,0.0
0.7810467035634527,0.11141858432857558,0.10185454898533838,0.004563549859209632,0.0008253228468783377,0.00014564520827264782,0.00014564520827264782,0.0
0.7831108954137346,0.11113807328318369,0.09997573404513467,0.004659063334142199,0.0008250424654210143,0.00014559572919194372,0.00014559572919194372,0.0
0.7848549529446007,0.11094401862811681,0.09818569903948772,0.004705539924323276,0.0009702144173862424,0.00019404288347724848,0.00014553216260793634,0.0
0.7860607236395383,0.11126200407411001,0.09656610728489669,0.004753128334465031,0.0010185275002425065,0.00019400523814142983,0.00014550392860607236,0.0
0.7871587216914796,0.11114882886377964,0.09558217351243878,0.0047524368362349065,0.001018379322050337,0.00019397701372387373,0.0001454827602929053,0.0
0.7873072820711723,0.11121884999515175,0.09526810821293513,0.004751284786192185,0.0010666149520023272,0.0001939299912731504,0.0001939299912731504,0.0
0.7890121602635531,0.10949081924325371,0.09481129790223342,0.0048931737803401,0.001404970689404583,0.00019378906060752872,0.00019378906060752872,0.0
0.7910209221232081,0.1074680356450988,0.09468229368461836,0.00493994575745835,0.0014044943820224719,0.0002905850445563735,0.00019372336303758234,0.0
0.793494045890212,0.10460838416109981,0.09473327524445735,0.00498596185497144,0.0016458514861070772,0.0003388517765514571,0.00019362958660083262,0.0
0.7954039671020803,0.10343492985002418,0.09366231253023706,0.005128205128205128,0.001838413159167876,0.0003386550556361877,0.00019351717464925012,0.0
0.7972528535500096,0.10287289611143355,0.09223254014316115,0.0051750822209324825,0.001934610176049526,0.0003385567808086671,0.0001934610176049526,0.0
0.7997099347353155,0.10253807106598985,0.08982354363065023,0.005221174764321972,0.002175489485134155,0.00033840947546531303,0.00019337684312303603,0.0
0.7985215248586752,0.10349325989273808,0.08967483210127071,0.00531477991979514,0.0022708605111851957,0.0004348456298014205,0.00028989708653428034,0.0
0.79607899946883,0.10459220628712154,0.09073349751315853,0.005504852962480081,0.0023178328263074024,0.000434593654932638,0.00033801728716982955,0.0
0.7937641778078093,0.10574834692794054,0.09165500265456827,0.005646990684878614,0.0023167141271296875,0.00043438389883681644,0.0003861190211882813,4.8264877648535163e-05
0.7908928657565965,0.10718248034344702,0.09285610920843182,0.005884906661521393,0.0023153731127297282,0.0004341324586368241,0.0003858955187882881,4.823693984853601e-05
0.788473595370147,0.10846394984326019,0.09394743187846637,0.005931999035447311,0.0023149264528574873,0.0004340487099107789,0.00038582107547624787,4.8227634434530984e-05
0.7860689322728368,0.10971318389973488,0.09491443721378645,0.006121957098095927,0.0023138105567606653,0.0004338394793926247,0.0003856350927934442,4.8204386599180526e-05
0.7847607113595836,0.11031856956961782,0.09557087088534387,0.006168971998650538,0.0023133644994939515,0.0004337558436551159,0.0003855607499156586,4.8195093739457326e-05
0.7835975521611334,0.11087553606707463,0.09613067990170096,0.006215968775598708,0.002264732809714258,0.00043367224015804944,0.00043367224015804944,4.8185804462005495e-05
0.7822359231250903,0.11179615625451568,0.09643080776455855,0.00635807523722364,0.002263860122344781,0.00043350512981070276,0.00043350512981070276,4.816723664563364e-05
0.7808271943762338,0.11276421589869517,0.09673070441523424,0.0065000722230247,0.002262988107275266,0.00043333814820164666,0.00043333814820164666,4.81486831335163e-05
0.7797083313279106,0.11286518746691053,0.09760793184771623,0.00664195985945998,0.0022621167637291236,0.0004331712951821726,0.0004331712951821726,4.813014390913029e-05
0.7785796766743649,0.11316397228637413,0.09829676674364896,0.006687836797536566,0.002357582755966128,0.0004330254041570439,0.0004330254041570439,4.8113933795227095e-05
0.7776815776815776,0.11356421356421356,0.0987012987012987,0.0067821067821067825,0.0023569023569023568,0.0004329004329004329,0.0004329004329004329,4.81000481000481e-05
0.7770936552984752,0.11429121169849439,0.09865794410505556,0.006734330655635191,0.0023089133676463514,0.0004329212564336909,0.0004329212564336909,4.8102361825965654e-05
0.777120315581854,0.11439842209072978,0.09861932938856016,0.006638764612498196,0.0023091355173906767,0.00043296290951075193,0.00043296290951075193,4.8106989945639104e-05
0.7764366434239,0.11473911998076461,0.09877374368838664,0.006684299110363068,0.002452512623226737,0.00043279634527530655,0.00043279634527530655,4.8088482808367394e-05
0.7766985622926383,0.11434341491561283,0.09890849641775257,0.0066836562965812375,0.00245227677068808,0.00043275472423907294,0.00043275472423907294,4.808385824878588e-05
0.7767307692307692,0.11423076923076923,0.09894230769230769,0.006682692307692308,0.002451923076923077,0.0004807692307692308,0.0004326923076923077,4.807692307692308e-05
0.7767522353619845,0.1145562926641669,0.09854821651764253,0.006633977502163254,0.002547831939236612,0.0004807230074031343,0.0004326507066628209,4.8072300740313434e-05
0.7777670976113807,0.11443264286057576,0.09756332003652617,0.0066804440813187866,0.002595280434469169,0.0004806074878646609,0.0004325467390781948,4.806074878646609e-05
0.7779326253063579,0.11466192512855014,0.09712143783939642,0.0066317458791868905,0.0025950309962035657,0.0005766735547119035,0.0004325051660339276,4.805612955932529e-05
0.7786054111201883,0.11432553222163487,0.09678504493248113,0.00653563362006824,0.002643087125762891,0.0005766735547119035,0.0004805612955932529,4.805612955932529e-05
0.7792944342977988,0.11376526002114774,0.0967509372296453,0.006392386811496684,0.0026434682303181772,0.000624819763529751,0.00048063058733057774,4.806305873305777e-05
0.7797693416626622,0.1134070158577607,0.09654012493993272,0.006391158097068717,0.002691013935607881,0.0006727534839019703,0.0004805382027871216,4.805382027871216e-05
0.7812064407594328,0.11304974765681326,0.09565008411439557,0.006248497957221821,0.0026435952895938475,0.0006729151646238885,0.0004806536890170632,4.806536890170632e-05
0.7817727360123053,0.11243030186502595,0.09575081715054796,0.006152662949432801,0.0026917900403768506,0.0006729475100942127,0.0004806767929244376,4.806767929244376e-05
0.7820173963189004,0.11221106252102456,0.095583641693498,0.0061511845835936375,0.002787255514440867,0.0006727858138305541,0.0005286174251525782,4.805612955932529e-05
0.7821615647075785,0.11230717478014321,0.09534336104570137,0.006055072324474987,0.0028833677735595176,0.0006727858138305541,0.0005286174251525782,4.805612955932529e-05
0.7833044982698962,0.1118319876970396,0.09467512495194157,0.005863129565551711,0.0030757400999615533,0.0006728181468665898,0.000528642829680892,4.805843906189927e-05
0.7829680891964629,0.11245674740484429,0.09443483275663206,0.0057670126874279125,0.0031237985390234527,0.0006728181468665898,0.000528642829680892,4.805843906189927e-05
0.7838227519584755,0.11193348392367954,0.09415100687268707,0.005671168356802999,0.003172009419906762,0.0006728504830105253,0.000528668236651127,4.806074878646609e-05
0.7843721466673074,0.11158633283675333,0.09390167715892161,0.005622567158441059,0.00326781681003412,0.0006727858138305541,0.0005286174251525782,4.805612955932529e-05
0.7845059592464437,0.1119281045751634,0.09347366397539408,0.005526720492118416,0.00331603229527105,0.0006728181468665898,0.000528642829680892,4.805843906189927e-05
0.7839019702066314,0.1122537241710716,0.09370494954348871,0.005478135511773186,0.0034118212397885633,0.0006727534839019703,0.0005285920230658338,4.805382027871216e-05
0.783936977615525,0.11206648092996445,0.09366894034009031,0.005572101066384859,0.0035065808435008165,0.0006724949562878278,0.0005283888942261505,4.8035354020559135e-05
0.783679938523606,0.11190624849911147,0.09403967148551942,0.005571298208539455,0.003506075596753278,0.0006723980596513136,0.0005763411939868402,4.802843283223668e-05
0.7828697698996013,0.1127924292645434,0.09410577893068166,0.005428255752509967,0.0035067492914444926,0.0006725272613729164,0.0005764519383196426,4.803766152663688e-05
0.7817107727774842,0.1132510446184141,0.09471206954517074,0.005427212910042745,0.0036021324624177513,0.0006723980596513136,0.0005763411939868402,4.802843283223668e-05
0.780589704187476,0.11409911640414906,0.0948905109489051,0.005378409527468306,0.0037456780637725702,0.0006723011909335382,0.0005762581636573184,4.8021513638109875e-05
0.7799164786636587,0.11438583017328277,0.09508952143234292,0.005520088321413143,0.0037440599049584793,0.0007200115201843229,0.0005760092161474584,4.8000768012288194e-05
0.779473886328725,0.11434331797235023,0.0956221198156682,0.005424347158218126,0.0037442396313364054,0.0007680491551459293,0.000576036866359447,4.8003072196620584e-05
0.7784977201823854,0.11456683465322774,0.09632829373650108,0.005423566114710823,0.0037916966642668587,0.0007679385649148068,0.0005759539236861051,4.7996160307175425e-05
0.776839681473664,0.11513000095941668,0.09714093830950782,0.0055646167130384725,0.003789695864914132,0.0007675333397294445,0.000671591672263264,9.594166746618056e-05
0.7764136012661264,0.11529423049254232,0.09726152222914967,0.005563282336578581,0.003932665099995204,0.0007673492878039422,0.0006714306268284495,9.591866097549278e-05
0.7761744966442953,0.11519654841802493,0.0973633748801534,0.005656759348034516,0.004074784276126558,0.0007670182166826462,0.0006711409395973154,9.587727708533077e-05
0.7765529141104295,0.11479102760736197,0.09739263803680982,0.005751533742331288,0.003978144171779141,0.0007668711656441718,0.0006710122699386503,9.585889570552147e-05
0.7761115369873515,0.1153219624377156,0.09706784208509008,0.005797240321962438,0.0041203526255270215,0.000814488309697202,0.0006707550785741664,9.582215408202377e-05
0.7755581105681709,0.11574207147647791,0.09715435469962633,0.005748778384593274,0.004119957842291846,0.0008623167576889911,0.0007185972980741593,9.581297307655457e-05
0.7756597538196274,0.11614540926289574,0.0965563484841228,0.0057952967096125295,0.004166866229225538,0.000862110254322525,0.0007184252119354375,9.579002825805833e-05
0.7751017476657889,0.11659085468039262,0.09657649030404597,0.005841513047641848,0.00421355039502035,0.000861862580799617,0.0007182188173330142,9.576250897773521e-05
0.7745656439955966,0.11707270377638443,0.09644378499976068,0.005935002153831427,0.004259799932991911,0.0009093954913128799,0.000717943808931221,9.572584119082946e-05
0.7742892696467886,0.11735426438211927,0.09643916913946587,0.005886857471044319,0.004307456686129989,0.0009093519670718866,0.0007179094476883316,9.572125969177755e-05
0.775762217010482,0.11702484085578901,0.09539080074666156,0.005791413392045182,0.004307662853587326,0.0009093954913128799,0.000717943808931221,9.572584119082946e-05
0.7767250454588955,0.11627906976744186,0.09508086898267777,0.005837879222892143,0.004354483682649057,0.0009091779117618911,0.000717772035601493,9.570293808019906e-05
0.7769643028040961,0.11627906976744186,0.09488946310651737,0.005790027753852043,0.004354483682649057,0.0009091779117618911,0.000717772035601493,9.570293808019906e-05
0.777331228170901,0.11611884598823023,0.09458877565666715,0.005693507487680016,0.0045452370699966506,0.0009090474139993302,0.0007176690110521028,9.56892014736137e-05
0.7768583181861667,0.1166650722280685,0.09442265378360279,0.005739978953410504,0.004591983162728404,0.0009088300009566631,0.000717497369176313,9.566631589017506e-05
0.7771239954075775,0.11705893608878684,0.09385763490241102,0.005644852659778033,0.004592422502870264,0.0009089169536930731,0.0007175660160734788,9.567546880979717e-05
0.7778787733818112,0.11696885614505095,0.0932880447782615,0.005597282686695689,0.004544802181505047,0.0009089604363010094,0.0007176003444481653,9.568004592642204e-05
0.778000956480153,0.11649928263988522,0.09354375896700143,0.005691056910569106,0.004543280726924916,0.0009086561453849832,0.0007173601147776184,9.564801530368245e-05
0.7775492634398317,0.1171321982016453,0.09340922135067917,0.005548115553854984,0.004639372488999426,0.0009087430648555577,0.0007174287354122824,9.565716472163765e-05
0.7776980825323961,0.117008559269354,0.09329125424377181,0.005546789078563573,0.004686080428441639,0.0009563429445799263,0.0007172572084349448,9.563429445799264e-05
0.778176254004686,0.11633911920814805,0.0935303399799168,0.0054511547841055805,0.004733897575670635,0.0009563429445799263,0.0007172572084349448,9.563429445799264e-05
0.7775865366226812,0.11656148403136354,0.0938994071524192,0.005498183209026583,0.004685408299866131,0.0009562057754828839,0.000717154331612163,9.562057754828839e-05
0.7774750227066304,0.11640135761747694,0.09417276160428319,0.005497394712940389,0.0047325397963573785,0.0009082652134423251,0.0007170514842965725,9.560686457287634e-05
0.777868068833652,0.1161567877629063,0.09412045889101338,0.005497131931166348,0.004636711281070746,0.0009082217973231358,0.0007170172084130019,9.560229445506692e-05
0.7767955273092177,0.11659578534907059,0.09461461270129498,0.0055908634778037945,0.004682945477134802,0.0009079180006689922,0.0007167773689492043,9.557031585989391e-05
0.7764767730835405,0.11689925444465685,0.09481934620531447,0.005543873064423628,0.004540240871726248,0.0009080481743452495,0.0007168801376409864,9.558401835213153e-05
0.7757598929458994,0.11761613458229785,0.09496272223284268,0.005591665073599694,0.004444656853374116,0.000812464155993118,0.0007168801376409864,9.558401835213153e-05
0.7750919600630584,0.11809105240529308,0.09496966512205608,0.005732575359480246,0.004538288826255195,0.0008121148425930349,0.0006688004586060288,9.55429226580041e-05
0.7747838134823946,0.11810233624767091,0.09536094787635564,0.0056375710668386605,0.004538722469065023,0.0008121924418326884,0.0006688643638622139,9.555205198031627e-05
0.7741103415333174,0.11879627418199187,0.09529496059230953,0.005684260807260568,0.004537855266300453,0.000859804155720086,0.0006209696680200621,9.553379508000956e-05
0.7733632586791461,0.11885774318322907,0.0958884484981615,0.005778138579819493,0.004536555083329354,0.0008595578052624039,0.0006207917482450695,9.550642280693377e-05
0.7727164207611135,0.1192283817982142,0.09621353196772191,0.005825335434273981,0.004440624552356396,0.0008594757198109154,0.0006207324643078833,9.549730220121282e-05
0.7729507805413663,0.11925335370220079,0.09590872201269872,0.0058719625722060435,0.004439776578985057,0.0008593115959325918,0.0006206139303957608,9.547906621473243e-05
0.7735605843597823,0.11873388713835577,0.09591330086890099,0.005824501098061682,0.004439988541965053,0.0008593526210254941,0.0005729017473503294,9.548362455838824e-05
0.7733957219251337,0.11879297173414821,0.09611344537815127,0.005729564553093965,0.00439266615737204,0.0008594346829640947,0.0006207028265851795,9.549274255156608e-05
0.7731004200076365,0.11889079801450936,0.09617220313096601,0.005870561282932417,0.004390988927071402,0.0008113783886979763,0.0006681939671630393,9.545628102329134e-05
0.7737254153141111,0.1186748138247088,0.09599961810196678,0.005823945006683215,0.0042963528737827,0.0007637960664502578,0.0006205843039908344,9.547450830628223e-05
0.7739225886507899,0.11874194626067866,0.09569035460315946,0.005918006967975946,0.004295327638047058,0.0007158879396745097,0.000620436214384575,9.545172528993462e-05
0.7744321435388433,0.1184863523573201,0.09543806069860661,0.005964878793662913,0.004246993701087994,0.0007157854552395495,0.0006203473945409429,9.54380606986066e-05
0.7747554282987353,0.11806251491290862,0.09563350035790981,0.005917442137914579,0.004199475065616798,0.0007158196134574087,0.0006203769983297542,9.54426151276545e-05
0.7745121427549024,0.11832625602366525,0.0955675366191135,0.005964025001192805,0.004246385800849277,0.0007156830001431366,0.0005725464001145093,9.542440001908489e-05
0.7740304345752039,0.1187330057720746,0.09564470734150646,0.006058293183227591,0.00419787244192148,0.0006678433430329628,0.000572437151171111,9.540619186185183e-05
0.774327418431597,0.11853653882846785,0.09559244419004007,0.006010303377218088,0.004197672199961839,0.0006678114863575654,0.0005724098454493417,9.540164090822362e-05
0.7744658527279664,0.11875238458603586,0.09524036627241511,0.006056848531095002,0.004196871423120946,0.0006199923693246852,0.0005723006486074017,9.538344143456696e-05
0.774567300815334,0.11839031135269155,0.09540838220569303,0.006055404567777619,0.004291231583464454,0.0006198445620559768,0.0005721642111285939,9.536070185476565e-05
0.775118020123027,0.11811549282342282,0.09522674169090649,0.005960612274092795,0.004291640837346812,0.0005722187783129083,0.0006199036765056506,9.536979638548471e-05
0.7753098188751192,0.11796949475691135,0.0949952335557674,0.006101048617731172,0.004289799809342231,0.0005719733079122975,0.000667302192564347,9.532888465204957e-05
0.7754956157072055,0.11775638581776592,0.09492947007243614,0.006099885627144491,0.004336637438048036,0.0006195196340068623,0.0006671749904689287,9.531071292413267e-05
0.7757766342672003,0.11778158947970269,0.0945302077377549,0.006098723079855155,0.004383457213645893,0.000714694110920526,0.0006194015627977892,9.52925481227368e-05
0.7768724985706118,0.11711454164284353,0.09405374499714123,0.006003430531732418,0.004526396035829998,0.000714694110920526,0.0006194015627977892,9.52925481227368e-05
0.77706854665841,0.11703901300433478,0.09374553422569427,0.006002000666888963,0.004668222740913638,0.000762158814843043,0.0006192540370599724,9.526985185538037e-05
0.7772803048344844,0.1167420814479638,0.09373660395332221,0.005906168135270303,0.004858299595141701,0.0007620862110026197,0.0006191950464396285,9.526077637532746e-05
0.7769732768065546,0.11680083837469633,0.0941266136331158,0.005811460963178202,0.004906397370552089,0.000762158814843043,0.0005716191111322822,4.7634925927690184e-05
0.7776878006954699,0.11656266374505787,0.09369789929976659,0.005716191111322822,0.004954032296479779,0.000762158814843043,0.0005716191111322822,4.7634925927690184e-05
0.77734375,0.11704458841463415,0.0936547256097561,0.005668826219512195,0.004906631097560976,0.0007621951219512195,0.0005716463414634146,4.763719512195122e-05
0.776745736877203,0.11717633609602744,0.09407449747546918,0.005620653520053348,0.005001428979708488,0.0007621225111936744,0.0005715918833952558,4.763265694960465e-05
0.7767193751190703,0.11716517431891789,0.09411316441226901,0.005572489998094875,0.005048580682034673,0.0007620499142693847,0.0005715374357020385,4.7628119641836543e-05
0.7769626524390244,0.11694931402439024,0.09427400914634146,0.005430640243902439,0.005001905487804878,0.0007621951219512195,0.0005716463414634146,4.763719512195122e-05
0.7766874672509885,0.1169913780784071,0.09455532796646501,0.005382746629828991,0.005001667222407469,0.000762158814843043,0.0005716191111322822,4.7634925927690184e-05
0.7772220634466991,0.1167000095265314,0.0943126607602172,0.005334857578355721,0.005049061636658093,0.0007621225111936744,0.0005715918833952558,4.763265694960465e-05
0.7771534688824342,0.11675634493595544,0.09418599114327889,0.0054283129374791675,0.005047378696252559,0.0007618684824532166,0.0006190181419932384,4.7616780153326035e-05
0.7773067212880485,0.11680083837469633,0.09431715333682657,0.00528747677797361,0.004954032296479779,0.000762158814843043,0.000523984185204592,4.7634925927690184e-05
0.7775078593883967,0.11650947889873298,0.09440792607411641,0.005239592264456512,0.004953796322758884,0.000809755168143279,0.0005239592264456511,4.763265694960465e-05
0.777349145115969,0.11654045816068963,0.09448968900319094,0.005238843644330142,0.005000714387769682,0.0008096394723055675,0.0005238843644330142,4.76258513120922e-05
0.776577005474887,0.11740061890026184,0.0943108783622947,0.005427279219233516,0.004903594382289931,0.0008093311116400857,0.0005236848369435848,4.7607712449416804e-05
0.7762913592001904,0.11768626517495834,0.0943584860747441,0.005379671506784099,0.004903594382289931,0.0008093311116400857,0.0005236848369435848,4.7607712449416804e-05
0.7751915845589985,0.11809224618020848,0.09500690180398877,0.005426245894616593,0.004855062116235899,0.000856775667571041,0.0005235851301823028,4.759864819839116e-05
0.775223681705692,0.11831334475537789,0.09466019417475728,0.005377879307062631,0.004997144488863506,0.0008566533409480297,0.0005235103750237959,4.759185227489054e-05
0.7755733181082881,0.11775620896374536,0.09472832809972405,0.005423922352269483,0.005138452754781616,0.0008088305262156248,0.0005233609287277572,4.7578266247977927e-05
0.7750297265160523,0.11747919143876338,0.095410225921522,0.005517241379310344,0.005231866825208086,0.0007609988109393579,0.0005231866825208086,4.756242568370987e-05
0.7752258678078935,0.11707085116500238,0.09548264384213029,0.005515929624346172,0.0053257251545411315,0.0008083689966714218,0.0005230622919638611,4.75511174512601e-05
0.7746137390064178,0.11728072260518184,0.095792726408367,0.0055621583075826,0.005276919420014262,0.0008557166627050155,0.000570477775136677,4.753981459472308e-05
0.774176685833769,0.11761630946157867,0.09575630851114385,0.005702608943591693,0.005322435014018914,0.0008078696003421565,0.0005702608943591694,4.7521741196597446e-05
0.7737965119041962,0.11813904861474124,0.09570878676994725,0.005702608943591693,0.005227391531625719,0.0008078696003421565,0.0005702608943591694,4.7521741196597446e-05
0.7740923778749287,0.11756320091237407,0.0960368751187987,0.005702337958563011,0.005179623645694735,0.0008078312107964265,0.0005702337958563011,4.7519482988025094e-05
0.7737184664354602,0.11786783220105468,0.09606157062093211,0.00579599980996722,0.005130885077675899,0.0008076393177823175,0.0005700983419639888,4.750819516366573e-05
0.7731028587710134,0.11838731123563491,0.09597302687814607,0.005888498432899611,0.005271155855256909,0.0008072941399943015,0.0005223667964669009,4.7487890587900086e-05
0.77316748955564,0.11806874287884542,0.09608811241929358,0.005934295480440562,0.005364603114318268,0.0008070641853399164,0.0005222180022787695,4.7474363843524496e-05
0.7737264397284338,0.11783696529459241,0.09585529126905,0.005839623985187295,0.005317381189764041,0.0008071025020177562,0.0005697194131890044,4.747661776575037e-05
0.7737953952053169,0.11811061001661524,0.09551388559221458,0.005839069546641348,0.005269404225017802,0.0008544979824353193,0.0005696653216235462,4.747211013529551e-05
0.774655908875178,0.11760797342192691,0.09511153298528714,0.005885144755576649,0.005363075462743237,0.0008068343616516374,0.0005220692928334125,4.746084480303749e-05
0.7750723812235987,0.11723385068109544,0.09525843656557027,0.005885424082775642,0.005173477621149556,0.0008068726565095638,0.0005220940718591295,4.746309744173905e-05
0.7753630065483534,0.11711113220081618,0.09495112460852236,0.005836575875486381,0.0053620575116257,0.0008066812185631584,0.0005219702002467496,4.745183638606814e-05
0.7749205294871186,0.11747402381743133,0.09503249988138729,0.005883190207335009,0.005313849219528396,0.0008065663993927029,0.0005693409878066138,0.0
0.7753998006928297,0.11683196507379111,0.0953352631329189,0.005741944668533194,0.0053148578750059315,0.000806719498884829,0.0005694490580363498,0.0
0.7748624027329664,0.11752704498007212,0.09513190358701841,0.005788574682102866,0.0052666540140444106,0.000854052002277472,0.0005693680015183147,0.0
0.774641874584954,0.117493596432976,0.09529456408310406,0.005834361066312494,0.005312588938430889,0.0008538089365335357,0.0005692059576890238,0.0
0.7740528237469771,0.11802361420645835,0.09521551519749633,0.005879842571956944,0.005405661719379772,0.0008535255346389113,0.0005690170230926075,0.0
0.773505286615144,0.11858138542506283,0.09520648617893888,0.005831871414347352,0.0054525627044711015,0.0008534445972215637,0.0005689630648143758,0.0
0.7733067917910802,0.11853642352718138,0.09526517844447605,0.005877055784634343,0.005592682117635907,0.0008531210009953079,0.0005687473339968719,0.0
0.7733819766890931,0.11811807069079883,0.09551786221927414,0.0059698663887046335,0.005590827252913863,0.0008528380555292334,0.0005685587036861556,0.0
0.7730869462212746,0.11798152096659559,0.09604359156597962,0.005922767116796968,0.005543710021321962,0.0008528784648187633,0.0005685856432125089,0.0
0.7730567002984227,0.118042726540666,0.09592155748188148,0.006015821135900715,0.005542134432286486,0.0008526360665056132,0.0005684240443370755,0.0
0.7732569154982948,0.11765820386510041,0.09615384615384616,0.006015536187949981,0.005494505494505495,0.0008525956801818871,0.0005683971201212581,0.0
0.7729683652206857,0.11716234135252888,0.09694070846751279,0.006109111574161773,0.005446107217276,0.0008050767190755824,0.0005682894487592347,0.0
0.7725378787878788,0.11728219696969697,0.0971590909090909,0.006107954545454546,0.005539772727272727,0.0008049242424242424,0.0005681818181818182,0.0
0.7723634986030212,0.1173462139508453,0.09745702514561727,0.0060614670644504424,0.005493204527158214,0.0007103281716152863,0.000568262537292229,0.0
0.7722861335984472,0.11783364105477441,0.09695592482128486,0.00615442882166359,0.005491644179330587,0.0007101264024996449,0.000568101121999716,0.0
0.7721159310475468,0.11787270316347793,0.09736692555408222,0.006014396666035234,0.0053987497632127296,0.0006630043568857738,0.0005682894487592347,0.0
0.7722645708063065,0.11746602907059325,0.09753326073576062,0.0060603191136783295,0.005444817953695375,0.0006628474030585673,0.0005681549169073434,0.0
0.7720087088224158,0.11761643316925408,0.09745361605452481,0.006105641802347596,0.005537675123059447,0.0007099583491101855,0.0005679666792881485,0.0
0.7716259700927504,0.11712095400340715,0.0982396365701306,0.006104486087450313,0.005631270111678971,0.0007098239636570131,0.0005678591709256105,0.0
0.7717787346803577,0.11687881512326694,0.09842426536696162,0.0061515165854351015,0.005489045568542091,0.0007097903752425117,0.0005678323001940094,0.0
0.7715272520817562,0.11719341408024224,0.09831566994700984,0.006150643451930356,0.00553557910673732,0.0007096896290688873,0.0005677517032551098,0.0
0.7715123705000236,0.11727139410568144,0.0982544112777331,0.006197076493684658,0.005487487582194049,0.0007095889114906098,0.0005676711291924878,0.0
0.7723423380801439,0.1168566967876236,0.09793253536452666,0.006103042058948763,0.00544069640914037,0.0007569664569238775,0.0005677248426929082,0.0
0.7715339860933731,0.11749680715197956,0.09805591031644671,0.006149188780095549,0.005439666997776832,0.0007568232344732983,0.0005676174258549738,0.0
0.7724950326426341,0.11718232566941054,0.09754943703283186,0.006055445169836314,0.005440439019774813,0.0007569306462295392,0.0005203898192828082,0.0
0.7721016035192281,0.11711839553474292,0.09796130741213756,0.0060545858757863865,0.0054869684499314125,0.0007568232344732983,0.0005203159737003926,0.0
0.7720866439651911,0.1175274309496784,0.09752175558077941,0.006053726825576996,0.005486189935679153,0.0007567158531971245,0.0005675368898978433,0.0
0.7720609098647498,0.11775276648065829,0.09737066111794193,0.006100444528516031,0.0053910905135723065,0.0007566442826066396,0.0005674832119549796,0.0
0.7727122251123197,0.11742728777488769,0.09709151099550721,0.006006148025537952,0.005438637975880823,0.0007566800662095058,0.0005675100496571293,0.0
0.773410896708286,0.11691259931895573,0.09700151343170639,0.005959137343927355,0.005391600454029512,0.0007567158531971245,0.0005675368898978433,0.0
0.7726971817665973,0.11764705882352941,0.09688859466616229,0.005958010213731795,0.005485152260261018,0.0007565727255532438,0.0005674295441649329,0.0
0.7721147936267789,0.11805588388255875,0.09687485225284856,0.005862606968937639,0.00576804879201929,0.0007564654153467921,0.0005673490615100941,0.0
0.7720525668904226,0.11813368630046327,0.09676656897040749,0.005814503167249693,0.005861775550723268,0.0008036305190507705,0.0005672686016828969,0.0
0.7723469628929331,0.11779721106121484,0.09685653509808556,0.005766958165918223,0.005861498463720161,0.0008035925313164737,0.0005672417868116284,0.0
0.7722350938578656,0.11792519740886094,0.09707314766655634,0.005674027140763156,0.005768594259775876,0.0008038205116081138,0.000520119154569956,0.0
0.7711948555487257,0.11863445080145633,0.09749869970211357,0.005626743581256797,0.005721310700269516,0.0008038205116081138,0.000520119154569956,0.0
0.7704050285930337,0.1192873009121414,0.09745262063424548,0.005813129164894371,0.005718606739448935,0.0008034406162862139,0.0005198733399499031,0.0
0.769739639937627,0.11954826820394084,0.09781221943958796,0.005859282710390776,0.005717525870623258,0.0008032887586826064,0.0005197750791475689,0.0
0.7708156128910311,0.1192231358094698,0.09715527832908043,0.0057650505623287026,0.005670541536716756,0.0008505812305075135,0.0005197996408657027,0.0
0.7701138564747012,0.11933670335900222,0.09769924883072707,0.005858175461803751,0.005574715358813247,0.0008503803089715123,0.0005669202059810081,0.0
0.7690454824540689,0.11972795541491522,0.09819109242903698,0.005903745336041185,0.0056675955225995375,0.0008501393283899306,0.0006139895149482832,0.0
0.7692089728453365,0.1192443919716647,0.09855962219598584,0.0059504132231404955,0.005572609208972845,0.0008500590318772137,0.0006139315230224321,0.0
