,bt_pt-O,bt_pt-A,bt_pt-B,bt_pt-AB
0,1.0,0.0,0.0,0.0
1,1.0,0.0,0.0,0.0
2,1.0,0.0,0.0,0.0
3,1.0,0.0,0.0,0.0
4,1.0,0.0,0.0,0.0
5,1.0,0.0,0.0,0.0
6,1.0,0.0,0.0,0.0
7,1.0,0.0,0.0,0.0
8,1.0,0.0,0.0,0.0
9,1.0,0.0,0.0,0.0
10,1.0,0.0,0.0,0.0
11,1.0,0.0,0.0,0.0
12,1.0,0.0,0.0,0.0
13,1.0,0.0,0.0,0.0
14,1.0,0.0,0.0,0.0
15,1.0,0.0,0.0,0.0
16,1.0,0.0,0.0,0.0
17,1.0,0.0,0.0,0.0
18,1.0,0.0,0.0,0.0
19,1.0,0.0,0.0,0.0
20,1.0,0.0,0.0,0.0
21,1.0,0.0,0.0,0.0
22,1.0,0.0,0.0,0.0
23,1.0,0.0,0.0,0.0
24,1.0,0.0,0.0,0.0
25,1.0,0.0,0.0,0.0
26,1.0,0.0,0.0,0.0
27,1.0,0.0,0.0,0.0
28,1.0,0.0,0.0,0.0
29,1.0,0.0,0.0,0.0
30,1.0,0.0,0.0,0.0
31,1.0,0.0,0.0,0.0
32,1.0,0.0,0.0,0.0
33,1.0,0.0,0.0,0.0
34,1.0,0.0,0.0,0.0
35,1.0,0.0,0.0,0.0
36,1.0,0.0,0.0,0.0
37,1.0,0.0,0.0,0.0
38,1.0,0.0,0.0,0.0
39,1.0,0.0,0.0,0.0
40,1.0,0.0,0.0,0.0
41,1.0,0.0,0.0,0.0
42,1.0,0.0,0.0,0.0
43,1.0,0.0,0.0,0.0
44,1.0,0.0,0.0,0.0
45,1.0,0.0,0.0,0.0
46,1.0,0.0,0.0,0.0
47,1.0,0.0,0.0,0.0
48,1.0,0.0,0.0,0.0
49,1.0,0.0,0.0,0.0
50,1.0,0.0,0.0,0.0
51,1.0,0.0,0.0,0.0
52,1.0,0.0,0.0,0.0
53,1.0,0.0,0.0,0.0
54,1.0,0.0,0.0,0.0
55,1.0,0.0,0.0,0.0
56,1.0,0.0,0.0,0.0
57,1.0,0.0,0.0,0.0
58,1.0,0.0,0.0,0.0
59,1.0,0.0,0.0,0.0
60,1.0,0.0,0.0,0.0
61,1.0,0.0,0.0,0.0
62,1.0,0.0,0.0,0.0
63,1.0,0.0,0.0,0.0
64,1.0,0.0,0.0,0.0
65,1.0,0.0,0.0,0.0
66,1.0,0.0,0.0,0.0
67,1.0,0.0,0.0,0.0
68,1.0,0.0,0.0,0.0
69,1.0,0.0,0.0,0.0
70,1.0,0.0,0.0,0.0
71,1.0,0.0,0.0,0.0
72,1.0,0.0,0.0,0.0
73,1.0,0.0,0.0,0.0
74,1.0,0.0,0.0,0.0
75,1.0,0.0,0.0,0.0
76,1.0,0.0,0.0,0.0
77,1.0,0.0,0.0,0.0
78,1.0,0.0,0.0,0.0
79,1.0,0.0,0.0,0.0
80,1.0,0.0,0.0,0.0
81,1.0,0.0,0.0,0.0
82,1.0,0.0,0.0,0.0
83,1.0,0.0,0.0,0.0
84,1.0,0.0,0.0,0.0
85,1.0,0.0,0.0,0.0
86,1.0,0.0,0.0,0.0
87,1.0,0.0,0.0,0.0
88,1.0,0.0,0.0,0.0
89,1.0,0.0,0.0,0.0
90,1.0,0.0,0.0,0.0
91,1.0,0.0,0.0,0.0
92,1.0,0.0,0.0,0.0
93,1.0,0.0,0.0,0.0
94,1.0,0.0,0.0,0.0
95,1.0,0.0,0.0,0.0
96,1.0,0.0,0.0,0.0
97,1.0,0.0,0.0,0.0
98,1.0,0.0,0.0,0.0
99,1.0,0.0,0.0,0.0
100,0.9867366128872612,0.01326338711273879,0.0,0.0
101,0.9734758511480601,0.026524148851939825,0.0,0.0
102,0.9602177140029688,0.03978228599703117,0.0,0.0
103,0.9469622006728676,0.0397783494953493,0.013259449831783099,0.0
104,0.9336631214444719,0.03977244620331437,0.0265644323522137,0.0
105,0.9204135133798289,0.03976851164861255,0.03981797497155859,0.0
106,0.920375865479723,0.039762611275964393,0.03986152324431256,0.0
107,0.9203837404806646,0.03975867866679854,0.03985758085253684,0.0
108,0.9203916139240507,0.039754746835443035,0.039853639240506326,0.0
109,0.9203994858103431,0.03975081578166716,0.039849698407989714,0.0
110,0.9204073561400039,0.03974688550524026,0.03984575835475578,0.0
111,0.9204152249134948,0.039742956005931786,0.0398418190805734,0.0
112,0.9203736654804271,0.03978845393436141,0.039837880585211545,0.0
113,0.9202332707324306,0.03993278639913018,0.03983394286843926,0.0
114,0.9202411543783356,0.03997825657244515,0.03978058904921921,0.0
115,0.9201047482583131,0.040071149760363654,0.03982410198132319,0.0
116,0.920013833308631,0.040116595029889825,0.039869571661479176,0.0
117,0.9199229363236674,0.04016203131946846,0.039915032356864104,0.0
118,0.9198854094635978,0.040254865158549834,0.039859725377852415,0.0
119,0.919745160015804,0.040250888976689055,0.040003951007506915,0.0
120,0.9192138659819268,0.04068934867413955,0.040096785343933634,0.0
121,0.9176418308398756,0.04226534340591517,0.040092825754209256,0.0
122,0.9166625524561837,0.04329795112317946,0.04003949642063688,0.0
123,0.9145071326324102,0.04486894713460684,0.04057455945505701,4.936077792586011e-05
124,0.9107909409384715,0.04707159421720038,0.04194009966941333,0.00019736517491488628
125,0.907740885095466,0.048547042281316295,0.043514726922887166,0.00019734570033055405
126,0.9047501603117447,0.049918610960390665,0.045084595274503036,0.000246633453361614
127,0.9017112985155595,0.0516348572274005,0.04635794249642452,0.00029590176061547566
128,0.8989694788225433,0.05280804694048617,0.047877323603372615,0.0003451506335979488
129,0.8959822528962288,0.054276559033768795,0.0493468079861967,0.00039438008380576783
130,0.8928870705377828,0.055700695026371566,0.05101789323211909,0.00039434120372652435
131,0.8893707189671315,0.057655349135169766,0.052481151135859654,0.0004927807618390578
132,0.8859549731513867,0.05965811123700675,0.053795753485393366,0.000591162126213114
133,0.882132834424696,0.061444537442765006,0.05558564324750136,0.0008369848850376643
134,0.878316514890475,0.06349987693822298,0.05729756337681516,0.0008860447944868323
135,0.8743911439114391,0.06538745387453875,0.0591389913899139,0.001082410824108241
136,0.8692039140482863,0.06765993017652555,0.0618085263313173,0.0013276294438707775
137,0.8646749545476881,0.06992285391381259,0.06378064959952828,0.001621541938971058
138,0.860847782307579,0.07171275602927452,0.06567120192543838,0.0017682597377081388
139,0.8567008790453273,0.07371212493247557,0.06776997495457447,0.0018170210676226488
140,0.8534249938620182,0.0748833783452001,0.06987478517063589,0.0018168426221458385
141,0.8489473425921382,0.07626245276537272,0.07272905727045198,0.0020611473720371005
142,0.8465086608763923,0.07645124883458462,0.07497914519848864,0.0020609450905343736
143,0.8446821036106751,0.07672684458398744,0.07648155416012559,0.002109497645211931
144,0.8435200627881879,0.07716079662513489,0.07720984989698813,0.0021092906896890023
145,0.8424563468707083,0.0778889542868354,0.07754561506768687,0.0021090837747694724
146,0.8418342324668955,0.07812653261402648,0.07793035801863658,0.002108876900441393
147,0.8404510909536651,0.07874479038980142,0.07864672713900465,0.002157391517528806
148,0.8394371721331568,0.07957052507721724,0.07883512281217826,0.002157179977447664
149,0.8384313725490196,0.08044117647058824,0.07897058823529411,0.002156862745098039
150,0.8365436455423222,0.08136058422780963,0.07993922462382982,0.0021565456060383278
151,0.8349995099480545,0.08223071645594433,0.08056453984122317,0.0022052337547780066
152,0.8331781882318358,0.08299446376953604,0.08157366126108472,0.0022536867375434816
153,0.8318800822964633,0.08357009895169981,0.08229646321152151,0.0022533555403154697
154,0.8301498677637379,0.08482711333137427,0.08272112841610343,0.0023018904887844058
155,0.8279796298109882,0.08623053569679758,0.08343942806777005,0.002350406424444227
156,0.8255996084189917,0.0877141458639256,0.08418991678903573,0.00249632892804699
157,0.8234804737202701,0.08916511696192621,0.08480963100714495,0.002544778310658706
158,0.8210861056751467,0.09036203522504892,0.08590998043052837,0.0026418786692759297
159,0.8178794992175273,0.09174491392801253,0.08758802816901408,0.0027875586854460093
160,0.8152567237163815,0.0936919315403423,0.0882640586797066,0.002787286063569682
161,0.8113272087568413,0.09572908522283034,0.08986512900703675,0.003078577013291634
162,0.8077975376196991,0.09766464725425053,0.0914109829978503,0.003126832128200117
163,0.8052271617000488,0.09877870053737177,0.0928676111382511,0.0031265266243282854
164,0.8027742502686334,0.10007814789489108,0.09397284360652534,0.0031747582299501806
165,0.7999707059857436,0.10135728932721413,0.09535201640464798,0.0033199882823942975
166,0.7978328777821163,0.10269426005466614,0.09605622803592347,0.0034166341272940256
167,0.794944368534062,0.10399180167870388,0.09759906304899472,0.0034647667382393128
168,0.7930529807786125,0.10464435554688262,0.09874134061859693,0.0035613230559078933
169,0.790829268292683,0.10570731707317073,0.09990243902439025,0.0035609756097560977
170,0.788305861699015,0.10679801033843753,0.10123866185506682,0.0036574661074807373
171,0.7865223327481958,0.10786034718158767,0.10196021064950263,0.003657109420713868
172,0.78487861947938,0.10865750219362387,0.10271034415521108,0.0037535341717851224
173,0.7833268368739037,0.10962775287468329,0.10309881114792438,0.003946599103488599
174,0.7821449444769141,0.11012078706409507,0.1036430937073836,0.004091174751607247
175,0.7804284323271665,0.11100292112950341,0.10433300876338851,0.004235637779941577
176,0.7799143218771298,0.11118683672475903,0.10466361600623114,0.0042352253918800506
177,0.7781563321327752,0.11213861578896135,0.10542197994743502,0.004283072130828385
178,0.7777885925637532,0.112468366751022,0.10546038543897217,0.004282655246252677
179,0.7769829683698297,0.11279805352798053,0.1059367396593674,0.0042822384428223845
180,0.776637150919529,0.11272744964483798,0.10630534202588304,0.004330057409749927
181,0.7768048258416034,0.11213271064409418,0.10673282739832653,0.004329636115975871
182,0.7781614785992218,0.11094357976653696,0.10651750972762646,0.004377431906614786
183,0.779847298545932,0.1100520352088703,0.10572387297573312,0.0043767932694645725
184,0.7823423598619281,0.1087558947931353,0.10442899508969809,0.004472750255238466
185,0.784863656248481,0.10785981626403539,0.10275603946920721,0.004520488018276382
186,0.7864153143523467,0.10737537654261005,0.10154503935477602,0.004664269750267224
187,0.7873208647073111,0.1076026232693709,0.10036434296818071,0.0047121690551372355
188,0.7876918593355353,0.10792694773654556,0.09962113852729745,0.004760054400621721
189,0.7878096163186012,0.10772219524040796,0.09970859640602234,0.004759592034968431
190,0.7899592153816275,0.10506894542629637,0.10011652748106428,0.004855311711011847
191,0.7929042904290429,0.10240729955348477,0.09968938070277616,0.004999029314696176
192,0.7948668186890495,0.09980107709475523,0.10023773713065838,0.005094367085536849
193,0.7966044142614601,0.09876303662381761,0.09949066213921902,0.0051418869755032745
194,0.7975364919257069,0.09897677125260657,0.09824935745114204,0.00523737937054459
195,0.7974211062097047,0.0998109457559746,0.09738717339667459,0.005380774637646032
196,0.7965592440029077,0.10046038284468137,0.09750424036830628,0.005476132784104677
197,0.7944953239327421,0.10175897659543538,0.09827009739787759,0.005475602073944857
198,0.7924034688241849,0.1030473329780534,0.09902620997044717,0.005522988227314568
199,0.7905749019227974,0.10413135080156924,0.09967549765099046,0.005618249624642805
200,0.7888722095782287,0.10483753813374655,0.10062466708633964,0.0056655852016851485
201,0.7865201181426427,0.10594102551687407,0.10187381978405075,0.005665036556432479
202,0.7845424188162415,0.10637371146493733,0.10322799206310797,0.00585587765571311
203,0.7829809878573848,0.10710657442794252,0.10391369551545644,0.005998742199216293
204,0.7814329253543612,0.10807411349233226,0.10454259590730976,0.005950365245996807
205,0.7802931359744595,0.10903110337154744,0.10472597107338073,0.005949789580612393
206,0.7803415082474725,0.1088859865525081,0.10487108789242007,0.005901417307599284
207,0.779271654495333,0.10930018861536973,0.10547951830536345,0.00594863858393384
208,0.7783956288380639,0.10976258401431266,0.10584594555389004,0.0059958415937333785
209,0.7775199419869471,0.10998307952622674,0.10645395213923133,0.006043026347594876
210,0.776634294825337,0.11006426052084843,0.10702034111223849,0.006281103541576074
211,0.7771442377385842,0.11012321816863976,0.10654747523556414,0.006185068857211887
212,0.77718730373448,0.10995700275375622,0.10662350838204744,0.0062321851297164116
213,0.7776918989420801,0.10917346988068209,0.10690304816192454,0.0062315830153132695
214,0.779114138047626,0.10829348403613002,0.10636139689900015,0.006230981017243877
215,0.7801497222893021,0.10775175078483458,0.10586814779038879,0.006230379135474523
216,0.781459832858316,0.10709627554224434,0.10535722911936621,0.006086662480073427
217,0.7824091962905718,0.10635625965996909,0.10514876352395672,0.006085780525502319
218,0.7831651132467281,0.10609938668083257,0.10465060124595547,0.006084898826483798
219,0.7830935599111711,0.1062083614946413,0.10451868301631746,0.00617939557787004
220,0.7833598764538391,0.10583466048935862,0.10453163457362097,0.006273828483181314
221,0.7836220624426965,0.10543840177580466,0.10466631279254934,0.006273222988949476
222,0.784821730110484,0.10459786751580065,0.10426014377382159,0.006320258599893858
223,0.7852559463501713,0.10469436001350894,0.10377768128528007,0.006272012351039706
224,0.7859417213431108,0.10444808954071787,0.10338672327286762,0.006223465843303744
225,0.785896879371051,0.10447113297641442,0.10336179038248203,0.006270197270052573
226,0.7861137897782063,0.10414657666345227,0.10337512054001928,0.006364513018322083
227,0.7863927865374415,0.1037176334442355,0.10362119677901538,0.006268383239307585
228,0.7862341543355665,0.10415963753795729,0.10319564274352919,0.006410565382946932
229,0.7862341543355665,0.10396683857907167,0.10343664144213621,0.006362365643225527
230,0.785435442671936,0.10443876813340403,0.10376403682105162,0.0063617523736083665
231,0.7856488843911137,0.10418774998795238,0.10380222639872777,0.006361139222206159
232,0.7853597416991952,0.10462146402583009,0.10370584550142162,0.0063129487735530815
233,0.7842721534236015,0.10523779694502,0.10417770924685588,0.00631234038452272
234,0.7836457379655953,0.10591239820748807,0.10417770924685588,0.006264154580060714
235,0.782964782964783,0.1061328708387532,0.10459122223828106,0.0063111239581827815
236,0.7830338648297124,0.10578544245869262,0.10487017679078954,0.006310515920805434
237,0.7822359231250903,0.10591975338374837,0.1055344154905833,0.006309908000578007
238,0.781871598516592,0.10619852622453403,0.10562057506140732,0.0063093001974666475
239,0.7810257645075849,0.10638092944859139,0.10628461353238623,0.006308692511437515
240,0.7803997110522514,0.10662171923910427,0.10671803515530942,0.0062605345533349385
241,0.7794039766982812,0.10692792836165808,0.1073130807375668,0.006355014202493862
242,0.779617773070813,0.10658065758436432,0.10744716699561932,0.0063544023492032925
243,0.7785532078740915,0.10723396062954228,0.10781152235645185,0.006401309139914328
244,0.7785745223543,0.10722363925116704,0.10780114538716974,0.006400693007363204
245,0.779526422177303,0.10684377707190297,0.10732505534700164,0.006304745403792473
246,0.7803715825953023,0.10598767809010397,0.10743165190604544,0.006209087408548325
247,0.7816982766920189,0.10532396264561471,0.10686434966785405,0.0061134109945123714
248,0.7820833734475787,0.10551651102339463,0.10633484162895927,0.006065273900067392
249,0.7819013237063779,0.10541516245487365,0.10666666666666667,0.006016847172081829
250,0.7815854069403667,0.10579005631226837,0.10660826875872359,0.006016267988641286
251,0.7822110988111854,0.10530875487317708,0.10651200847090533,0.005968137844732156
252,0.7825480098185493,0.1052124945853588,0.10631948789526881,0.005920007700823025
253,0.7830293112576406,0.10506810415363142,0.10603070703181403,0.005871877556913895
254,0.7824245632609846,0.10568362288849319,0.1060205014678281,0.005871312382694066
255,0.7838475237040958,0.10497184386581315,0.10540501516099533,0.005775617269095635
256,0.7840400442797324,0.1050199740097223,0.1052124945853588,0.005727487125186504
257,0.7841882398229237,0.10485035126551824,0.10518718121451257,0.00577422769704552
258,0.784659063567682,0.10514412203455079,0.10447042971945528,0.00572638467831192
259,0.7855424006160362,0.10487053614399847,0.103956107421311,0.005630955818654346
260,0.7859411085450346,0.1044072363356428,0.10392609699769054,0.005725558121632024
261,0.7856593248052323,0.10474175242858517,0.10368375492930654,0.005915167836876022
262,0.7860165416426236,0.10482785150990576,0.10324100788613196,0.005914598961338719
263,0.7857314552184991,0.10513917600115379,0.1031681169174559,0.005961251862891207
264,0.7858276044420941,0.10494687755396376,0.10331234075284842,0.005913177251093697
265,0.7856146930140873,0.10476465214673783,0.10380306745516611,0.005817587384008846
266,0.7848180375943464,0.10571607134272391,0.10364886303543099,0.005817028027498678
267,0.7850310051434889,0.10565783781185406,0.10349468826611546,0.005816468778541557
268,0.7850723314269237,0.10525303984236074,0.10381121737876677,0.005863411351948863
269,0.7856422084474557,0.10523280957186104,0.10321464610061987,0.005910335880063428
270,0.7854912322844103,0.10564496757146288,0.10290655777083833,0.005957242373288494
271,0.785518666218229,0.10551097871522606,0.10310863402681017,0.005861721039734781
272,0.7858069475808389,0.1053668380339211,0.10301254023927353,0.005813674145966463
273,0.786088293221886,0.10520247874333477,0.10284863332852957,0.0058605947062497
274,0.7856285124165426,0.10538450453912292,0.10312695134252366,0.0058600317018108455
275,0.7856765454632787,0.10519237235217829,0.10331908352946828,0.005811998655074691
276,0.7861843685449392,0.10481817745112168,0.1032809722822693,0.005716481721669789
277,0.7872411970985252,0.10385742422058894,0.10323293462074266,0.0056684440601431525
278,0.7878860656131419,0.10355924876314905,0.10288678610884289,0.005667899514866228
279,0.7878584121800105,0.10388550021612795,0.10258873252965756,0.005667355074203928
280,0.7888264399289042,0.10308882163616276,0.10256040735936975,0.005524331075563242
281,0.7882776843622388,0.10324285371126592,0.10305068460245016,0.00542877732404516
282,0.787344448181425,0.10373324364579829,0.10358910296449335,0.005333205208283284
283,0.787645900379461,0.10346318266967673,0.10346318266967673,0.005427734281185456
284,0.787954469045675,0.10292493155948322,0.103693386484799,0.005427212910042745
285,0.7883941009751645,0.10299274631310948,0.10332900994379593,0.005284142767930058
286,0.7880505259113395,0.10345324432063782,0.1031650737236444,0.005331156044378272
287,0.7885843214440017,0.10297153281167491,0.10292352743507273,0.005520618309250636
288,0.7895242210379759,0.10254933026069422,0.10250132027461711,0.005425128426712756
289,0.7897920967974265,0.10251116339367168,0.10236711960435972,0.005329620204542181
290,0.7898248140148788,0.10251979841612671,0.10218382529397649,0.005471562275017999
291,0.7902010653102356,0.10230817217716781,0.10197226354431595,0.005518498968280628
292,0.7904131279689074,0.10273019528813397,0.1013387073556931,0.005517969387265486
293,0.7899433835524422,0.10310910661164956,0.10142980520103637,0.005517704634871893
294,0.7898575061171617,0.10334404836156023,0.10128100561339538,0.005517439907882743
295,0.7893979371551931,0.10371791796593907,0.1013672343487647,0.005516910530103142
296,0.7895999232466661,0.103617000863475,0.10126643001055359,0.0055166458793053826
297,0.789668073676132,0.10370299309286263,0.1011128165771297,0.005516116653875671
298,0.7891606714628298,0.10441247002398081,0.10091127098321342,0.005515587529976019
299,0.7888931517360445,0.10488202570496835,0.10070976405140994,0.005515058507577211
300,0.7891329368885479,0.10473815461346633,0.10066180702090927,0.005467101477076539
301,0.7892692750287686,0.10476601457614115,0.10045070962792482,0.005514000767165324
302,0.789395464787382,0.10503859245409655,0.1000527350304425,0.005513207728079007
303,0.7898345720450731,0.10520258930712059,0.09959242387916567,0.005370414768640613
304,0.790657522420987,0.10479113711572587,0.09932377344012278,0.0052275670231643565
305,0.7898345720450731,0.10529848957084632,0.09959242387916567,0.005274514504914889
306,0.789874874155041,0.10532623807469198,0.09947744378925165,0.005321443981015389
307,0.7906296456145399,0.10516472450007193,0.09907447369683019,0.005131156188558001
308,0.7900062341149955,0.10535654342300868,0.09955402100417206,0.005083201457823814
309,0.7899103246535271,0.10526063396154031,0.099793794657843,0.005035246727089627
310,0.7901021435764638,0.10506881503860356,0.09984174938857718,0.0049872919963554405
311,0.7905058738911532,0.10534643970270918,0.0991608726923999,0.004986813713737713
312,0.7905181918412348,0.1049805857820814,0.09941997027946886,0.005081252097214899
313,0.7903465465177587,0.10516224895748454,0.09941043953410343,0.00508076499065331
314,0.7899352983465133,0.10524802300503235,0.09973640067098011,0.005080277977474239
315,0.7896123808154856,0.10502611278807915,0.10018686215322696,0.00517464424320828
316,0.7896804484261966,0.10549513725865951,0.09965026589373832,0.005174148421405644
317,0.7896047904191617,0.10553293413173653,0.09968862275449102,0.0051736526946107786
318,0.7895568862275449,0.10586826347305389,0.09944910179640719,0.005125748502994012
319,0.7895694650639338,0.10593362386858866,0.0992768545567741,0.0052200565107035106
320,0.7902600201120529,0.1052530766652301,0.0992673466455969,0.005219556577120145
321,0.7905952209931523,0.10520519082507303,0.09902791744481157,0.00517167073696308
322,0.7914771367009815,0.10457265980368685,0.09877902801053387,0.005171175484797702
323,0.7911140901038923,0.10489778331019295,0.09881744625843826,0.0051706803274764205
324,0.7913255780554359,0.10517497247355068,0.09832926420604146,0.005170185264971995
325,0.7908312197923146,0.10546968464372876,0.0983873283246399,0.005311767239316648
326,0.790755538542514,0.10531604382984831,0.09861715871572803,0.005311258911909661
327,0.7900248661055853,0.10529839326702371,0.09912968630451416,0.005547054322876817
328,0.7891842784737496,0.10567084249784833,0.09959835516878646,0.005546523859615568
329,0.7889377569557319,0.10569844153360743,0.09977053255569367,0.005593268954967014
330,0.7887996941896025,0.10564793577981652,0.09977064220183486,0.005781727828746177
331,0.7886967322759412,0.10557997324670361,0.0998948977641888,0.005828396713166444
332,0.7893278555391009,0.10495390053981751,0.0998901256389433,0.0058281182821382504
333,0.7896546783206763,0.10498161150117018,0.0994889430195348,0.005874767158618713
334,0.7899412523284138,0.10498161150117018,0.09925013134642022,0.005827004823995797
335,0.7904388939299871,0.10468503748985147,0.09904962032570801,0.005826448254453412
336,0.7907853903079494,0.10446407257101933,0.09883026975411793,0.005920267366913344
337,0.7900792514083834,0.10488876157738948,0.09915974410388619,0.005872242910340876
338,0.7900439098892708,0.10485872470408553,0.09913134784268805,0.005966017563955708
339,0.7902925595380137,0.10475826850570324,0.09903116498830716,0.005918006967975946
340,0.7906266405765284,0.10456736505512337,0.09893571326301723,0.005870281105330979
341,0.7898478126043604,0.10500453222651591,0.09913649157960021,0.0060111635895234005
342,0.7894862376568239,0.10504221723989887,0.09946095501598054,0.006010590087296665
343,0.7888109886965231,0.10521295368913054,0.09991892020794582,0.0060571374064005345
344,0.7888788211168868,0.1053459869330917,0.09971863226667939,0.006056559683342076
345,0.7884221067188022,0.10566973439511707,0.0998521768156025,0.006055982070478279
346,0.7881085204787107,0.10623182186620894,0.09960425308730272,0.006055404567777619
347,0.787311120644454,0.10634443967777302,0.10019543352876686,0.006149006149006149
348,0.7862213540425937,0.1066749249606937,0.10076706846443376,0.006336652532278813
349,0.7863300785901405,0.1065015479876161,0.10073827101690878,0.006430102405334604
350,0.7864526270661649,0.10670223407802601,0.10050969370742628,0.006335445148382794
351,0.7857789207982092,0.10749154641139211,0.10034766871457827,0.006381864075820355
352,0.7862144524365264,0.10736912304101368,0.10017624922593245,0.006240175296527414
353,0.7862620873624542,0.10751202781879673,0.10003334444814939,0.0061925403705997235
354,0.7866431667698757,0.10727385318915829,0.099938074596294,0.0061449054446720336
355,0.7862417226430375,0.10766518984326616,0.10004287551807918,0.006050211995617169
356,0.7858061443200762,0.1076923076923077,0.10040485829959514,0.006096689688020958
357,0.7856836690955851,0.1075867981140163,0.10063342382245083,0.006096108967947802
358,0.7849150040474263,0.10789962382743679,0.10104280748535784,0.006142564639779058
359,0.7843099919074594,0.10824963107535583,0.10120436045127815,0.0062360165659066024
360,0.7846637155504783,0.10790613546575277,0.10119472606977961,0.006235422913989243
361,0.7849493074396687,0.10809653005854633,0.1007663382359941,0.006187824265790852
362,0.7847390704533561,0.1079396793682508,0.1008991008991009,0.0064221492792921366
363,0.784953395472703,0.10785619174434088,0.10067529008940461,0.006515122693551455
364,0.7855071085540393,0.10741286672055537,0.10051828253530502,0.0065617421901003285
365,0.7866007322523894,0.10698492701250535,0.09990014740145499,0.006514193333650326
366,0.7868384765346393,0.10679473158670534,0.09990014740145499,0.006466644477200323
367,0.7867161127751628,0.10668948794751106,0.10012836970474968,0.006466029572576427
368,0.7868961582350704,0.10664701407379232,0.10008558387219475,0.0063712438189425635
369,0.7859689148723799,0.10741955416131946,0.10014734540615049,0.006464185560150197
370,0.7857142857142857,0.10740423914076609,0.10041821119665431,0.006463263948293888
371,0.7849268199961984,0.10796426534879301,0.10064626496863714,0.006462649686371412
372,0.7841292468519838,0.10829175576146353,0.10116417201235448,0.006414825374198147
373,0.7843770787798157,0.10838164021666825,0.10087427539674998,0.0063670056067661315
374,0.7850862601587377,0.10807471127798109,0.10066061498978185,0.006178413573499358
375,0.7847265123794136,0.10844461341063537,0.10065104785439338,0.0061778263555576675
376,0.7852017297913796,0.10853965689302857,0.10012830870123081,0.00613030461436107
377,0.7845773744476647,0.10889913051741341,0.10034684278044377,0.006176652254478073
378,0.783980236590812,0.10865124233930352,0.101192455698608,0.006176065371276545
379,0.7841907747850458,0.10864091967127452,0.10099282694408816,0.006175478599591468
380,0.7845298617380149,0.10861405425951443,0.10082196987694209,0.006034114125528579
381,0.7840752529811392,0.10879376692479453,0.10109743930828068,0.006033540785785548
382,0.7831393968178579,0.10938019472809309,0.10135359772025647,0.006126810733792449
383,0.7836618380432201,0.10928520541439088,0.10097364046544764,0.006079316076941344
384,0.7839878436772876,0.10864713424189183,0.10123937508903556,0.006125646991784985
385,0.7839544267742701,0.10842629954901495,0.10140042724899122,0.0062188464277237124
386,0.7837914826947728,0.10853154821250534,0.10155248540094004,0.006124483691781798
387,0.7836759887944542,0.10858933573904372,0.1017045724324581,0.0060301030340439675
388,0.7831268100460523,0.10881640791909984,0.10202725157859754,0.006029530456250297
389,0.7835399154675405,0.10865745357838248,0.10196134302132308,0.005841287932753954
390,0.7837504154993115,0.10850467733510613,0.10190417398736883,0.0058407331782135904
391,0.7849916884350511,0.10824032296366659,0.10106862977914985,0.00569935882213251
392,0.7851887016377878,0.10828388321860907,0.10064087348682649,0.005886541656776644
393,0.7853989652062467,0.10841600607585324,0.10029904590117245,0.005885982816727584
394,0.7847110183164089,0.10913922368795673,0.10017082661098985,0.005978931384644586
395,0.784778895426077,0.10893907762383755,0.1003036629341431,0.005978364015942304
396,0.7850298833127787,0.10871833791860355,0.1001802485532682,0.0060715302153495875
397,0.7847656991083286,0.1087080250426864,0.10045532157085942,0.006070954278125593
398,0.7851078966089637,0.10832345269148684,0.10054541142992648,0.006023239269622955
399,0.7853991746122101,0.1077273374128362,0.10099141406954129,0.005882073905412457
400,0.7848335388409371,0.1081286161434127,0.10110974106041924,0.005928103955230959
401,0.784880963672579,0.10822346580669638,0.10101489139713554,0.005880679123589111
402,0.7856600910470409,0.10778641881638847,0.10067336874051594,0.005880121396054629
403,0.7848641471857366,0.10797098013182228,0.10133244819574186,0.005832424486699227
404,0.7856228365498601,0.10730712693821423,0.10128503011048413,0.00578500640144151
405,0.784966112138016,0.1075880373477416,0.10147400350727523,0.005971847006967155
406,0.7855450236966824,0.10701421800947868,0.10151658767772512,0.005924170616113744
407,0.7853115375503436,0.10660980810234541,0.10210850509357972,0.005970149253731343
408,0.784763348652106,0.1068365944947174,0.1024304733026958,0.005969583550480883
409,0.7846080985081696,0.10708027468624201,0.1022022259057542,0.006109400899834241
410,0.7850037893141342,0.10723758999621069,0.10179045092838196,0.005968169761273209
411,0.7838810493417937,0.10824888720522777,0.10180888341699025,0.006061180035988257
412,0.783907937109301,0.1082591399886342,0.10186588369009282,0.005967039211971965
413,0.7842254855518711,0.10824253908100426,0.10175272382756988,0.005779251539554713
414,0.7838465182378019,0.10805305542396969,0.10236854571293226,0.005731880625296068
415,0.783387005114605,0.10816442508050768,0.10262360295510513,0.005824966849782156
416,0.7838938891520606,0.10819516816674561,0.10227380388441497,0.005637138796778778
417,0.7836096636665087,0.10847939365229749,0.10232117479867361,0.005589767882520132
418,0.7839821919105806,0.1082693947144075,0.10211234252154969,0.005636070853462158
419,0.7840026520174276,0.10840121235082402,0.10196059859821936,0.0056355370335290774
420,0.7833664866912948,0.10912190963341858,0.1019702567017145,0.005541346973572037
421,0.7836301629405078,0.10922697991663509,0.10169571807502842,0.005447139067828723
422,0.7839552945633643,0.1090642167077098,0.10148702405758667,0.005493464671339269
423,0.7839219770855033,0.1087965154814885,0.1016949152542373,0.00558659217877095
424,0.7837799450809583,0.10917526749360856,0.10150553924817726,0.005539248177255942
425,0.7838208842184985,0.10877591593297359,0.10181766543595569,0.005585534412572186
426,0.7846190250828207,0.10828206341694274,0.10146710837671558,0.00563180312352106
427,0.785734570238546,0.10781900795153351,0.10090874668686103,0.005537675123059447
428,0.786424311275206,0.10763987503550128,0.10049228438890467,0.005443529300388147
429,0.7876076872100729,0.10678784436239705,0.10020827416453659,0.005396194262993468
430,0.7875159717949931,0.10666792863565377,0.10037385831243197,0.0054422412569211116
431,0.7873226111636707,0.10633869441816461,0.10075685903500473,0.005581835383159887
432,0.7877554882664648,0.10616956850870553,0.1006339894019682,0.005440953822861468
433,0.7880766501064584,0.10626922167021528,0.10030754672344452,0.005346581499881713
434,0.7881139396233557,0.10617961578499101,0.10040692722627047,0.005299517365382795
435,0.7882558909813571,0.10617961578499101,0.10031229298760291,0.005252200246049021
436,0.7886717456111295,0.10575876591113424,0.10036435905929116,0.005205129418445086
437,0.7886344279360272,0.1058010788303208,0.10035961010693668,0.0052048831267152455
438,0.7878300369073531,0.10641620138165989,0.10059619570360556,0.005157566007381471
439,0.7885698065004495,0.1060226143729006,0.10025074513885604,0.005156833987793916
440,0.7886744252057906,0.10611221496830353,0.10005676979846721,0.005156590027438736
441,0.7879375591296122,0.10695364238410596,0.0999526963103122,0.005156102175969726
442,0.7877282618980036,0.10658529662219698,0.10062446778313937,0.005061973696660044
443,0.7876981310622191,0.10650579607286492,0.10087532528980364,0.004920747575112373
444,0.7878128400435256,0.10701613284761319,0.10025074513885604,0.004920281970005204
445,0.787106234036515,0.10760571374515183,0.10032163466086463,0.004966417557468546
446,0.7871837313785764,0.10777961693071648,0.10007093875620714,0.004965712934499882
447,0.7867240319606638,0.10817455439459127,0.10004255117961326,0.005058862465131673
448,0.7858932539119746,0.10892072046518224,0.10012764146929513,0.00505838415354796
449,0.7860823523850045,0.10868434737389496,0.10022219070581005,0.005011109535290503
450,0.7864063903199886,0.10885286193694758,0.09968331994139056,0.005057427801673205
451,0.7861632248003403,0.10902131279240111,0.09971173385000709,0.005103728557251548
452,0.785643400595435,0.1092575965219035,0.10004253107131043,0.00505647181135107
453,0.7852317286341948,0.10922662635234091,0.10039211980913687,0.005149525204327491
454,0.7853870495442309,0.1092901336607944,0.10008029093657016,0.005242525858404572
455,0.7851036697681009,0.10980966325036604,0.09989137108581685,0.0051952958957162424
456,0.7850634943114762,0.1099466553368267,0.09960817636784214,0.005381673983854978
457,0.7848208807287488,0.10997309671024685,0.0997781658564214,0.005427856704582999
458,0.7842480298239819,0.11056580623849747,0.099712141947053,0.005474021990467651
459,0.7845718329794763,0.11021467327199812,0.09969332389714555,0.005520169851380042
460,0.7849223946784922,0.11010992121526632,0.09944803509930651,0.005519649006934944
461,0.7845587888506343,0.11012592557656935,0.09970287223506108,0.005612413337735226
462,0.7840067895704653,0.11028337026733934,0.10000471497948984,0.005705125182705455
463,0.7839060953189082,0.11021543393202282,0.10012728044123886,0.005751190307830104
464,0.7841417998397209,0.11045113845283552,0.09970301230377598,0.005704049403667562
465,0.7845327301003817,0.11046703426174655,0.09920354399359065,0.005796691644281069
466,0.7848154955464443,0.1104199066874028,0.09901503369621566,0.00574956406993732
467,0.7851555136663525,0.11050895381715363,0.09863336475023562,0.005702167766258247
468,0.7852497643732328,0.11074458058435438,0.09835061262959473,0.005655042412818096
469,0.7854113655640373,0.11031005560267647,0.09862406936198284,0.005654509471303365
470,0.78557293629853,0.1102525442894836,0.0985205427817565,0.005653976630229929
471,0.7857344765853199,0.11043060397625554,0.09818147554885517,0.005653443889569396
472,0.7854518043908414,0.11076038820314708,0.09818147554885517,0.005606331857156318
473,0.7852937020113995,0.11046210372603514,0.09859154929577464,0.005652644966790711
474,0.7851052805125065,0.11041499835131188,0.09887418154411419,0.005605539592067455
475,0.7851726249352362,0.11031039517686402,0.09891196834817013,0.00560501153972964
476,0.7847791278138834,0.11043609305830272,0.09918055948007912,0.005604219647734765
477,0.7850550899331387,0.11083906205857426,0.09845559845559845,0.005650249552688577
478,0.7850115332109401,0.11076589935508167,0.09852657345949253,0.005695993974485713
479,0.7849477548715053,0.11065612350560106,0.09870093194012991,0.005695189682763814
480,0.7848839945409196,0.11068756176761259,0.0987340580733211,0.005694385618146737
481,0.7855798192771084,0.11036332831325302,0.09845632530120482,0.005600527108433735
482,0.7844069072601515,0.11080788594551358,0.09913894509010493,0.005646261704229991
483,0.7836680935133356,0.11110588456653653,0.09948727597723317,0.005738745942894774
484,0.784091443623877,0.11105884566536525,0.0991580036690343,0.005691707041723506
485,0.7830973992381132,0.11188449419178856,0.09928044020128862,0.005737666368809669
486,0.7836884436291802,0.11165984666760735,0.09900757255067964,0.005644137152532806
487,0.7837558199689602,0.11146122372195832,0.09913935004467855,0.005643606264402953
488,0.7837227890356857,0.11189994828153652,0.0986412149137242,0.005736047769053552
489,0.7836961120774764,0.11179540219077617,0.09877297729302807,0.005735508438719383
490,0.7836161112938854,0.11218686844949946,0.09836913098651126,0.005827889270103868
491,0.7840658049353701,0.11215041128084606,0.09804935370152762,0.005734430082256169
492,0.7836427732079906,0.11219741480611045,0.09847238542890717,0.0056874265569917745
493,0.7831868803157747,0.11249471359428598,0.09853860250928058,0.005779803580658804
494,0.7830193111873326,0.11290701498848847,0.09829441338157215,0.0057792604426067755
495,0.7837240990461871,0.1128600291312315,0.09768359723723159,0.005732274585349809
496,0.7834092723941942,0.11301611160693316,0.09775001174315374,0.005824604255718916
497,0.7833889228167427,0.1128857988443651,0.09799408089444261,0.005731197444449664
498,0.7826250293496125,0.11317210612819911,0.09833294200516553,0.005869922517022775
499,0.7826985394261025,0.11322969990137603,0.09829521438970554,0.005776546282815949
500,0.7829293498684705,0.11325629462608042,0.09822435174746336,0.00559000375798572
501,0.7820043204658589,0.11350615196769043,0.09880717573025265,0.00568235183619799
502,0.7823841494905864,0.11319780271374243,0.09869007934644819,0.005727968449222968
503,0.7817678261277754,0.1135051401211097,0.0989531990799418,0.005773834671173074
504,0.7812456000375464,0.11338996573895903,0.09954475055146196,0.005819683672032666
505,0.7813335835953263,0.11332175871615598,0.09947914222701891,0.005865515461498757
506,0.782345487822047,0.11291003801210756,0.09897226524003942,0.005772208925805998
507,0.7821252638986629,0.11287825475017593,0.09913206661975135,0.005864414731409805
508,0.7817439842394108,0.11295088887846522,0.09939490595243679,0.005910220929687134
509,0.7819111507247737,0.11286766430548388,0.09940423136463855,0.005816953605103908
510,0.7810506566604127,0.11318011257035647,0.099953095684803,0.005816135084427768
511,0.7817704179762631,0.11319604071867524,0.09931040953229817,0.005723131772763522
512,0.7819111507247737,0.11352441713186659,0.09888821128676643,0.005676220856593329
513,0.7820314332629603,0.11362889983579638,0.09875674407694113,0.005582922824302135
514,0.7816868374143916,0.11380054414110141,0.09893048128342247,0.005582137161084529
515,0.7818011257035647,0.11388367729831145,0.09873358348968105,0.005581613508442777
516,0.7811019929660024,0.11409144196951934,0.09917936694021103,0.005627198124267292
517,0.7808514628657164,0.11421605401350338,0.09930607651912979,0.005626406601650412
518,0.780450070323488,0.11434599156118143,0.09957805907172995,0.005625879043600563
519,0.7806112882055128,0.11433527095443466,0.09942808925557847,0.00562535158447403
520,0.7799231418127285,0.11509982191395632,0.09925953697628644,0.005717499297028775
521,0.7795688847235239,0.11522961574507966,0.09948453608247422,0.005716963448922212
522,0.77970946579194,0.11541705716963449,0.09920337394564199,0.005670103092783505
523,0.7802043303027463,0.11552160464898303,0.09869715999625082,0.00557690505201987
524,0.7806877811094453,0.11534857571214392,0.09829460269865067,0.00566904047976012
525,0.7802867047690434,0.11552515693806802,0.09851962897029888,0.005668509322589712
526,0.7806466729147141,0.11532333645735708,0.0985473289597001,0.005482661668228679
527,0.7805266610439509,0.11545309717927092,0.09853809389935339,0.005482147877424797
528,0.7803747072599532,0.11517564402810304,0.09882903981264637,0.005620608899297424
529,0.7796872073421989,0.11533058625210714,0.09926952612848848,0.005712680277205469
530,0.7798014795392827,0.11513250304335612,0.09935387208540125,0.005712145331959921
531,0.7797958992603689,0.11487688418687389,0.09956932871453984,0.005757887838217395
532,0.77943654062149,0.11517222014226881,0.09954137027330588,0.00584986896293523
533,0.7800449269936354,0.11442343691501311,0.0997285660801198,0.005803070011231749
534,0.7796855993262842,0.11448488818190325,0.09993449985964256,0.0058950126321699265
535,0.7796800449059781,0.11441669005519693,0.09996257835157639,0.005940686687248574
536,0.779586490784919,0.11436991299466742,0.10014968659369446,0.005893909626719057
537,0.779721260873632,0.11430174913478627,0.10003741464783462,0.005939575343747077
538,0.7802095024317246,0.11429105873550317,0.09956041900486345,0.005939019827908717
539,0.7801627384960719,0.1139637111859334,0.09998129442573887,0.005892255892255892
540,0.7804695538303246,0.11369376110747358,0.10003741464783462,0.005799270414367225
541,0.7808174335952114,0.11349607182940516,0.09988776655443322,0.005798728020950243
542,0.780417095295988,0.11423361077340316,0.09955110820162723,0.0057981857289815765
543,0.78060413354531,0.11399981296175067,0.09964462732628823,0.0057514261666510805
544,0.7798765662988592,0.11478399102300356,0.09958855432953058,0.005750888348606696
545,0.7797877810498761,0.1148973963445987,0.09951853409993923,0.00579628850558594
546,0.7803019679334362,0.11471041929603142,0.0992380685270883,0.005749544243444117
547,0.7797196261682243,0.11485981308411215,0.09953271028037383,0.00588785046728972
548,0.7796309273534221,0.11497313711749592,0.09946274234991824,0.005933193179163747
549,0.7800411138105027,0.114417865819473,0.0997009904690712,0.0058400299009530926
550,0.7796982295510814,0.11482225440276544,0.09964030457327043,0.005839211472882702
551,0.7794694563796002,0.11474873902484588,0.09989725387633103,0.005884550719222866
552,0.7790485971710004,0.11493394332664209,0.09999533168386163,0.006022127818495869
553,0.7787424730429912,0.11506324977827569,0.1001727115716753,0.006021565607057835
554,0.7786491154366803,0.11501657097512019,0.10035942678429725,0.005974886803902348
555,0.7779385003032989,0.11548691148336522,0.10046194764593346,0.006112640567402361
556,0.7774459944944712,0.11594270517426399,0.10049923015910045,0.00611207017216442
557,0.7781458498576961,0.115662763028974,0.10012597396538049,0.006065413147949424
558,0.7787523911724911,0.11556944898054403,0.09965940372323054,0.006018756123734428
