,bt_pt-O,bt_pt-A,bt_pt-B,bt_pt-AB
0,1.0,0.0,0.0,0.0
1,1.0,0.0,0.0,0.0
2,1.0,0.0,0.0,0.0
3,1.0,0.0,0.0,0.0
4,1.0,0.0,0.0,0.0
5,1.0,0.0,0.0,0.0
6,1.0,0.0,0.0,0.0
7,1.0,0.0,0.0,0.0
8,1.0,0.0,0.0,0.0
9,1.0,0.0,0.0,0.0
10,1.0,0.0,0.0,0.0
11,1.0,0.0,0.0,0.0
12,1.0,0.0,0.0,0.0
13,1.0,0.0,0.0,0.0
14,1.0,0.0,0.0,0.0
15,1.0,0.0,0.0,0.0
16,1.0,0.0,0.0,0.0
17,1.0,0.0,0.0,0.0
18,1.0,0.0,0.0,0.0
19,1.0,0.0,0.0,0.0
20,1.0,0.0,0.0,0.0
21,1.0,0.0,0.0,0.0
22,1.0,0.0,0.0,0.0
23,1.0,0.0,0.0,0.0
24,1.0,0.0,0.0,0.0
25,1.0,0.0,0.0,0.0
26,1.0,0.0,0.0,0.0
27,1.0,0.0,0.0,0.0
28,1.0,0.0,0.0,0.0
29,1.0,0.0,0.0,0.0
30,1.0,0.0,0.0,0.0
31,1.0,0.0,0.0,0.0
32,1.0,0.0,0.0,0.0
33,1.0,0.0,0.0,0.0
34,1.0,0.0,0.0,0.0
35,1.0,0.0,0.0,0.0
36,1.0,0.0,0.0,0.0
37,1.0,0.0,0.0,0.0
38,1.0,0.0,0.0,0.0
39,1.0,0.0,0.0,0.0
40,1.0,0.0,0.0,0.0
41,1.0,0.0,0.0,0.0
42,1.0,0.0,0.0,0.0
43,1.0,0.0,0.0,0.0
44,1.0,0.0,0.0,0.0
45,1.0,0.0,0.0,0.0
46,1.0,0.0,0.0,0.0
47,1.0,0.0,0.0,0.0
48,1.0,0.0,0.0,0.0
49,1.0,0.0,0.0,0.0
50,1.0,0.0,0.0,0.0
51,1.0,0.0,0.0,0.0
52,1.0,0.0,0.0,0.0
53,1.0,0.0,0.0,0.0
54,1.0,0.0,0.0,0.0
55,1.0,0.0,0.0,0.0
56,1.0,0.0,0.0,0.0
57,1.0,0.0,0.0,0.0
58,1.0,0.0,0.0,0.0
59,1.0,0.0,0.0,0.0
60,1.0,0.0,0.0,0.0
61,1.0,0.0,0.0,0.0
62,1.0,0.0,0.0,0.0
63,1.0,0.0,0.0,0.0
64,1.0,0.0,0.0,0.0
65,1.0,0.0,0.0,0.0
66,1.0,0.0,0.0,0.0
67,1.0,0.0,0.0,0.0
68,1.0,0.0,0.0,0.0
69,1.0,0.0,0.0,0.0
70,1.0,0.0,0.0,0.0
71,1.0,0.0,0.0,0.0
72,1.0,0.0,0.0,0.0
73,1.0,0.0,0.0,0.0
74,1.0,0.0,0.0,0.0
75,1.0,0.0,0.0,0.0
76,1.0,0.0,0.0,0.0
77,1.0,0.0,0.0,0.0
78,1.0,0.0,0.0,0.0
79,1.0,0.0,0.0,0.0
80,1.0,0.0,0.0,0.0
81,1.0,0.0,0.0,0.0
82,1.0,0.0,0.0,0.0
83,1.0,0.0,0.0,0.0
84,1.0,0.0,0.0,0.0
85,1.0,0.0,0.0,0.0
86,1.0,0.0,0.0,0.0
87,1.0,0.0,0.0,0.0
88,1.0,0.0,0.0,0.0
89,1.0,0.0,0.0,0.0
90,1.0,0.0,0.0,0.0
91,1.0,0.0,0.0,0.0
92,1.0,0.0,0.0,0.0
93,1.0,0.0,0.0,0.0
94,1.0,0.0,0.0,0.0
95,1.0,0.0,0.0,0.0
96,1.0,0.0,0.0,0.0
97,1.0,0.0,0.0,0.0
98,1.0,0.0,0.0,0.0
99,1.0,0.0,0.0,0.0
100,0.986741206154455,0.013258793845544946,0.0,0.0
101,0.9734850358644571,0.026514964135542912,0.0,0.0
102,0.9601839944603818,0.039816005539618164,0.0,0.0
103,0.9469311044067461,0.03981403630248776,0.013254859290766112,0.0
104,0.9336795252225519,0.03981206726013848,0.026508407517309596,0.0
105,0.9204331915735338,0.03980812975966769,0.03975867866679854,0.0
106,0.9204410601265823,0.03980419303797468,0.039754746835443035,0.0
107,0.9204449938195303,0.03980222496909765,0.03975278121137207,0.0
108,0.9203994858103431,0.039800257094828435,0.039800257094828435,0.0
109,0.9204073561400039,0.039796321929998026,0.039796321929998026,0.0
110,0.9204191587168207,0.03979042064158964,0.03979042064158964,0.0
111,0.920381536028467,0.03988336463378472,0.039735099337748346,0.0
112,0.9203933389336364,0.03987745219153036,0.03972920887483323,0.0
113,0.9202984484632869,0.03992489376420595,0.03977665777250716,0.0
114,0.9202569169960474,0.03992094861660079,0.03982213438735178,0.0
115,0.9202193350787927,0.03996443214938497,0.039816232771822356,0.0
116,0.9200750839754989,0.04001185536455246,0.039913060659948624,0.0
117,0.9199802420350703,0.04005927389478884,0.03996048407014077,0.0
118,0.9199881463920581,0.04005531683706228,0.03995653677087964,0.0
119,0.9199506172839507,0.04009876543209877,0.03995061728395062,0.0
120,0.9192218436774798,0.040734705969486,0.04004345035303412,0.0
121,0.9179461861268823,0.04196494692668477,0.04008886694643298,0.0
122,0.9163252209112899,0.0435405045169571,0.040134274571752976,0.0
123,0.9138245891120873,0.04540743299935837,0.04071862198312028,4.935590543408519e-05
124,0.9109389648196575,0.04712093551092909,0.04179207578822717,0.0001480238811861647
125,0.9079161528976573,0.04858199753390875,0.043205918618988905,0.00029593094944512947
126,0.9049262784160955,0.049805217219784016,0.044923319690320034,0.00034518467380048324
127,0.90203618794064,0.051126559187496916,0.04644283390031061,0.0003944189715525317
128,0.8984378849849702,0.05292465382151481,0.048046124279308135,0.0005913369142068693
129,0.8954238707452835,0.054381557558740946,0.0494556918378405,0.0007388798581350672
130,0.8916350745901236,0.05597951848751908,0.05144995322731525,0.0009354536950420954
131,0.8877023768515329,0.05821563899414399,0.052950150091038824,0.0011318340632842873
132,0.8841556397264991,0.060258743666683066,0.05430665551674947,0.0012789610900683752
133,0.8804032456356037,0.062208015736415045,0.05601180231128596,0.001376936316695353
134,0.8761366429098059,0.06443843696239862,0.05785205210125338,0.0015728680265421479
135,0.8722787360558258,0.06639146886824905,0.059708093763821316,0.001621701312103789
136,0.8668663752885135,0.06924323527967392,0.06197515100918332,0.0019152384226292787
137,0.86235334544205,0.0718177801777036,0.06376711992538413,0.0020617544548623043
138,0.858250331190815,0.07384328541288455,0.06564937932388008,0.0022570040724203917
139,0.8533666813790398,0.07621009268795056,0.06797116374871266,0.002452062184296994
140,0.8501103211571464,0.07756803138024025,0.06982103456729591,0.0025006128953174796
141,0.8474775702309163,0.07844290827082415,0.07157915379712702,0.0025003677011325195
142,0.8446154600264693,0.07862359688250575,0.07421204842899858,0.002548894662026371
143,0.8425231583590649,0.07910601382149685,0.07582218301230212,0.0025486448071362056
144,0.8411095863556165,0.07969025681238973,0.07665163693393452,0.002548519898059204
145,0.8401940605704205,0.08027050867391944,0.07698716063902773,0.002548270116632363
146,0.8390337122696981,0.08099764798118385,0.07742061936495492,0.002548020384163073
147,0.8381185693287604,0.08157765801077903,0.07775600195982361,0.0025477707006369425
148,0.8366727085680694,0.08249644834174301,0.07828344682310293,0.002547396267084701
149,0.8349253000244918,0.0834190546167034,0.07910849865295126,0.002547146705853539
150,0.8336271916936037,0.08399451464394161,0.07983152120677833,0.002546772455676364
151,0.8323620157696263,0.08467603702434008,0.08041529947597825,0.002546647730055341
152,0.8303956130043086,0.08558558558558559,0.0814238151194673,0.0025949862906384648
153,0.8283560168412807,0.08694800744149614,0.08210124351316948,0.002594732204053657
154,0.8265870490920659,0.088052469286868,0.08271743918555137,0.002643042435514659
155,0.824850738964471,0.08882255065087599,0.08368405598512284,0.002642654399530195
156,0.8222461357855606,0.09009978477792996,0.08481706124046175,0.0028370181960477403
157,0.8201955990220049,0.09105134474327628,0.08581907090464548,0.00293398533007335
158,0.8176706434578526,0.09290044983375709,0.08649520829258753,0.0029336984158028555
159,0.8148039503275643,0.09455363254131222,0.08770900557348196,0.002933411557641537
160,0.8121028448528693,0.09600156418027178,0.08891387232378532,0.0029817186430736143
161,0.8091282251759186,0.09778146989835809,0.09001172791243159,0.003078577013291634
162,0.8058133854421105,0.09975574010747436,0.09125549584758183,0.0031753786028334147
163,0.8030969128565846,0.10126025791324736,0.09246776084407972,0.003175068386088316
164,0.8003711299931634,0.10269557573981834,0.09366149037991991,0.0032718038870983494
165,0.7980665950590763,0.10428669075285617,0.09432672590567327,0.0033199882823942975
166,0.7953924248340491,0.10576923076923077,0.095421710269426,0.0034166341272940256
167,0.792691256830601,0.10728922716627634,0.09645784543325527,0.0035616705698672912
168,0.7898458837300039,0.1082227857978931,0.09822473663675381,0.0037065938353492
169,0.7874975619270529,0.10946947532670177,0.09927833040764579,0.003754632338599571
170,0.7854217454900049,0.11082398829839103,0.1,0.0037542662116040954
171,0.7835071644409787,0.11175553172823861,0.10083828833219612,0.003899015498586607
172,0.7814053211187993,0.11300068219471786,0.10164701296169965,0.00394698372478316
173,0.7804034301305788,0.11342818164100565,0.10222178912492691,0.003946599103488599
174,0.7785247978174024,0.11448894085550033,0.10304004676995031,0.003946214557147033
175,0.7774206117280343,0.11523475550360412,0.10330216247808299,0.00404247029027859
176,0.776663095354047,0.1155644297263076,0.1037303983636895,0.004042076555955975
177,0.7750620770241978,0.11587711183601929,0.10497103072204099,0.004089780417741857
178,0.7742563653181442,0.11664475926196388,0.10500949320870455,0.004089382211187382
179,0.7734352185340212,0.11720042830721308,0.10522729485057919,0.004137058308186508
180,0.7733378759855933,0.11705441448457121,0.10551932249586295,0.004088387033972549
181,0.773760280305611,0.11655068373156845,0.10560124580271546,0.004087790160105115
182,0.7744807121661721,0.11548377681568323,0.10580337597898526,0.004232135039159411
183,0.7771022810174603,0.11385632994504158,0.10476144156412626,0.004279947473371917
184,0.7797170499295055,0.11279109339297,0.10306772327288638,0.004424133404638047
185,0.7826446280991736,0.11259115216334467,0.10034030140982013,0.004423918327661643
186,0.7847282978516574,0.11266647224652473,0.09813356663750364,0.004471663264314183
187,0.7854227405247813,0.11282798833819242,0.09718172983479106,0.00456754130223518
188,0.7857975519720225,0.11322129395764523,0.09626967165339033,0.0047114824169419076
189,0.7863837226241926,0.11304812314864274,0.09580925557228184,0.004758898654882727
190,0.7890852592736454,0.11079821324529035,0.09535832200427267,0.00475820547679161
191,0.7913208096694335,0.10848987913208097,0.09538371923693025,0.004805591961555264
192,0.7945644261101674,0.10453773355981558,0.0960446493569522,0.0048531909730647905
193,0.796225316578526,0.10368249963611664,0.09514337004512154,0.004948813740235796
194,0.7979244459531546,0.10280781727365307,0.09412734590950972,0.005140390863682654
195,0.798797342514912,0.1035352310751176,0.09257552979971874,0.005091896610251685
196,0.7968484848484848,0.1043878787878788,0.09362424242424243,0.005139393939393939
197,0.7948717948717948,0.10542387669041733,0.09446948766419466,0.005234840773593137
198,0.7921007996123092,0.10666343590986188,0.09595347710201114,0.005282287375817785
199,0.78998885496923,0.10791297184668314,0.09681639773222853,0.005281775451858313
200,0.7873577137321386,0.10903366432550254,0.0981835795592153,0.005425042383143618
201,0.7857523366748995,0.109787398905516,0.09898784444767302,0.005472419971911472
202,0.7837471564783892,0.11044963941725958,0.1000919606989013,0.0057112434054498815
203,0.7815630292765545,0.11149286232760706,0.1011855794822163,0.005758528913622067
204,0.7800029023363808,0.11275576839355682,0.10133991196246311,0.005901417307599284
205,0.7787396624268511,0.11331431058664217,0.10199738840257291,0.00594863858393384
206,0.7770201653851734,0.1142705159823976,0.10276125537985396,0.005948063252575076
207,0.776526320877846,0.11441968385942862,0.10296321361241359,0.00609078165031179
208,0.7763062496979071,0.11518198076272415,0.10242157668326164,0.00609019285610711
209,0.7760378908704267,0.11507418684452177,0.1027983181093229,0.006089604175728578
210,0.7763596809282088,0.11496253323664492,0.10277979211989365,0.005897993715252598
211,0.7764512542897192,0.1145536275315385,0.1030499299144473,0.005945188264295036
212,0.7767680185623822,0.11441968385942862,0.10296321361241359,0.005849083965775608
213,0.7768383418687796,0.11426224756015074,0.10286017972750991,0.006039230843559764
214,0.7767041886081453,0.11435335040340112,0.10295183342190443,0.005990627566549109
215,0.7771497584541063,0.11439613526570049,0.10246376811594203,0.005990338164251208
216,0.7787760227986282,0.11336521277109597,0.10186929430517316,0.005989470125102642
217,0.7788025108643167,0.11429261226460646,0.10082085948816996,0.006084017382906808
218,0.7805467014391964,0.11368685405196562,0.09982613735149232,0.005940307157345697
219,0.7804395073653707,0.11393383240763101,0.09973436368027047,0.0058922965467278435
220,0.7810779484207476,0.11368685405196562,0.0993431855500821,0.005892011977204675
221,0.7822748128471384,0.11301617966674717,0.09891330596474282,0.005795701521371649
222,0.7840958500410647,0.11227595536016233,0.09802405913329146,0.005604135465481424
223,0.7845618780794126,0.11182494444981161,0.09800985412037484,0.005603323350400927
224,0.7854348770947023,0.11121842855073164,0.09769643115854541,0.005650263196020669
225,0.7865076299014874,0.11058528105080162,0.09730538922155689,0.005601699826154143
226,0.7861316335892607,0.11053165290453426,0.09778357235984354,0.005553141146361486
227,0.7848694056872495,0.11128276927533433,0.09824747742963356,0.005600347607782552
228,0.7840695148443158,0.11156167028723148,0.09876900796524257,0.005599806903210234
229,0.7832633560156363,0.11196370831523575,0.09907822981516336,0.005694705853964577
230,0.7827807538246223,0.11210848897253993,0.09946431156797451,0.005646445634863182
231,0.7818304626815266,0.11255849857673565,0.09986973512809379,0.005741303613644039
232,0.7812997539441309,0.11304096106527717,0.0999662276258021,0.005693057364789887
233,0.7813148121352433,0.11320117686779531,0.09969613659383592,0.0057878744031254524
234,0.7801456053227906,0.113880719348151,0.10004339231473892,0.005930283014319464
235,0.779250831605843,0.11420720242973534,0.10061225473653762,0.0059297112278841055
236,0.7790523931170772,0.11428158287945245,0.1006892562780161,0.005976767725454283
237,0.7788169502964856,0.11454466567034663,0.10080509087402979,0.005833293159138023
238,0.7783989589859752,0.11455973781869006,0.10111330666538146,0.005927996529953251
239,0.7781043704524647,0.11458584301064906,0.10133474678359755,0.005975039753288681
240,0.7780026015320133,0.11485282073517368,0.10112251288721877,0.0060220648455942575
241,0.7776600356437551,0.11463802321660806,0.10163286932228698,0.0060690718173498385
242,0.7777777777777778,0.11433800510523527,0.10181572990415644,0.006068487212830516
243,0.7780453735369202,0.11415635085015173,0.10182553826886952,0.005972737344058571
244,0.7779918131471225,0.11442330845172165,0.10156513363833373,0.006019744762822056
245,0.7778419760219558,0.1143049737589677,0.10178631614425346,0.006066734074823054
246,0.7788318004526412,0.11397890884576492,0.10121827900033707,0.005971011701256802
247,0.7787031242478217,0.11394598758003177,0.10128532229336157,0.006065565878784962
248,0.779617773070813,0.11322389640398595,0.1011409040581524,0.006017426467048573
249,0.7787670243996343,0.11362433225853025,0.10149670340247365,0.006111939939361856
250,0.7787614877544147,0.11365057980079873,0.10142905259106,0.006158879853726603
251,0.7787184914373677,0.11347893015201077,0.10159707523571292,0.006205503174908601
252,0.7794131794131794,0.11284271284271284,0.10153920153920154,0.006204906204906205
253,0.7790602606646467,0.11316308373010148,0.10157264464002308,0.006204010965228683
254,0.7795517937866693,0.11286909685486197,0.10142348754448399,0.006155621813984803
255,0.7795729948066936,0.11276206962877476,0.10150990575110598,0.006155029813425659
256,0.7798826810270219,0.1128954707183383,0.10106741032791615,0.006154437926723723
257,0.7795779049084178,0.1130714869477429,0.10119705783375799,0.006153550310081246
258,0.7794605509880282,0.11303428049425453,0.10144718496081542,0.006057983556901774
259,0.7796316776458143,0.11290089916814926,0.101505024763187,0.00596239842284945
260,0.780075007212232,0.1128954707183383,0.10111549187421867,0.005914030195211078
261,0.7791502451215996,0.11371719696241468,0.1010766125156205,0.006055945400365279
262,0.7795934060652665,0.11318306339212765,0.10121593694429759,0.006007593598308262
263,0.7793262530635783,0.11317218511221107,0.10149454562929501,0.006007016194915661
264,0.7791228323005236,0.11312869289522987,0.10159965412883701,0.006148820675409521
265,0.7784873949579832,0.11342136854741897,0.10180072028811525,0.006290516206482593
266,0.778343337334934,0.1137094837935174,0.1017046818727491,0.00624249699879952
267,0.7779111644657863,0.114093637454982,0.10180072028811525,0.006194477791116447
268,0.7768015747275433,0.11464784675212444,0.1023092803303087,0.006241298190023525
269,0.7759589073976285,0.11521290384523067,0.10258748979885747,0.006240698958283328
270,0.7759754283246149,0.11517972836780727,0.10250995824734847,0.0063348850602294
271,0.7750323849733723,0.11533848294391402,0.10320011514657199,0.00642901693614163
272,0.774648563066737,0.11548241615890227,0.10348798157654848,0.006381039197812215
273,0.7750011990982781,0.1157369658017171,0.10278670439829249,0.006475130701712312
274,0.7760614056128567,0.11503957783641161,0.10256656272487408,0.0063324538258575196
275,0.7759389840264787,0.11464479301578165,0.10308437664891831,0.006331846308821413
276,0.7752889826850209,0.11458583145474603,0.10379394695189217,0.006331238908340928
277,0.774974821351494,0.11467075919620162,0.10402378782792192,0.006330631624382524
278,0.7745337743899516,0.11491442542787286,0.10407977371877847,0.006472026463397095
279,0.7745445829338446,0.11500479386385426,0.1040268456375839,0.006423777564717162
280,0.7741255390512698,0.11518926689027312,0.10407283181600384,0.006612362242453282
281,0.7745304714449981,0.1149386738213875,0.10391912610195478,0.006611728631659639
282,0.7745149700598802,0.11506586826347305,0.10376047904191617,0.006658682634730539
283,0.7747544910179641,0.11516167664670658,0.10347305389221557,0.0066107784431137726
284,0.7745473704377814,0.11519302615193026,0.10364977488265159,0.006609828527636747
285,0.7743125419181757,0.11574207147647791,0.10347801092267893,0.006467375682667433
286,0.7741641919724112,0.11619886962352716,0.10312290449276751,0.006514033911294185
287,0.7736544723233097,0.11630913618080828,0.10342846198046352,0.006607929515418502
288,0.773730314489493,0.11646163419654397,0.10305873342587717,0.006749317888085779
289,0.7741286863270778,0.11628686327077747,0.10297778628877824,0.006606664113366526
290,0.7739263656820031,0.11653181404701489,0.10303059319193757,0.006511227079044382
291,0.7734494640122511,0.11696018376722818,0.10293836140888209,0.006651990811638591
292,0.7743680582152432,0.1162389888931444,0.10297778628877824,0.006415166602834164
293,0.7753519103705832,0.11591496696351623,0.10241309968399885,0.006320022981901752
294,0.7755541724517643,0.11581366400153205,0.1023603198161536,0.006271843730550103
295,0.7750813708596592,0.11597740762014168,0.10262301359372009,0.006318207926479035
296,0.7743479301268246,0.11610433117970806,0.10323043790380473,0.006317300789662599
297,0.773917205072984,0.11610433117970806,0.103709021296961,0.006269442450346973
298,0.7734603053069818,0.11633248791692588,0.10393836435852036,0.0062688424175719
299,0.7727163979137758,0.11627350590937366,0.10474185367720944,0.006268242499641131
300,0.7727120509017844,0.11653829593838205,0.10443477012868967,0.006314883031143855
301,0.7725250011962295,0.11699124360017225,0.10431121106273028,0.006172544140867984
302,0.7721597703898588,0.11705333652236308,0.10452044965319301,0.006266443434585028
303,0.7721119349437934,0.11753169098301841,0.10413776608466874,0.006218607988519493
304,0.7727598909247476,0.11744725637468306,0.10366932976127828,0.006123522939291011
305,0.7727120509017844,0.11768645648949912,0.10352580969238866,0.0060756829163278
306,0.7723728894628593,0.11809441813746592,0.1034103410341034,0.0061223513655713395
307,0.7727816311887108,0.11791437455154269,0.10327672805548911,0.006027266204257355
308,0.7721688417228357,0.11850470863808021,0.10301639657727425,0.006310053061809838
309,0.7730465949820788,0.11808841099163679,0.10246117084826763,0.006403823178016727
310,0.7734289127837515,0.11741935483870967,0.10279569892473119,0.006356033452807646
311,0.7734027810961915,0.11707363692837004,0.10316815597075549,0.006355426004682946
312,0.7732855436081243,0.11741935483870967,0.10303464755077658,0.0062604540023894865
313,0.7730726951202026,0.11771734454906084,0.10304449648711944,0.006165463843617072
314,0.7740069786339085,0.11729840829788252,0.10262415754505043,0.006070455523158549
315,0.7731160701486118,0.11736034787594973,0.10335929660247527,0.006164285372963158
316,0.7736940209339005,0.11680925297519476,0.1034746451273718,0.006022080963532954
317,0.7730638765467488,0.11705126367588745,0.10372175242463332,0.0061631073527304
318,0.7728900988680326,0.11668338348378468,0.1041696518125806,0.0062568658356020445
319,0.7726035248602952,0.1170177198261451,0.1041696518125806,0.006209103500979128
320,0.7725297292134294,0.1166722384068007,0.10458952194469649,0.0062085104350733085
321,0.7720261687598491,0.1169476147270904,0.10481829903060981,0.006207917482450695
322,0.7711775379619903,0.11775379619902589,0.1048610447903734,0.006207621048610448
323,0.7702405957609318,0.11824517853733053,0.10521290815352301,0.006301317548214626
324,0.770475372279496,0.11769759450171821,0.10547919053073693,0.006347842688048873
325,0.7701264614650442,0.11825340014316392,0.10527320448580291,0.006346933905989024
326,0.7700820454111811,0.11825033390574317,0.10518030910131654,0.006487311581759206
327,0.7702251478725434,0.11839343636710552,0.10494180499904598,0.006439610761305095
328,0.7697625631734528,0.11838466673023744,0.10522551730714218,0.0066272527891675405
329,0.7699752097635393,0.11789664378337147,0.10550152555301297,0.006626620900076278
330,0.7700743848941446,0.1181098607667366,0.10533091741369445,0.006484836925424375
331,0.769725864123957,0.11833134684147795,0.10545887961859357,0.006483909415971395
332,0.7699861753348906,0.11832006483291224,0.10521046860847595,0.006483291223721218
333,0.7699456677151845,0.11833952912019827,0.10518539700695835,0.0065294061576589455
334,0.7702058711399161,0.11804231795653831,0.10522302706824246,0.006528783835303088
335,0.7702496664760816,0.1179245283018868,0.1052506194015628,0.0065751858204688395
336,0.7700552591463414,0.11752096036585366,0.10580221036585366,0.006621570121951219
337,0.7694761904761904,0.11747619047619047,0.10628571428571429,0.0067619047619047615
338,0.7698095238095238,0.11719047619047619,0.10628571428571429,0.006714285714285714
339,0.7697324573931258,0.11701418642292678,0.10644577739693421,0.006807578787013234
340,0.7697982105463544,0.11674281363030649,0.10655815724347992,0.006900818579859128
341,0.7699152945655278,0.1166365280289331,0.10654801560864186,0.006900161796897307
342,0.7698677072427905,0.11649376606072143,0.10678595222232797,0.006852574474160084
343,0.7693368851679193,0.11611644943392636,0.10755399105698792,0.006992674341166397
344,0.7692161339421614,0.11639079147640792,0.10740106544901065,0.006992009132420091
345,0.7679980979553019,0.11678554446029482,0.10813124108416548,0.0070851165002377555
346,0.7678809206771923,0.11684420772303596,0.10828419250523112,0.006990679094540613
347,0.7675413576725614,0.11689484692907397,0.10843316219813653,0.00713063320022818
348,0.7674208574959597,0.1173115315144025,0.10813765567069113,0.007129955318946668
349,0.7664226637513072,0.11802452704629718,0.10847038691890865,0.0070824222834870235
350,0.7667553949995247,0.11778686186899895,0.108422853883449,0.007034889248027379
351,0.7657794676806083,0.11844106463878327,0.10874524714828897,0.007034220532319392
352,0.765301273522144,0.11851359057213458,0.10910473294050561,0.0070804029652157385
353,0.7657987265988786,0.1180271785612468,0.10909436472488834,0.00707973011498622
354,0.7661313313693814,0.1178371186923881,0.108999334790459,0.007032215147771548
355,0.7660807600950119,0.11743467933491686,0.1094061757719715,0.0070783847980997626
356,0.7655552389094709,0.11793483423577468,0.10938538994965327,0.007124536905101168
357,0.7658654759642789,0.11770853125593768,0.10939578187345621,0.00703021090632719
358,0.7661424431035302,0.11745141825438304,0.10951679574286122,0.006889342899225543
359,0.7653095158914913,0.11767779942040002,0.11012399638937717,0.006888688298731531
360,0.7661232831139204,0.11762748918777624,0.10959555154222708,0.0066536761560762325
361,0.7654103892400551,0.117057174088684,0.11092628677344232,0.006606149897818545
362,0.765670294159578,0.11704604856721951,0.11067813524687545,0.006605522026327045
363,0.76515871507318,0.11727808401444592,0.11100551226002661,0.006557688652347462
364,0.7654690618762475,0.11728923106168615,0.11077844311377245,0.006463263948293888
365,0.7657036966644493,0.11698184928252399,0.11080490354461656,0.006509550508410149
366,0.7659857482185273,0.11681710213776722,0.11064133016627078,0.0065558194774346795
367,0.7670055101653049,0.1163309899296979,0.11010830324909747,0.006555196655899677
368,0.7664798632218845,0.11664133738601824,0.1102773556231003,0.00660144376899696
369,0.7659321872922404,0.1163453319403552,0.1111216639756862,0.006600816791718112
370,0.7666017942754071,0.11563108178668059,0.11102672426069207,0.006740399677220297
371,0.7667188760738526,0.11533532678342588,0.11120603730599458,0.006739759836726945
372,0.7677630642175708,0.11419621244482416,0.11134842659831981,0.0066922967392852055
373,0.7678071465856784,0.11412708204811844,0.11132729084610639,0.006738480520096807
374,0.7680189798339264,0.11373665480427046,0.11150652431791222,0.006737841043890866
375,0.7681138790035588,0.11359430604982207,0.11160142348754448,0.0066903914590747335
376,0.7675919335705813,0.11368920521945433,0.1120759193357058,0.0066429418742586
377,0.7674209003367962,0.11341966699871922,0.11242350932118969,0.00673592334329491
378,0.7684899663171877,0.11328810664642536,0.11158024574220789,0.0066416812941790405
379,0.7686981266303059,0.11335072326298316,0.11121650462414039,0.006734645482570548
380,0.7685013985682454,0.11311809605082254,0.11150618688664486,0.006874318494287204
381,0.7682134900696782,0.11328624922974831,0.11157984547566005,0.006920415224913495
382,0.767947685163247,0.11353835947495616,0.11150073449272616,0.007013220869070748
383,0.7678749111584933,0.11329068941009239,0.11182184316512675,0.00701255626628761
384,0.7673790456333223,0.11358574610244988,0.11211676065014453,0.006918447614083305
385,0.7675432361999526,0.11338545368396115,0.11215351812366738,0.006917791992418858
386,0.7670155828162744,0.11367403969118553,0.1122531141950457,0.007057263297494435
387,0.7678935152290275,0.11325849083416228,0.11188479939368103,0.006963194543129174
388,0.7681269239876864,0.11304759649538243,0.11181624437603599,0.0070092351408950985
389,0.76731852833941,0.11364174440077655,0.11198446896159855,0.007055258298214877
390,0.7673295454545455,0.11354166666666667,0.11212121212121212,0.007007575757575758
391,0.7669948873319447,0.1134728271160765,0.11247869721643627,0.007053588335542511
392,0.7675002368096997,0.11286350288907834,0.11286350288907834,0.006772757412143601
393,0.7671038303110648,0.11287344349225889,0.11315752095071256,0.006865205245963733
394,0.7665214921416399,0.11285741336868017,0.11375686423025942,0.006864230259420565
395,0.7665152375544199,0.11253075903842513,0.11395040696573916,0.007003596441415862
396,0.7664426989684868,0.11256742689505063,0.11398694047506387,0.007002933661398694
397,0.7665404637955513,0.11249408424041647,0.11410317084713677,0.00686228111689541
398,0.7672536211303607,0.11185269336362776,0.11417211019596706,0.006721575310044495
399,0.7672173048705448,0.11175273346902069,0.11435603729824395,0.006673924362190562
400,0.7670830967253455,0.11196289986749952,0.11423433655120196,0.006719666855953057
401,0.7669204937804475,0.11176275835974081,0.11441138911223572,0.00690535874757603
402,0.767022886324948,0.11135804804236807,0.11466805371666351,0.006951011916020427
403,0.7663074305161657,0.11216676120249575,0.11443562110039705,0.007090187180941577
404,0.766006709823749,0.11217691253602986,0.11463403109200018,0.007182346548220951
405,0.7661675090934857,0.11200340119986774,0.11455430110066607,0.007274788605980443
406,0.7655032352524441,0.11254900108628914,0.11462711944457564,0.007320644216691069
407,0.7655504652151325,0.11254900108628914,0.11462711944457564,0.00727341425400274
408,0.7652863685726428,0.1128948486708532,0.11445299589215732,0.007365786864346758
409,0.7649086359129327,0.11308371500070825,0.11468907880447614,0.007318570281882997
410,0.7651225386032016,0.11328327902913539,0.11436936298814752,0.007224819379515512
411,0.7651225386032016,0.11285828965386976,0.11484157340510932,0.007177598337819333
412,0.7650696247344819,0.11328770356384234,0.11432617417984423,0.007316497521831484
413,0.7647808238569339,0.11352805171518898,0.11423583258623131,0.007455291841645826
414,0.7640205650676855,0.11428706193104099,0.11409839158530258,0.007593981415970945
415,0.765299863162365,0.11418864719482848,0.11315056858396641,0.007360921058840183
416,0.7645893286785866,0.11411992263056092,0.11388404019436713,0.007406708496485352
417,0.7651804670912952,0.11417787213965558,0.11332861523944326,0.007313045529606039
418,0.7655770954200274,0.11376821848026036,0.11324937502947974,0.007405311070232536
419,0.7646531805535908,0.11397180176356864,0.11387749328052059,0.007497524402319988
420,0.7645588720705427,0.11425472721271278,0.11373603055594851,0.007450370160795964
421,0.7641789637452265,0.11461034368959502,0.11371458205648013,0.007496110508698317
422,0.7638463351402309,0.11425877916568465,0.11435305208578836,0.007541833608296017
423,0.7642483382831283,0.11422241078583888,0.11408098807335125,0.00744826285768161
424,0.7640460030165912,0.11467760180995475,0.11382918552036199,0.0074472096530920065
425,0.763644075784711,0.11494957111886134,0.1139598454142709,0.007446507682156659
426,0.7648001508295625,0.11477187028657616,0.11307503770739065,0.007352941176470588
427,0.7653686592494814,0.11479351310578918,0.1126249292853102,0.007212898359419196
428,0.7644369018997784,0.11507094706076462,0.11327959270258804,0.007212558336868901
429,0.7647197473247537,0.11502380615660208,0.11309102908593786,0.007165417432706359
430,0.7640099919875571,0.11561483715888203,0.11316397228637413,0.00721119856718669
431,0.7639157279539992,0.116039025309893,0.11288118018570015,0.007164066550407692
432,0.7645866716938449,0.11575077764162503,0.11254595155057028,0.007116599113959845
433,0.7647834896103284,0.11577062620741649,0.1122838430005183,0.007162041181736795
434,0.765706744591601,0.11533204505820804,0.11198567186689919,0.0069755384832917
435,0.7655734615022147,0.1153991141268495,0.11195928753180662,0.007068136839129205
436,0.7654210451910843,0.11540455209462325,0.11220017906790443,0.006974223646388012
437,0.7655484357331322,0.11552958914436487,0.11194873727855258,0.006973237843950245
438,0.7653960326061349,0.11548791405550582,0.1122367243085332,0.006879329029826132
439,0.7658672195259859,0.11544079536352071,0.11185977477265231,0.006832210337841022
440,0.7657449715012483,0.1153139573225305,0.11201658109190259,0.006924490084318621
441,0.7655757004944667,0.11575229573816812,0.1116552860842948,0.007016717683070403
442,0.7653873322345185,0.11631740051801272,0.11132564162938545,0.006969625618083353
443,0.764182477284497,0.11689656795819406,0.11185914034179181,0.00706181441551716
444,0.7642766348100372,0.11713196177204463,0.11157666776517113,0.007014735652747046
445,0.7647723527473045,0.11733132445030368,0.11097509298931212,0.006921229813079712
446,0.7646283481617474,0.11763875158875865,0.11076589935508167,0.006967000894412277
447,0.763825481244411,0.11832258671812491,0.11083917729561821,0.007012754741845908
448,0.7639169921415463,0.11848854171568397,0.11053597477765752,0.00705849136511223
449,0.7636072823070047,0.11850214047137414,0.11073999153220115,0.007150585689419956
450,0.7637013689608129,0.11873735710589453,0.11045773157077668,0.007103542362515877
451,0.7635106533088754,0.11927943182352664,0.11006067447438973,0.0071492403932082215
452,0.7634388374171095,0.11950336264873254,0.10990923199924751,0.0071485679349104075
453,0.7636765605155463,0.11990215908556376,0.10941248412437085,0.007008796274519028
454,0.7631591326026624,0.1198551201843925,0.11002398983959735,0.006961757373347759
455,0.7626863565818558,0.12025584348398627,0.1100503221558576,0.007007477778300334
456,0.7628051361648088,0.12031419030149099,0.10996660552184752,0.006914068011852688
457,0.7619114811156578,0.12078453506420206,0.11043695028455858,0.0068670335355815815
458,0.7618398156421954,0.12114941447585006,0.11014438226026431,0.00686638762169026
459,0.761721138020221,0.12151422525276276,0.10989889489771926,0.006865741829296967
460,0.7619316311656558,0.12164386138148305,0.10955941129449381,0.0068650961583674236
461,0.7614683211129911,0.12215642037977063,0.1093720624177477,0.007003196089490506
462,0.7617257261020772,0.12167496945201617,0.10959676661340352,0.007002537832503055
463,0.7615579778237174,0.12201653824469084,0.1093309528284157,0.007094531103176095
464,0.7609900432087169,0.12197069321811009,0.10980650009393199,0.007232763479241029
465,0.7605561035179184,0.12268094500023484,0.10962378469775962,0.007139166784087173
466,0.7606797483804337,0.12238287484743217,0.10961412073983663,0.007323256032297437
467,0.7603491974091805,0.12287618511217498,0.10940580118276542,0.007368816295879095
468,0.7599718442045987,0.12308775222900047,0.10952604411074612,0.007414359455654622
469,0.7596790088694918,0.12314045708386127,0.1098127551738702,0.007367778872776761
470,0.7597597597597597,0.12298235735735735,0.10989114114114114,0.007366741741741741
471,0.7602852183703148,0.1225782239527138,0.10972463292208097,0.007411924754890463
472,0.7614579912745696,0.12220293662335226,0.10897405826335789,0.0073650138387202704
473,0.7621504972790393,0.12192719084255958,0.10865077875774067,0.007271533120660536
474,0.7622331691297208,0.12216748768472907,0.10842129955430448,0.007178043631245602
475,0.7618824191807817,0.12260122929667339,0.10843147374841645,0.007084877774128466
476,0.7608257095941825,0.12343420126671358,0.10865587614356087,0.007084212995543045
477,0.7602588753927684,0.12432584533133237,0.10819303099939033,0.007222248276508934
478,0.7602119776766871,0.12479482249214463,0.10781784927074052,0.007175350560427707
479,0.7604913958831528,0.12453697191353683,0.10775073850049233,0.007220893702818024
480,0.760538284803301,0.12449008299338866,0.1077976274206405,0.0071740047826698555
481,0.7606320626435973,0.12495897219487036,0.10728184929901065,0.007127115862521686
482,0.7609623411339868,0.12540449280120058,0.10664540636870984,0.0069877596961028
483,0.7605607389000891,0.12527544657508558,0.10708425148858362,0.007079563036241737
484,0.760114387511134,0.12554498148234963,0.10726173175191037,0.007078899254605972
485,0.7594823948614562,0.12626002156688076,0.1072717895822589,0.006985793989404097
486,0.7601593625498008,0.12566205765174596,0.1071010077337708,0.007077572064682447
487,0.7594058942041887,0.12631776226397415,0.10706086304643209,0.007215480485405051
488,0.7583509018505504,0.12677442023893185,0.10765987350667604,0.007214804403841649
489,0.757929257437339,0.12714921527289763,0.10775357226516749,0.007167955024595924
490,0.757929257437339,0.1271023658936519,0.10784727102365893,0.0071211056453501995
491,0.7575317434287588,0.12800449796186103,0.10743569320151806,0.007028065407862063
492,0.7566162349524568,0.12867113213733664,0.10759286149234157,0.007119771417865005
493,0.7567795419418294,0.12851857055875604,0.10758278300782165,0.007119104491592899
494,0.7560061818011521,0.12869386034749217,0.10818152016110148,0.0071184376902542965
495,0.7561809327589436,0.12886308297433977,0.10783854654429668,0.0071174377224199285
496,0.7561580968436827,0.12864100402734852,0.10817645406012925,0.0070244450688395615
497,0.7559936317662483,0.12881625772616595,0.10816632328151339,0.007023787226072298
498,0.7552673471298811,0.12908512032961889,0.10862440303399194,0.0070231295065081
499,0.755513931163662,0.12900959962538047,0.10859283540154531,0.006883633809412316
500,0.7564036525403887,0.12868180753921798,0.10807773355186139,0.00683680636853196
501,0.7564732874467388,0.12848246476565062,0.1082080816594091,0.006836166128201526
502,0.756191189551051,0.12892654838256637,0.10800056177145265,0.006881700294930013
503,0.7565998876614866,0.12853398240029956,0.1079853959932597,0.006880733944954129
504,0.7566454511418944,0.1285567203294646,0.10787158367652565,0.006926244852115313
505,0.756586027794675,0.1284450891394881,0.10804361050021057,0.006925272565626316
506,0.75680733601572,0.12842706091513054,0.10784130251707683,0.006924300552072612
507,0.7559754899667899,0.1289583235885682,0.10809673043640956,0.006969456008232377
508,0.7553072103245113,0.1291031515945011,0.10852894416908258,0.0070606939119049845
509,0.7556698620528408,0.12934299742810382,0.10801963993453355,0.006967500584521861
510,0.7548978351334923,0.12923738719783046,0.10889792864824425,0.006966849020432974
511,0.7545229302042915,0.12968070683932495,0.10878406806600907,0.007012294890374457
512,0.7540316926097321,0.13050997989996727,0.10844668816902725,0.007011639321273314
513,0.753890732345656,0.13071925970930504,0.10833294387063606,0.0070570640744029535
514,0.7525339810360129,0.13092624597132047,0.10925311784763417,0.007286655145032463
515,0.7526273996917184,0.13097295529917324,0.10915969919192862,0.0072399458171796905
516,0.752767010694438,0.13062158501844673,0.10932611030682296,0.0072852939802923455
517,0.7525797263855816,0.1302703459868329,0.10981930242330859,0.007330625204276976
518,0.7521599028627469,0.13062158501844673,0.11002661934338953,0.007191892775416803
519,0.7518329986456825,0.13090178863307336,0.11012002054826507,0.007145192172979031
520,0.7520433422072766,0.1311942459483443,0.10970996216897856,0.007052449675400495
521,0.7515994956334937,0.13141549525988885,0.10993321813851399,0.0070517909681034885
522,0.7516226943731029,0.13168339948634136,0.10964277375671258,0.0070511323838431
523,0.7520194238221973,0.13167110239529345,0.10925899985992436,0.0070504739225848625
524,0.7522760166207573,0.13142536999859938,0.10924879779634904,0.007049815584294318
525,0.7516217855976105,0.13142297101787465,0.10976804965697484,0.007187193727540019
526,0.7513881760067193,0.13107181186132238,0.1103074984835052,0.007232513648453175
527,0.7505479643706571,0.13113836683299912,0.1108520263022898,0.0074616424940540035
528,0.7506644905572395,0.13163907670785732,0.1102354861273024,0.007460946607600839
529,0.7503380741431569,0.13201212403823734,0.1102354861273024,0.007414315691303334
530,0.7505478621718655,0.13223294633282043,0.10980556721219752,0.0074136242831165195
531,0.7508506968722323,0.1325222579592598,0.10912226728196522,0.007504777886542675
532,0.7501048608845599,0.1326839725963555,0.10966118283077783,0.007549983688306846
533,0.749685475979684,0.132752434648898,0.10996691673267787,0.00759517263874004
534,0.7494757444428911,0.1327182068129922,0.11030336921571368,0.007502679528403001
535,0.7490797260146312,0.13298541540468758,0.11043287824425703,0.0075019803364242115
536,0.7495108543743595,0.13234883070902823,0.11059349669244387,0.007546818224168452
537,0.7496506102673997,0.13272151309046865,0.11012764371564335,0.007500232926488401
538,0.7493361904318256,0.1325755811245167,0.11063492802906787,0.007453300414589836
539,0.7491383325570563,0.1328365160689334,0.11057289240801117,0.007452258965999069
540,0.7497089639115251,0.1320139697322468,0.11077997671711293,0.0074970896391152505
541,0.749103608847497,0.1321536670547148,0.11129220023282888,0.007450523864959255
542,0.7489872887274759,0.13218792196303022,0.11137495925874191,0.007449830050751967
543,0.7485802066846662,0.13229680662880552,0.11162834000558607,0.007494646680942184
544,0.7483946021405304,0.13257328990228012,0.11140065146579804,0.007631456491391345
545,0.7480802345604319,0.13328989621631684,0.11113696653790664,0.007492902685344627
546,0.747615280815225,0.13359080545344562,0.1112558745521381,0.007538039179191289
547,0.7472435450104675,0.13384508025122122,0.11132821586415445,0.00758315887415678
548,0.7475926873517235,0.1335070009768805,0.11131785830581012,0.007582453365585896
549,0.7474305910803144,0.1336092638236525,0.11128679719108961,0.0076733479049434965
550,0.7474070973443095,0.13357518254964884,0.11143667736384354,0.007581042742198037
551,0.746197851262732,0.1339937677317334,0.11227384772801265,0.007534533277521975
552,0.7458730527784236,0.1339223436410137,0.11262497093699139,0.0075796326435712625
553,0.7451299456041657,0.13417639127806966,0.11306894788228183,0.007624715235482821
554,0.7455018829327258,0.1340369147798596,0.11288297921800176,0.007578223069412804
555,0.7453404601440855,0.13381361840576342,0.11317685335812223,0.007669068092028817
556,0.7444129535845375,0.1342749616689123,0.11350648143846118,0.007805603308089021
557,0.7437648042357531,0.1344108494728531,0.11388230922855418,0.007942037062839627
558,0.7445079188147322,0.13389995819980494,0.1136965305838094,0.00789559240165343
559,0.7443221401699874,0.13385351353861874,0.11397519855092657,0.007849147740467233
