,bt_pt-O,bt_pt-A,bt_pt-B,bt_pt-AB
0,1.0,0.0,0.0,0.0
1,1.0,0.0,0.0,0.0
2,1.0,0.0,0.0,0.0
3,1.0,0.0,0.0,0.0
4,1.0,0.0,0.0,0.0
5,1.0,0.0,0.0,0.0
6,1.0,0.0,0.0,0.0
7,1.0,0.0,0.0,0.0
8,1.0,0.0,0.0,0.0
9,1.0,0.0,0.0,0.0
10,1.0,0.0,0.0,0.0
11,1.0,0.0,0.0,0.0
12,1.0,0.0,0.0,0.0
13,1.0,0.0,0.0,0.0
14,1.0,0.0,0.0,0.0
15,1.0,0.0,0.0,0.0
16,1.0,0.0,0.0,0.0
17,1.0,0.0,0.0,0.0
18,1.0,0.0,0.0,0.0
19,1.0,0.0,0.0,0.0
20,1.0,0.0,0.0,0.0
21,1.0,0.0,0.0,0.0
22,1.0,0.0,0.0,0.0
23,1.0,0.0,0.0,0.0
24,1.0,0.0,0.0,0.0
25,1.0,0.0,0.0,0.0
26,1.0,0.0,0.0,0.0
27,1.0,0.0,0.0,0.0
28,1.0,0.0,0.0,0.0
29,1.0,0.0,0.0,0.0
30,1.0,0.0,0.0,0.0
31,1.0,0.0,0.0,0.0
32,1.0,0.0,0.0,0.0
33,1.0,0.0,0.0,0.0
34,1.0,0.0,0.0,0.0
35,1.0,0.0,0.0,0.0
36,1.0,0.0,0.0,0.0
37,1.0,0.0,0.0,0.0
38,1.0,0.0,0.0,0.0
39,1.0,0.0,0.0,0.0
40,1.0,0.0,0.0,0.0
41,1.0,0.0,0.0,0.0
42,1.0,0.0,0.0,0.0
43,1.0,0.0,0.0,0.0
44,1.0,0.0,0.0,0.0
45,1.0,0.0,0.0,0.0
46,1.0,0.0,0.0,0.0
47,1.0,0.0,0.0,0.0
48,1.0,0.0,0.0,0.0
49,1.0,0.0,0.0,0.0
50,1.0,0.0,0.0,0.0
51,1.0,0.0,0.0,0.0
52,1.0,0.0,0.0,0.0
53,1.0,0.0,0.0,0.0
54,1.0,0.0,0.0,0.0
55,1.0,0.0,0.0,0.0
56,1.0,0.0,0.0,0.0
57,1.0,0.0,0.0,0.0
58,1.0,0.0,0.0,0.0
59,1.0,0.0,0.0,0.0
60,1.0,0.0,0.0,0.0
61,1.0,0.0,0.0,0.0
62,1.0,0.0,0.0,0.0
63,1.0,0.0,0.0,0.0
64,1.0,0.0,0.0,0.0
65,1.0,0.0,0.0,0.0
66,1.0,0.0,0.0,0.0
67,1.0,0.0,0.0,0.0
68,1.0,0.0,0.0,0.0
69,1.0,0.0,0.0,0.0
70,1.0,0.0,0.0,0.0
71,1.0,0.0,0.0,0.0
72,1.0,0.0,0.0,0.0
73,1.0,0.0,0.0,0.0
74,1.0,0.0,0.0,0.0
75,1.0,0.0,0.0,0.0
76,1.0,0.0,0.0,0.0
77,1.0,0.0,0.0,0.0
78,1.0,0.0,0.0,0.0
79,1.0,0.0,0.0,0.0
80,1.0,0.0,0.0,0.0
81,1.0,0.0,0.0,0.0
82,1.0,0.0,0.0,0.0
83,1.0,0.0,0.0,0.0
84,1.0,0.0,0.0,0.0
85,1.0,0.0,0.0,0.0
86,1.0,0.0,0.0,0.0
87,1.0,0.0,0.0,0.0
88,1.0,0.0,0.0,0.0
89,1.0,0.0,0.0,0.0
90,1.0,0.0,0.0,0.0
91,1.0,0.0,0.0,0.0
92,1.0,0.0,0.0,0.0
93,1.0,0.0,0.0,0.0
94,1.0,0.0,0.0,0.0
95,1.0,0.0,0.0,0.0
96,1.0,0.0,0.0,0.0
97,1.0,0.0,0.0,0.0
98,1.0,0.0,0.0,0.0
99,1.0,0.0,0.0,0.0
100,0.9867359564464242,0.013264043553575848,0.0,0.0
101,0.9734745385262533,0.026525461473746723,0.0,0.0
102,0.9602157454599436,0.03978425454005641,0.0,0.0
103,0.9469595764682599,0.03978031764880511,0.013260105882935035,0.0
104,0.9337060307722753,0.03977638153663484,0.026517587691089892,0.0
105,0.9205045758100421,0.03972297798664358,0.03977244620331437,0.0
106,0.920512440025721,0.03971904832566652,0.03976851164861255,0.0
107,0.9205203026855927,0.039715119442108905,0.03976457787229833,0.0
108,0.9204747774480713,0.03971315529179031,0.03981206726013848,0.0
109,0.920532093759272,0.039659776481060234,0.03980812975966769,0.0
110,0.9205399525316456,0.03965585443037975,0.03980419303797468,0.0
111,0.9204489271235043,0.039701374468505884,0.039849698407989714,0.0
112,0.9203579197152462,0.039796321929998026,0.03984575835475578,0.0
113,0.920365793376174,0.039792387543252594,0.0398418190805734,0.0
114,0.9203776009489448,0.039737063213562004,0.0398853358374932,0.0
115,0.9203854707190512,0.039733135656041516,0.039881393624907335,0.0
116,0.9202450956169392,0.03982803775263132,0.03992686663042941,0.0
117,0.920207509881423,0.03982213438735178,0.039970355731225295,0.0
118,0.92007113570123,0.03986563256434323,0.04006323173442672,0.0
119,0.919976289270895,0.03996245801225054,0.04006125271685438,0.0
120,0.9194942460611448,0.04040104706870153,0.040104706870153606,0.0
121,0.9181687984591832,0.04163168551533409,0.04019951602548274,0.0
122,0.916600829547699,0.04315623148331029,0.04024293896899072,0.0
123,0.9139429248543498,0.0450281425891182,0.04102893255653204,0.0
124,0.9109575518262586,0.046890424481737414,0.0420533070088845,9.871668311944718e-05
125,0.9076869942766923,0.04805604894414841,0.0440102624827314,0.00024669429642786657
126,0.9044001578531965,0.04987174427782162,0.045432123125493294,0.00029597474348855567
127,0.9010257421836473,0.051533681822664955,0.04704605976920801,0.0003945162244797317
128,0.8980376688689479,0.05305196726161128,0.0484666206488512,0.00044374322058968543
129,0.8953958394952184,0.05432317854678103,0.049788031154490785,0.0004929508035098097
130,0.8924206583875419,0.05563768972994283,0.05135028582692687,0.0005913660555884093
131,0.8888286868288838,0.05713722785932421,0.05324598561718057,0.0007880996946113683
132,0.884687346134909,0.05967503692762186,0.05470211718365337,0.0009354997538158543
133,0.880328837255095,0.061780053165304716,0.056906566899675104,0.0009845426799251747
134,0.8761689142632149,0.0637365882468747,0.05906093119401516,0.0010335662958952652
135,0.8720232237748474,0.06558748277898052,0.06125762645148593,0.0011316669946860854
136,0.8679681353265145,0.0676140833988985,0.06304091266719118,0.0013768686073957514
137,0.8641993512238277,0.06925194141354565,0.0649759166420918,0.0015727907205347487
138,0.8594241352201258,0.07144261006289308,0.0674626572327044,0.0016705974842767296
139,0.855746561886051,0.07323182711198428,0.06920432220039292,0.0018172888015717092
140,0.8515809112333071,0.07462686567164178,0.07182835820895522,0.0019638648860958365
141,0.8487139210681327,0.07534851757313961,0.07392499509130179,0.0020125662674258787
142,0.8470599784038481,0.07543928536369883,0.0754883675272406,0.0020123687052125256
143,0.8446854450878398,0.07586613014034743,0.07738737854549023,0.0020610462263225045
144,0.8434326088023159,0.07610028948530494,0.07840635886364751,0.0020607428487316617
145,0.8424667615169504,0.0765834273659422,0.07888927047049012,0.0020605406466172793
146,0.8416482707873436,0.07711552612214864,0.07917586460632818,0.0020603384841795438
147,0.8408299406484524,0.07754941874724089,0.07956050424289988,0.002060136361406779
148,0.8394389681722328,0.07836790741013192,0.08008435093913982,0.0021087734784954147
149,0.837999509683746,0.0790880117675901,0.08075508703113508,0.002157391517528806
150,0.8369858312496936,0.0797666323478943,0.08109035642496445,0.002157179977447664
151,0.8354492426841822,0.08063330228910348,0.08171168079996079,0.0022057742267535905
152,0.8335211957853468,0.08159764763538349,0.08262680715510905,0.002254349424160745
153,0.8317981381675649,0.08241058304752573,0.08348848603625673,0.0023027927486526214
154,0.8296840558412931,0.08351702179769777,0.08444771001714425,0.002351212343864805
155,0.8284846703888725,0.08458223136448231,0.08458223136448231,0.0023508668821627977
156,0.8260294765705333,0.0859325270528326,0.08563874063555794,0.0023992557410762376
157,0.8239181515566869,0.08684158997454475,0.08679263755629528,0.002447620912473076
158,0.8212607674236492,0.08819498825371966,0.08804815974941269,0.002496084573218481
159,0.8189469563515365,0.08949892346838911,0.08900959091798787,0.002544529262086514
160,0.8164563154290186,0.09084238332844144,0.09005968104882106,0.0026416201937188143
161,0.8137533013792428,0.09209625354592585,0.0914604323584075,0.0026900127164237505
162,0.8114914425427873,0.09300733496332518,0.09276283618581907,0.00273838630806846
163,0.8087415664417718,0.09430918157817542,0.09416251100029334,0.0027867409797594604
164,0.8062451133698202,0.0953381548084441,0.09543588741204066,0.002980844409695074
165,0.8043775649794802,0.09610123119015047,0.0964920852061755,0.0030291186241938636
166,0.8018268855021493,0.09705939820242282,0.09803634232121923,0.003077373974208675
167,0.7998437042102179,0.09812445052261405,0.09895477190583178,0.003077073361336329
168,0.797412109375,0.09892578125,0.10048828125,0.003173828125
169,0.7942784612380395,0.10041983987502441,0.1020796719390744,0.003222026947861746
170,0.7924841386041972,0.10097608589555881,0.10322108345534407,0.003318692044899951
171,0.7903981264637002,0.10187353629976581,0.10431303669008588,0.0034153005464480873
172,0.7887804878048781,0.10273170731707316,0.10502439024390244,0.0034634146341463415
173,0.78667577058135,0.10329691767460007,0.10651580179477176,0.00351150994927819
174,0.7846971618063006,0.10445723202964986,0.10733443870086803,0.003511167463181508
175,0.783861530960507,0.104534373476353,0.10804485616772307,0.00355923939541687
176,0.7829563182527302,0.10515795631825273,0.10832683307332293,0.0035588923556942277
177,0.7819050404601735,0.10592765915959833,0.1086087549965877,0.003558545383640441
178,0.7810001949697797,0.10659972704230844,0.10884187950867616,0.0035581984792357186
179,0.7807124409141855,0.10691486769650602,0.10876662930656401,0.0036060620827445054
180,0.7806090133982948,0.10684531059683312,0.10889159561510353,0.0036540803897685747
181,0.7809820732657833,0.10609898674980514,0.10926539360872954,0.003653546375681995
182,0.782464685825621,0.10457866536775451,0.10930345835362884,0.003653190452995616
183,0.7858464835378921,0.10286382232612508,0.10763685953633353,0.003652834599649328
184,0.7882742500973899,0.10211336190105182,0.10591156992598363,0.0037008180755746006
185,0.7912467747431965,0.1008714278759554,0.1040845138990312,0.003797283481816854
186,0.793593613085386,0.10047707136598188,0.10213221692142926,0.003797098627202804
187,0.795357212380767,0.09996106677048862,0.1007883978976056,0.003893322951138797
188,0.7966035716023551,0.09970317746095081,0.09975183689358182,0.0039414140431122575
189,0.7973341116948822,0.099241097489784,0.09943568787701887,0.003989102938314847
190,0.7994454713493531,0.09718844245549178,0.09937737133962447,0.003988714855530694
191,0.802130453815847,0.09431392577459993,0.09956709956709957,0.003988520842453427
192,0.8047748711465526,0.09141301176699407,0.09972770592239619,0.0040844111640571815
193,0.8070397199669406,0.09047595896737809,0.09840050561524624,0.004083815450435121
194,0.8073595177911724,0.09051137468403656,0.09804588761423294,0.00408321991055804
195,0.8066083576287658,0.09096209912536443,0.09820213799805637,0.004227405247813411
196,0.8042844651705042,0.09219858156028368,0.09919362673661712,0.004323326532594968
197,0.8027874902874903,0.09294871794871795,0.09984459984459984,0.004419191919191919
198,0.7998252596835259,0.0939229201048442,0.10164061741578488,0.0046112027958450635
199,0.7985632462867682,0.09450538782642462,0.10236870206776041,0.004562663819046695
200,0.7961758711055033,0.0956517519169174,0.10356206930020383,0.004610307677375522
201,0.7947884316770186,0.09661296583850931,0.10398874223602485,0.004609860248447205
202,0.7932557011159631,0.09713731198447356,0.10499757399320718,0.004609412906356138
203,0.7917717834271298,0.09804967979817582,0.10556957112361731,0.0046089656510770426
204,0.7906277287280489,0.09867080624818085,0.1060929465411856,0.004608518482584651
205,0.7899970893567478,0.09964102066556708,0.10580188221596973,0.004560007761715339
206,0.7897468231642254,0.09967019109515957,0.10597536133475603,0.004607624405858958
207,0.7895732298739089,0.09980601357904946,0.10601357904946654,0.00460717749757517
208,0.7888177674328387,0.10032974493259626,0.10624575695858791,0.004606730675977112
209,0.7885958107059736,0.10012606671838635,0.10667183863460046,0.004606283941039566
210,0.7887822377351174,0.0997188287764204,0.1068450649602482,0.004653868528214078
211,0.788851187590887,0.09956374212312166,0.1069316529326224,0.00465341735336888
212,0.788496947378622,0.0999127822463417,0.10679329392382983,0.004796976451206512
213,0.7887085049672886,0.0996850012115338,0.10695420402229222,0.004652289798885389
214,0.7895144878379688,0.09933133055528637,0.10650256807830216,0.004651613528442678
215,0.7904554263565892,0.09859496124031007,0.1062984496124031,0.004651162790697674
216,0.79099631711572,0.09856561349098662,0.10593138205078503,0.0045066873425082385
217,0.7917817512235306,0.09827009739787759,0.10549013907060134,0.004458012307990503
218,0.7924318038664664,0.09816367072048064,0.10494694510392945,0.004457580309123504
219,0.7932170542635659,0.09728682170542635,0.10503875968992248,0.004457364341085271
220,0.793700024230676,0.09672885873515871,0.10525805669978193,0.00431306033438333
221,0.7941846377513933,0.09624424521444148,0.10530651805185365,0.004264598982311607
222,0.7942929121651083,0.09611937406133424,0.10522745990988809,0.004360253863669396
223,0.7943712458825809,0.09610540592908351,0.10516372795969774,0.004359620228637861
224,0.7948444616726427,0.09560034887101464,0.10538811900377944,0.004167070452563233
225,0.7949612403100775,0.09549418604651162,0.10537790697674419,0.004166666666666667
226,0.7953103047332978,0.09519887602344848,0.10537280170534373,0.004118017537909985
227,0.7945749576168564,0.09576168563816904,0.10549769920077501,0.0041656575441995644
228,0.7945364719558268,0.0959992250314831,0.1053472827666376,0.004117020246052504
229,0.795127621446215,0.09584927592386303,0.10495471497069792,0.0040683876592241
230,0.7946545296082893,0.09582143030068271,0.10535999612647073,0.004164043964557207
231,0.7938912822498669,0.09613243622634203,0.10571663681688369,0.0042596447069074015
232,0.7932136115010407,0.09666489181470546,0.10591025703083402,0.004211239653419817
233,0.7924026131139608,0.0970239535446407,0.10626663440600048,0.004306798935398016
234,0.7911646586345381,0.09720810954662022,0.1073208496637151,0.004306382155126531
235,0.790632409154691,0.09725649586296996,0.1078530991435622,0.004257995838776794
236,0.7895398906575064,0.09811795442450046,0.10808457109681165,0.004257583821181479
237,0.7882745610216224,0.09838920330866348,0.10903110337154744,0.004305132298166691
238,0.7883843512742396,0.09850573045118236,0.10870931863242904,0.00440059964214904
239,0.787700043513997,0.09868007542426147,0.10917178359038825,0.004448097471353285
240,0.7872093585343453,0.09904771112292744,0.10924735341035433,0.004495576932372988
241,0.7862355613551786,0.09946353487023343,0.10975786573872698,0.004543038035861003
242,0.7864978495143286,0.09940559609529792,0.10955395544386991,0.004542598946503648
243,0.7871394753369728,0.09913522392386105,0.10908739552635394,0.0046379052128122135
244,0.7866492778824326,0.09911607013476308,0.10954934067526445,0.00468531130753997
245,0.7866904911382624,0.09929009513691023,0.10928671463756218,0.004732699087265176
246,0.78620756265997,0.09924180228908099,0.10986622881151302,0.004684406239435939
247,0.7857384251436296,0.09926133346207695,0.11022063438420315,0.004779607010090282
248,0.7861453053342988,0.09920347574221579,0.10987207337678011,0.004779145546705286
249,0.7856694813027745,0.09930036188178529,0.11006031363088058,0.00496984318455971
250,0.7860761325806919,0.09943551888840643,0.10951898489892412,0.0049693636319776135
251,0.7865688923195677,0.09914125820146662,0.10936896950984176,0.00492087996912389
252,0.7869303110682421,0.09901133349409212,0.10904268145647456,0.005015673981191223
253,0.7871365893640615,0.09898269128778747,0.10877006894556675,0.005110650402584254
254,0.7883391203703703,0.09852430555555555,0.10821759259259259,0.004918981481481482
255,0.7881082123740174,0.09866422336885759,0.10835704296667792,0.004870521290447027
256,0.7884587571710938,0.09829822108663164,0.10827749120185123,0.004965530540423276
257,0.7882205513784462,0.09880470406786196,0.10791401580875265,0.005060728744939271
258,0.7882103436641442,0.09861666746999566,0.10820841567455536,0.004964573191304767
259,0.788289156626506,0.0983132530120482,0.10843373493975904,0.004963855421686747
260,0.7875036130648425,0.09832353791309374,0.10906638404470566,0.005106464977358127
261,0.7873621345662958,0.09834802292539614,0.10913644463709483,0.005153397871213216
262,0.7875475514036693,0.09765493330765156,0.10959695671016517,0.0052005585785139885
263,0.7877226769378912,0.0979297063071738,0.1091478093403948,0.005199807414540202
264,0.7880115551275879,0.0979297063071738,0.10890707751564757,0.005151661049590756
265,0.7880042360643111,0.09805526138442283,0.10874169635120824,0.005198806200057765
266,0.7871787467513717,0.09866204639522572,0.10891327365482723,0.005245933198575416
267,0.7862367661212705,0.09879692011549566,0.109720885466795,0.005245428296438884
268,0.7858036573628489,0.09889316650625601,0.11010587102983638,0.00519730510105871
269,0.7851987296699067,0.0986430564911943,0.11096140891155808,0.005196804927340968
270,0.7845872618818549,0.09871079468924379,0.11141042909370791,0.005291514335193381
271,0.7847455996922189,0.09877849379628739,0.111089737424257,0.005386169087236703
272,0.7848691804540208,0.09902847248941901,0.11081185071181224,0.00529049634474798
273,0.7846975088967971,0.09901894777339618,0.11099355583341348,0.005289987496393191
274,0.7835304297663687,0.09941351793096817,0.11162388231900779,0.005432169983655418
275,0.7838123618187062,0.09953859463616264,0.11116985484956263,0.005479188695568586
276,0.7846981930026913,0.09880815071126489,0.11101499423298732,0.005478662053056517
277,0.7850620013457656,0.09872152263770066,0.11083341343843123,0.0053830625781024705
278,0.7850072080730418,0.09836617011052379,0.11119654012493993,0.0054300816914944735
279,0.7842251897396484,0.09919300605245461,0.11100970314151215,0.005572101066384859
280,0.7840265104216694,0.09878974161944097,0.11156469119200846,0.005619056766881183
281,0.7832580924022668,0.09902987225050427,0.11214100470656037,0.005571030640668524
282,0.7835254562920269,0.09899135446685879,0.11200768491834774,0.00547550432276657
283,0.7826379219282662,0.09958227301099534,0.1122101118740097,0.005569693186728766
284,0.7825481438793641,0.10008164049368487,0.111943523987898,0.00542669163905297
285,0.782953181272509,0.09959183673469388,0.11202881152460985,0.005426170468187275
286,0.7826963702707893,0.09981755329364317,0.11206068753600922,0.005425388899558287
287,0.7830532885261642,0.09966394623139703,0.11185789726356217,0.00542486797887662
288,0.7835229727783379,0.09962072110999087,0.11152719765711268,0.005329108454558548
289,0.7844248127520645,0.0990013443441521,0.11134050316881122,0.005233339734972153
290,0.7843701996927803,0.09903033794162826,0.11131912442396313,0.0052803379416282645
291,0.7840756383182953,0.09915530812056057,0.11144173545786139,0.00532731810328278
292,0.7843570057581574,0.09899232245681382,0.1112763915547025,0.005374280230326296
293,0.7843814457715739,0.09939079963543915,0.11075934187173214,0.005468412721254857
294,0.7843372338384808,0.09936696719739113,0.11078074045655092,0.005515058507577211
295,0.7835971223021583,0.09952038369304557,0.11146282973621104,0.005419664268585132
296,0.7829505681545764,0.10001438366016206,0.11152131178980677,0.0055137363954547635
297,0.7821397756686799,0.1002300834052344,0.11206979196625444,0.005560348959831272
298,0.7815166331128367,0.10061355574729172,0.11235739622279743,0.005512414917074106
299,0.7820168711656442,0.10031633435582822,0.11215490797546013,0.005511886503067485
300,0.7808875682929167,0.10078596760279881,0.11281510591392696,0.00551135819035752
301,0.7803219007472696,0.10083349300632305,0.11314428051350833,0.005700325732899023
302,0.78051350833493,0.10068978731557769,0.11314428051350833,0.005652423835983905
303,0.7809446254071661,0.10088139490323816,0.11256945775052692,0.0056045219390687875
304,0.7807202375251413,0.10113973757302941,0.11244133703668231,0.0056986878651470165
305,0.779538490999617,0.10168517809268479,0.11298353121409421,0.005792799693603983
306,0.7790753326313774,0.10165597779266775,0.1133818321049105,0.005886857471044319
307,0.7786924475926104,0.10156025653297597,0.11390829903321528,0.00583899684119843
308,0.7789529096477795,0.10140696784073507,0.11380168453292497,0.00583843797856049
309,0.7788571975497703,0.10159839203675344,0.11375382848392036,0.005790581929555896
310,0.7789740645037803,0.10158866877213131,0.11364723897023639,0.005790027753852043
311,0.7787136294027565,0.10135911179173047,0.11423238897396631,0.005694869831546707
312,0.7791810179869881,0.10170302334481439,0.11327975507079985,0.005836203597397627
313,0.7788939915805587,0.10189437428243399,0.11342326827401454,0.005788365862992729
314,0.7794202066590127,0.10151167240719479,0.11332759280520474,0.0057405281285878304
315,0.7788355738410755,0.10146868870497058,0.11405061474429508,0.005645122709658901
316,0.7768535780869067,0.10182131077011329,0.11534968210717529,0.005975429035804771
317,0.7770396214691966,0.101706256273001,0.11523204129426946,0.006022080963532954
318,0.7772362385321101,0.1014908256880734,0.11515672782874618,0.0061162079510703364
319,0.7777353081700907,0.10124223602484472,0.11490683229813664,0.0061156235069278544
320,0.777034772640428,0.10135651509361865,0.11539931218952999,0.006209400076423385
321,0.7772896571483144,0.10137522681692293,0.11503199312386592,0.006303122910896762
322,0.7772315035799523,0.10133651551312649,0.11498806682577566,0.006443914081145584
323,0.7773799293421179,0.1014036092810083,0.11491454215602025,0.006301919220853624
324,0.7767120019088523,0.10159866380338821,0.1152469577666428,0.006442376521116679
325,0.7772369362920544,0.10121689334287759,0.11515151515151516,0.006394655213552852
326,0.7782814065556563,0.10057731762011546,0.11470012882294002,0.0064411470012882294
327,0.7789071820567883,0.10031018849916487,0.11448341684562156,0.006299212598425197
328,0.7793422748317502,0.1000429573767362,0.11445754379265906,0.00615722399885447
329,0.7798147617683567,0.10001909672491167,0.11419841497183233,0.005967726534899265
330,0.7794749403341289,0.10023866348448687,0.11427207637231504,0.006014319809069212
331,0.779601966305541,0.10022431155443134,0.1141602634467618,0.006013458693265881
332,0.779845405095906,0.09981868498902567,0.11427617139039985,0.0060597385246683845
333,0.7795057723499667,0.10008586966892472,0.11430207041312852,0.006106287567980154
334,0.7794742115558948,0.10019562002003912,0.11436614342287323,0.005964025001192805
335,0.7799990457559998,0.09986163461997233,0.1142230068228446,0.005916312801183263
336,0.7793619760621812,0.0998521768156025,0.11463449525535263,0.006151351866863764
337,0.779934194840494,0.09989986171379524,0.11406227647703972,0.006103666968671022
338,0.7806762363488959,0.09895560112547093,0.11435929228861653,0.006008870237016548
339,0.7806285469025704,0.09909866946444752,0.114311602842291,0.00596118079069102
340,0.7808937854724091,0.09886965231077408,0.11437020079172032,0.00586636142509658
341,0.7808193046878725,0.09876484334016881,0.11455005007391864,0.005865801898039964
342,0.7796480854513376,0.09932764293548234,0.1151590291354728,0.00586524247770731
343,0.7799284862932062,0.09911799761620978,0.11504171632896305,0.005911799761620977
344,0.7801134467801134,0.09928976595643263,0.1146384479717813,0.005958339291672625
345,0.7809296781883194,0.09916567342073898,0.11408820023837903,0.005816448152562575
346,0.7808134267868212,0.09979497449101225,0.11366995661088065,0.005721642111285939
347,0.7805482717520859,0.099642431466031,0.11408820023837903,0.0057210965435041715
348,0.7807807807807807,0.0995757662424329,0.11387578054244721,0.005767672434339101
349,0.7802564469231136,0.09990943324276658,0.11411411411411411,0.00572000572000572
350,0.7809655435352428,0.09974741457370252,0.11352046895105562,0.005766572939999047
351,0.7809119931386096,0.09972840329727926,0.11354648115500071,0.005813122409110401
352,0.7807213989612617,0.10001429456330109,0.11349883261066375,0.005765473864773431
353,0.780408785554338,0.1001000524084044,0.11372623755300396,0.0057649244842536565
354,0.7802391501119528,0.09985231765994951,0.1141441570196751,0.005764375208422657
355,0.7804285714285715,0.1,0.11366666666666667,0.005904761904761905
356,0.78140177125988,0.09980001904580516,0.11289401009427674,0.005904199600038092
357,0.7815758152820756,0.09930968816948346,0.11321114020471316,0.005903356343727684
358,0.7812782563175177,0.09950982724979775,0.11316803883310332,0.0060438775995812115
359,0.7811563169164882,0.09983345229597906,0.11296692838448727,0.006043302403045444
360,0.7814418272662385,0.10016654770402093,0.11239590768498692,0.0059957173447537475
361,0.7821080180823221,0.09997620747085416,0.11196764216036165,0.005948132286462051
362,0.7829955276429726,0.09981920258825769,0.11123798648777239,0.0059472832809972405
363,0.7834752414022736,0.09965276126147553,0.1108785615754174,0.005993435760833373
364,0.7833737575498169,0.09944357254957911,0.11114281637894136,0.006039853521662624
365,0.7831399771776341,0.09970521110688475,0.1110688474705211,0.006085964244960061
366,0.7833507654274032,0.09969573072168869,0.11086811828468195,0.00608538556622611
367,0.783296891339481,0.0997718414297937,0.11079950565643122,0.006131761574294134
368,0.7837079986692648,0.09994772111591654,0.11021339289957702,0.006130887315241671
369,0.7840676838252769,0.09943438376348686,0.11046152383668426,0.006036408574552022
370,0.7839520844226838,0.09906355468935685,0.11104244901839616,0.005941911869563151
371,0.7838094785378144,0.09911108998431335,0.11118505490326568,0.005894376574606645
372,0.783728555814285,0.09894026517131588,0.1113434396236278,0.005987739390771278
373,0.7838377120053209,0.09872202955009739,0.11135920946363248,0.006081048980949214
374,0.7845839471558238,0.0985125695005465,0.11101078743525163,0.005892695908378083
375,0.7836810340730884,0.09875017820652948,0.1117236135532006,0.0058451741671814855
376,0.7842512949674476,0.0986076129829397,0.1113434396236278,0.005797652425984888
377,0.7843733662848724,0.09875956465947436,0.11116391806473076,0.005703150990922484
378,0.7840817296269897,0.09855072463768116,0.11161796151104776,0.005749584224281302
379,0.7838787821213129,0.09856077518643423,0.1116705457654491,0.005889896926803781
380,0.7846183079188637,0.09809510237043371,0.11149114056339367,0.005795449147308916
381,0.7841227611763029,0.0982944557936244,0.1118817996104328,0.005700983419639888
382,0.7837568273569223,0.09859890762289242,0.11184991688435052,0.005794348135834719
383,0.7844217525528379,0.09845642365233911,0.11137497031583947,0.005746853478983615
384,0.78451674186654,0.09798147708382807,0.1118024222274994,0.00569935882213251
385,0.7848696395497934,0.09820962150353801,0.11122192145129886,0.005698817495369711
386,0.7847950994824066,0.09810532313975022,0.11140130110641532,0.005698276271427893
387,0.784388205688239,0.09795356345852524,0.11196049570295807,0.005697735150277765
388,0.7842187722546646,0.09789678583297726,0.11218724778046812,0.005697194131890044
389,0.7844356868144913,0.09743127106974978,0.11253026921798585,0.005602772897773135
390,0.7845781301932482,0.09743127106974978,0.11243530696548122,0.005555291771520821
391,0.7841238190191331,0.09770687936191426,0.11261453734035987,0.005554764278592793
392,0.7841610483334917,0.09761656063051942,0.11271484189535656,0.0055075491406324185
393,0.7839312832194382,0.09742786636294609,0.11294608959757023,0.0056947608200455585
394,0.7847008019740901,0.09685379395434916,0.11275091349119727,0.0056944905803634985
395,0.7850600351193584,0.09681552845142613,0.1125243225285938,0.005600113900621708
396,0.7852294840761308,0.096397550904172,0.11286724571645546,0.0055057193032417295
397,0.7859515899383009,0.09634551495016612,0.11224489795918367,0.005457997152349312
398,0.7862091875474564,0.09628891419893698,0.11204441913439636,0.005457479119210327
399,0.7852906287069988,0.0966073546856465,0.1126453143534994,0.005456702253855279
400,0.7854126132966355,0.09642670716082191,0.11279836757936697,0.005362311963175628
401,0.785876993166287,0.09657365223993926,0.11228170083523159,0.005267653758542141
402,0.7861142748671223,0.09643128321943811,0.11223424449506454,0.005220197418375095
403,0.7862599041609337,0.09583906628078,0.11263462542107511,0.005266404137211178
404,0.785287421741605,0.09609182318345665,0.11326124075128059,0.00535951432365775
405,0.7860191596319833,0.09622498340130893,0.11239685099117898,0.005359005975528787
406,0.786323975720789,0.09593133535660091,0.11238619119878604,0.005358497723823976
407,0.7858294603054159,0.09650953239116002,0.11239685099117898,0.005264156312245092
408,0.7863037086218344,0.09636725789623447,0.1121123020013279,0.0052167314806032435
409,0.7856668563839878,0.09680326313792449,0.11240751280591918,0.005122367672168469
410,0.7847321005215742,0.09734471313418681,0.11270744428639165,0.005215742057847321
411,0.7849487860394537,0.09711684370257967,0.1128129742033384,0.005121396054628225
412,0.7839055386949925,0.09749620637329287,0.11352427921092564,0.005073975720789074
413,0.7842644408612349,0.09745802902399696,0.11329792279237409,0.004979607322394005
414,0.7847182697780307,0.09732498577120091,0.11307152343008917,0.004885221020679188
415,0.7839734471313419,0.09824561403508772,0.1128022759601707,0.004978662873399715
416,0.7842849013657056,0.09830235204855842,0.1125284522003035,0.004884294385432473
417,0.7839798918713838,0.09840652565683392,0.11282367447595561,0.004789907995826615
418,0.7839939313483786,0.09904229091598711,0.11208040963398445,0.004883368101649915
419,0.7840413426891713,0.09894746823440168,0.11217523231556989,0.004835956760857197
420,0.7845089116420174,0.09859689040576412,0.11201175578308684,0.004882442169131589
421,0.7836620519628295,0.0987578228712308,0.11283899108666794,0.004741134079271762
422,0.7829652099725093,0.09896672670395298,0.11323348184662053,0.004834581476917244
423,0.783012607830126,0.09872973741586881,0.11347047113470471,0.004787183619300407
424,0.7831011278551796,0.09875841152497393,0.11330679556440147,0.004833665055444982
425,0.7833854610937352,0.09847407828641835,0.11335418443749408,0.004786276182352384
426,0.7835110163468373,0.09846008054963279,0.11319592513622365,0.004832977967306326
427,0.7833688699360342,0.09812840559109216,0.11371712864250177,0.00478559583037195
428,0.7839374555792467,0.09760720208481402,0.11371712864250177,0.004738213693437574
429,0.784073144156521,0.09773082571415036,0.11341134113411341,0.004784688995215311
430,0.7840397821453943,0.09798721288183755,0.11309495619228037,0.004878048780487805
431,0.7839757552798561,0.09749976323515484,0.11359977270574866,0.0049247087792404585
432,0.7834382841721509,0.09724918327730694,0.11438852327067847,0.004924009279863643
433,0.783452454205519,0.09674823685331566,0.11478203247029867,0.005017276470866664
434,0.7841457643161381,0.09621391386654046,0.11462375769048745,0.005016564126833886
435,0.783865625739295,0.09604920747575113,0.11502247456825171,0.0050626922167021525
436,0.7839436086668559,0.09575172674803671,0.11524269088844735,0.005061973696660044
437,0.7839806973553485,0.09561432559019728,0.11543738468089133,0.004967592373562947
438,0.7832915464307678,0.09579450305123231,0.11594682813756564,0.004967122380434268
439,0.7832237308984246,0.09561432559019728,0.1162889719449307,0.004872971566447462
440,0.7832607872823618,0.0958554125662377,0.11610522331566994,0.004778576835730507
441,0.7833656621090977,0.09589818801154373,0.11600510952358424,0.0047310403557742345
442,0.7838323636535641,0.09550163190009933,0.11588855777872381,0.0047774466676126955
443,0.7838183108587651,0.09552874378992193,0.1160634019399101,0.004589543411402886
444,0.7839742680100279,0.09531242609148101,0.11603046213518756,0.004682843763303533
445,0.7840075703808848,0.09538679914833215,0.11611071682044002,0.004494913650343033
446,0.7844603227180239,0.09530118771589458,0.11583778923957791,0.004400700326503573
447,0.7846699787083038,0.09533948426780223,0.11559025313461084,0.00440028388928318
448,0.78478497421583,0.09490466953683115,0.11591048871646875,0.004399867530870038
449,0.7841505508534683,0.09485082036975744,0.11636483994515107,0.004633788831623245
450,0.7845222899825084,0.09426558880537039,0.11653193400463291,0.0046801872074883
451,0.7851099030961948,0.0942094067596313,0.11600094540297802,0.004679744741195935
452,0.7836318102348439,0.0950715872040826,0.11647687000897794,0.0048197325520956385
453,0.7828017954169619,0.09548783368769194,0.11689109378691236,0.004819277108433735
454,0.7830112911607692,0.09500637785231729,0.11716350923607502,0.004818821750838569
455,0.7825799442633792,0.09513013083935572,0.1174247791790657,0.004865145718199424
456,0.7822226420441127,0.09568790440655552,0.11722476739243376,0.004864686156897936
457,0.7826805877072802,0.09547881135730146,0.11716350923607502,0.004677091699343317
458,0.7830585345112675,0.09566778475929513,0.11664383238059244,0.0046298483488449
459,0.7832679862062449,0.09537531295762672,0.11672728990504984,0.004629410931078464
460,0.7832821723730815,0.09544273907910271,0.11655253837072019,0.004722550177095631
461,0.7829186535102214,0.0956989754969076,0.11656673433737784,0.004815636655493131
462,0.7835528489826747,0.095123448047963,0.11650852098380778,0.004815181985554454
463,0.7833435626268825,0.09579339974505453,0.11614182522071669,0.004721212407346207
464,0.7834686555891238,0.09573262839879154,0.1160309667673716,0.004767749244712991
465,0.7827748938178386,0.09561113732892874,0.11675318546484191,0.004860783388390751
466,0.7824486907289455,0.09573012502948809,0.11691436659589526,0.0049068176456711484
467,0.7818541922097519,0.0958690936527398,0.11718381590116005,0.005092898236348203
468,0.7813767090994814,0.09585101367279585,0.11763319189061763,0.005139085337105139
469,0.7811189140783334,0.0954423339774709,0.11820709808172691,0.005231653862468775
470,0.7812014134275619,0.0956419316843345,0.11778563015312132,0.005371024734982332
471,0.7817727722538994,0.0957070826068517,0.11728947740445785,0.005230667734791009
472,0.7817093856012062,0.09541085563513003,0.11764983038070109,0.005229928382962684
473,0.7817976257772753,0.09548709251931412,0.1174392312040701,0.0052760504993404934
474,0.7811631740051801,0.0958323522486461,0.1176359783376501,0.005368495408523664
475,0.7810734463276836,0.09571563088512242,0.11779661016949153,0.005414312617702448
476,0.7806761465298051,0.09619549863452302,0.11780770317355684,0.005320651662115076
477,0.7809644909108034,0.0956484882735236,0.11820664971272488,0.005180371102948102
478,0.7802673696102429,0.09593296930898136,0.11843344003012615,0.005366221050649595
479,0.7806645956886002,0.09597100630706956,0.1179986821048668,0.005365715899463428
480,0.781364705882353,0.09576470588235295,0.11745882352941177,0.005411764705882353
481,0.7816616484757245,0.0955965374482499,0.11723748588633798,0.005504328189687617
482,0.7815616180620885,0.09539040451552211,0.11749764816556914,0.00555032925682032
483,0.7808560677328316,0.09600188146754468,0.1176387582314205,0.005503292568203199
484,0.7805268109125117,0.09623706491063029,0.11777986829727187,0.005456255879586077
485,0.7799040812488245,0.09629490314086891,0.11820575512507053,0.005595260485236036
486,0.7803685596088755,0.09594772470853705,0.11804249717939075,0.005641218503196691
487,0.7797725350126892,0.0965786258106965,0.1179152175956387,0.005733621580975656
488,0.7795527156549521,0.09631648186431122,0.11830482991918813,0.0058259725615485815
489,0.7794532130777903,0.09676813228109733,0.11790680195415257,0.00587185268695979
490,0.7795623180238564,0.09688175072790457,0.1175918098995022,0.005964121348736733
491,0.7789878884611774,0.09689231058116608,0.1180170875974087,0.006102713360247864
492,0.7793786371315937,0.09695888868030786,0.1174676177961329,0.006194856391965459
493,0.7796339746597841,0.09690286250586579,0.11726888784608165,0.006194274988268419
494,0.7800413067968457,0.09721179121291776,0.11673864063086745,0.0060082613593691325
495,0.7791074194002534,0.09737669529306865,0.11746210521375944,0.006053780092918485
496,0.7786796790691127,0.09721766058274292,0.11800309670154366,0.006099563646600666
497,0.7792372285030726,0.09687104189144814,0.11774639958718394,0.006145330018295258
498,0.7793931435539089,0.0966092951273273,0.11776016507996061,0.00623739623880317
499,0.7791008391542825,0.09680746331630022,0.11771600018752051,0.00637569734189677
500,0.7776840526735086,0.09738038333567646,0.11842166924410703,0.006513894746707906
501,0.7780850166377654,0.0974363781225102,0.11805783380981394,0.006420771429910484
502,0.778444236176195,0.09737582005623242,0.11776007497656982,0.0064198687910028114
503,0.7785533589431275,0.09753583809613042,0.11739904431743652,0.006511758643305538
504,0.778865520633285,0.09733476977844395,0.11724202538760597,0.006557684200665137
505,0.7796618108576514,0.09677268256124409,0.11705466298187268,0.006510843599231814
506,0.7796983323964775,0.09710511523327713,0.11673224658047593,0.006464305789769534
507,0.7803747072599532,0.09723653395784543,0.11592505854800937,0.0064637002341920375
508,0.7800309090057603,0.0972697044911722,0.11623659438954713,0.006462792113520349
509,0.7802388199484899,0.09754155935378131,0.11575743385623975,0.006462186841489113
510,0.7805608876820076,0.09747647361767874,0.11545484339154455,0.006507795308769137
511,0.7812368334815786,0.0975609756097561,0.1146950049155002,0.006507185993165114
512,0.7816845357928742,0.09752329228896484,0.11437801395196405,0.0064141579661969195
513,0.7811168843327249,0.09792632120956794,0.11449702757103403,0.00645976688667322
514,0.7807366499742594,0.09818879580661768,0.11456919548836991,0.00650535873075303
515,0.7810963906184167,0.09802911848696222,0.11455456205233837,0.0063199288422826645
516,0.7811636942377007,0.09839442025932688,0.11412254833122688,0.006319337171745541
517,0.7812777907793119,0.09815118183945705,0.11425228176924877,0.006318745611982214
518,0.7813245963023637,0.09852562602387081,0.11387783758483501,0.006271940088930494
519,0.780710374842061,0.09930272825120502,0.11366933408208152,0.006317562824652534
520,0.7806841046277666,0.09948060455757803,0.11351831921763136,0.006316971597024004
521,0.7807982033406634,0.09923735554203902,0.11364806063725261,0.006316380480044916
522,0.7803657452878724,0.09938730648706796,0.11379261961554651,0.006454328609513119
523,0.7795183539864391,0.09988309562777647,0.11409866729015665,0.006499883095627776
524,0.7791442599953238,0.09997661912555529,0.11442599953238251,0.006453121346738368
525,0.7794193276918042,0.09991116929262706,0.11417083547617934,0.006498667539389406
526,0.7796530927112066,0.09995792229650755,0.11393707045677685,0.006451914535508907
527,0.7801468181605649,0.09978024033291252,0.11371393837377847,0.00635900313274419
528,0.7800215023605852,0.09970551114850652,0.1138222783153368,0.006450708175571448
529,0.780036450301416,0.09986447964858171,0.11355670825739521,0.006542361792607131
530,0.7801504602588664,0.09966823980187842,0.11363954955375917,0.006541750385496005
531,0.7795319725349152,0.09991125227707973,0.11387734130505862,0.0066794338829464246
532,0.7794488556749183,0.09995329285380664,0.11396543671181691,0.006632414759458197
533,0.7788677130044843,0.09986920777279522,0.11472346786248132,0.006539611360239163
534,0.7791946935724963,0.09982249626307922,0.11448991031390135,0.006492899850523169
535,0.7797243634664798,0.09974305068909134,0.11417893015650549,0.006353655687923382
536,0.7805857896949596,0.09959359088148736,0.11346755734105667,0.00635306208249638
537,0.7799934619156587,0.09975248680707981,0.11380936814084902,0.00644468313641246
538,0.7797290985520785,0.0998598785614199,0.11405885100420364,0.006352171882297992
539,0.7805231200373657,0.09883232134516581,0.11433909388136385,0.006305464736104624
540,0.780923019431988,0.09907511210762332,0.11378923766816143,0.006212630792227205
541,0.7815667772224039,0.09889288550474144,0.1134208436492736,0.0061194936235810715
542,0.7819345196394377,0.09840736070244267,0.11349306431273644,0.006165055345383214
543,0.7817358420094309,0.09809048041458518,0.11387086231850227,0.0063028152574816755
544,0.781786781179985,0.09848767737117252,0.11337752053771472,0.006348020911127707
545,0.7822230521450912,0.09812800522851407,0.11344008216236404,0.006208860464030624
546,0.7820464942582392,0.09812342451685184,0.11366819157875081,0.006161889646158155
547,0.7821541907784207,0.09837595669217845,0.11321635243606497,0.006253500093335822
548,0.7810590156286448,0.09853044086773968,0.11406578026592022,0.006344763237695358
549,0.7814584985769608,0.09839966406942566,0.11388979610880418,0.006252041244809406
550,0.7809394971311284,0.09866119326398283,0.11410178663059196,0.006297522974296777
551,0.7807471666433469,0.09854950795205447,0.11436033767081759,0.006342987733781074
552,0.7799281816909948,0.0990533041085669,0.11467611808049247,0.006342396119945903
553,0.7797305486923687,0.09906298074681832,0.11472658617313879,0.006479884387674235
554,0.7802956124399683,0.09931458945307035,0.11404858488366672,0.006341213223294634
555,0.7809221875145694,0.09949181780036365,0.1132453727446501,0.006340621940416803
556,0.7811757027644399,0.09938930585986668,0.11309496060789707,0.006340030767796373
557,0.7805639711023071,0.09965043113493358,0.11340013982754603,0.006385457935213237
558,0.7803514004753693,0.0997343524257818,0.11352938435009555,0.0063848627487533205
559,0.7814291707453503,0.09924019950589662,0.1130844170978418,0.006246212650911295
