,btrf_pt-O+,btrf_pt-A+,btrf_pt-B+,btrf_pt-AB+,btrf_pt-O-,btrf_pt-A-,btrf_pt-B-,btrf_pt-AB-
0,1.0,0.0,0.0,0.0,0.0,0.0,0.0,0.0
1,1.0,0.0,0.0,0.0,0.0,0.0,0.0,0.0
2,1.0,0.0,0.0,0.0,0.0,0.0,0.0,0.0
3,1.0,0.0,0.0,0.0,0.0,0.0,0.0,0.0
4,1.0,0.0,0.0,0.0,0.0,0.0,0.0,0.0
5,1.0,0.0,0.0,0.0,0.0,0.0,0.0,0.0
6,1.0,0.0,0.0,0.0,0.0,0.0,0.0,0.0
7,1.0,0.0,0.0,0.0,0.0,0.0,0.0,0.0
8,1.0,0.0,0.0,0.0,0.0,0.0,0.0,0.0
9,1.0,0.0,0.0,0.0,0.0,0.0,0.0,0.0
10,1.0,0.0,0.0,0.0,0.0,0.0,0.0,0.0
11,1.0,0.0,0.0,0.0,0.0,0.0,0.0,0.0
12,1.0,0.0,0.0,0.0,0.0,0.0,0.0,0.0
13,1.0,0.0,0.0,0.0,0.0,0.0,0.0,0.0
14,1.0,0.0,0.0,0.0,0.0,0.0,0.0,0.0
15,1.0,0.0,0.0,0.0,0.0,0.0,0.0,0.0
16,1.0,0.0,0.0,0.0,0.0,0.0,0.0,0.0
17,1.0,0.0,0.0,0.0,0.0,0.0,0.0,0.0
18,1.0,0.0,0.0,0.0,0.0,0.0,0.0,0.0
19,1.0,0.0,0.0,0.0,0.0,0.0,0.0,0.0
20,1.0,0.0,0.0,0.0,0.0,0.0,0.0,0.0
21,1.0,0.0,0.0,0.0,0.0,0.0,0.0,0.0
22,1.0,0.0,0.0,0.0,0.0,0.0,0.0,0.0
23,1.0,0.0,0.0,0.0,0.0,0.0,0.0,0.0
24,1.0,0.0,0.0,0.0,0.0,0.0,0.0,0.0
25,1.0,0.0,0.0,0.0,0.0,0.0,0.0,0.0
26,1.0,0.0,0.0,0.0,0.0,0.0,0.0,0.0
27,1.0,0.0,0.0,0.0,0.0,0.0,0.0,0.0
28,1.0,0.0,0.0,0.0,0.0,0.0,0.0,0.0
29,1.0,0.0,0.0,0.0,0.0,0.0,0.0,0.0
30,1.0,0.0,0.0,0.0,0.0,0.0,0.0,0.0
31,1.0,0.0,0.0,0.0,0.0,0.0,0.0,0.0
32,1.0,0.0,0.0,0.0,0.0,0.0,0.0,0.0
33,1.0,0.0,0.0,0.0,0.0,0.0,0.0,0.0
34,1.0,0.0,0.0,0.0,0.0,0.0,0.0,0.0
35,1.0,0.0,0.0,0.0,0.0,0.0,0.0,0.0
36,1.0,0.0,0.0,0.0,0.0,0.0,0.0,0.0
37,1.0,0.0,0.0,0.0,0.0,0.0,0.0,0.0
38,1.0,0.0,0.0,0.0,0.0,0.0,0.0,0.0
39,1.0,0.0,0.0,0.0,0.0,0.0,0.0,0.0
40,1.0,0.0,0.0,0.0,0.0,0.0,0.0,0.0
41,1.0,0.0,0.0,0.0,0.0,0.0,0.0,0.0
42,1.0,0.0,0.0,0.0,0.0,0.0,0.0,0.0
43,1.0,0.0,0.0,0.0,0.0,0.0,0.0,0.0
44,1.0,0.0,0.0,0.0,0.0,0.0,0.0,0.0
45,1.0,0.0,0.0,0.0,0.0,0.0,0.0,0.0
46,1.0,0.0,0.0,0.0,0.0,0.0,0.0,0.0
47,1.0,0.0,0.0,0.0,0.0,0.0,0.0,0.0
48,1.0,0.0,0.0,0.0,0.0,0.0,0.0,0.0
49,1.0,0.0,0.0,0.0,0.0,0.0,0.0,0.0
50,1.0,0.0,0.0,0.0,0.0,0.0,0.0,0.0
51,1.0,0.0,0.0,0.0,0.0,0.0,0.0,0.0
52,1.0,0.0,0.0,0.0,0.0,0.0,0.0,0.0
53,1.0,0.0,0.0,0.0,0.0,0.0,0.0,0.0
54,1.0,0.0,0.0,0.0,0.0,0.0,0.0,0.0
55,1.0,0.0,0.0,0.0,0.0,0.0,0.0,0.0
56,1.0,0.0,0.0,0.0,0.0,0.0,0.0,0.0
57,1.0,0.0,0.0,0.0,0.0,0.0,0.0,0.0
58,1.0,0.0,0.0,0.0,0.0,0.0,0.0,0.0
59,1.0,0.0,0.0,0.0,0.0,0.0,0.0,0.0
60,1.0,0.0,0.0,0.0,0.0,0.0,0.0,0.0
61,1.0,0.0,0.0,0.0,0.0,0.0,0.0,0.0
62,1.0,0.0,0.0,0.0,0.0,0.0,0.0,0.0
63,1.0,0.0,0.0,0.0,0.0,0.0,0.0,0.0
64,1.0,0.0,0.0,0.0,0.0,0.0,0.0,0.0
65,1.0,0.0,0.0,0.0,0.0,0.0,0.0,0.0
66,1.0,0.0,0.0,0.0,0.0,0.0,0.0,0.0
67,1.0,0.0,0.0,0.0,0.0,0.0,0.0,0.0
68,1.0,0.0,0.0,0.0,0.0,0.0,0.0,0.0
69,1.0,0.0,0.0,0.0,0.0,0.0,0.0,0.0
70,1.0,0.0,0.0,0.0,0.0,0.0,0.0,0.0
71,1.0,0.0,0.0,0.0,0.0,0.0,0.0,0.0
72,1.0,0.0,0.0,0.0,0.0,0.0,0.0,0.0
73,1.0,0.0,0.0,0.0,0.0,0.0,0.0,0.0
74,1.0,0.0,0.0,0.0,0.0,0.0,0.0,0.0
75,1.0,0.0,0.0,0.0,0.0,0.0,0.0,0.0
76,1.0,0.0,0.0,0.0,0.0,0.0,0.0,0.0
77,1.0,0.0,0.0,0.0,0.0,0.0,0.0,0.0
78,1.0,0.0,0.0,0.0,0.0,0.0,0.0,0.0
79,1.0,0.0,0.0,0.0,0.0,0.0,0.0,0.0
80,1.0,0.0,0.0,0.0,0.0,0.0,0.0,0.0
81,1.0,0.0,0.0,0.0,0.0,0.0,0.0,0.0
82,1.0,0.0,0.0,0.0,0.0,0.0,0.0,0.0
83,1.0,0.0,0.0,0.0,0.0,0.0,0.0,0.0
84,1.0,0.0,0.0,0.0,0.0,0.0,0.0,0.0
85,1.0,0.0,0.0,0.0,0.0,0.0,0.0,0.0
86,1.0,0.0,0.0,0.0,0.0,0.0,0.0,0.0
87,1.0,0.0,0.0,0.0,0.0,0.0,0.0,0.0
88,1.0,0.0,0.0,0.0,0.0,0.0,0.0,0.0
89,1.0,0.0,0.0,0.0,0.0,0.0,0.0,0.0
90,1.0,0.0,0.0,0.0,0.0,0.0,0.0,0.0
91,1.0,0.0,0.0,0.0,0.0,0.0,0.0,0.0
92,1.0,0.0,0.0,0.0,0.0,0.0,0.0,0.0
93,1.0,0.0,0.0,0.0,0.0,0.0,0.0,0.0
94,1.0,0.0,0.0,0.0,0.0,0.0,0.0,0.0
95,1.0,0.0,0.0,0.0,0.0,0.0,0.0,0.0
96,1.0,0.0,0.0,0.0,0.0,0.0,0.0,0.0
97,1.0,0.0,0.0,0.0,0.0,0.0,0.0,0.0
98,1.0,0.0,0.0,0.0,0.0,0.0,0.0,0.0
99,1.0,0.0,0.0,0.0,0.0,0.0,0.0,0.0
100,0.9867359564464242,0.013264043553575848,0.0,0.0,0.0,0.0,0.0,0.0
101,0.9734745385262533,0.026525461473746723,0.0,0.0,0.0,0.0,0.0,0.0
102,0.9602157454599436,0.03978425454005641,0.0,0.0,0.0,0.0,0.0,0.0
103,0.9469595764682599,0.03978031764880511,0.013260105882935035,0.0,0.0,0.0,0.0,0.0
104,0.9337060307722753,0.03977638153663484,0.026517587691089892,0.0,0.0,0.0,0.0,0.0
105,0.9205045758100421,0.03972297798664358,0.03977244620331437,0.0,0.0,0.0,0.0,0.0
106,0.920512440025721,0.03971904832566652,0.03976851164861255,0.0,0.0,0.0,0.0,0.0
107,0.9205203026855927,0.039715119442108905,0.03976457787229833,0.0,0.0,0.0,0.0,0.0
108,0.9204747774480713,0.03971315529179031,0.03981206726013848,0.0,0.0,0.0,0.0,0.0
109,0.920532093759272,0.039659776481060234,0.03980812975966769,0.0,0.0,0.0,0.0,0.0
110,0.9205399525316456,0.03965585443037975,0.03980419303797468,0.0,0.0,0.0,0.0,0.0
111,0.9204489271235043,0.039701374468505884,0.039849698407989714,0.0,0.0,0.0,0.0,0.0
112,0.9203579197152462,0.039796321929998026,0.03984575835475578,0.0,0.0,0.0,0.0,0.0
113,0.920365793376174,0.039792387543252594,0.0398418190805734,0.0,0.0,0.0,0.0,0.0
114,0.9203776009489448,0.039737063213562004,0.0398853358374932,0.0,0.0,0.0,0.0,0.0
115,0.9203854707190512,0.039733135656041516,0.039881393624907335,0.0,0.0,0.0,0.0,0.0
116,0.9202450956169392,0.03982803775263132,0.03992686663042941,0.0,0.0,0.0,0.0,0.0
117,0.920207509881423,0.03982213438735178,0.039970355731225295,0.0,0.0,0.0,0.0,0.0
118,0.92007113570123,0.03986563256434323,0.04006323173442672,0.0,0.0,0.0,0.0,0.0
119,0.919976289270895,0.03996245801225054,0.04006125271685438,0.0,0.0,0.0,0.0,0.0
120,0.9194942460611448,0.04040104706870153,0.040104706870153606,0.0,0.0,0.0,0.0,0.0
121,0.9181687984591832,0.04163168551533409,0.04019951602548274,0.0,0.0,0.0,0.0,0.0
122,0.916600829547699,0.04315623148331029,0.04024293896899072,0.0,0.0,0.0,0.0,0.0
123,0.9139429248543498,0.0450281425891182,0.04102893255653204,0.0,0.0,0.0,0.0,0.0
124,0.9109575518262586,0.046890424481737414,0.0420533070088845,9.871668311944718e-05,0.0,0.0,0.0,0.0
125,0.9076869942766923,0.04805604894414841,0.0440102624827314,0.00024669429642786657,0.0,0.0,0.0,0.0
126,0.9044001578531965,0.04987174427782162,0.045432123125493294,0.00029597474348855567,0.0,0.0,0.0,0.0
127,0.9010257421836473,0.051533681822664955,0.04704605976920801,0.0003945162244797317,0.0,0.0,0.0,0.0
128,0.8980376688689479,0.05305196726161128,0.0484666206488512,0.00044374322058968543,0.0,0.0,0.0,0.0
129,0.8953958394952184,0.05432317854678103,0.049788031154490785,0.0004929508035098097,0.0,0.0,0.0,0.0
130,0.8924206583875419,0.05563768972994283,0.05135028582692687,0.0005913660555884093,0.0,0.0,0.0,0.0
131,0.8888286868288838,0.05713722785932421,0.05324598561718057,0.0007880996946113683,0.0,0.0,0.0,0.0
132,0.884687346134909,0.05967503692762186,0.05470211718365337,0.0009354997538158543,0.0,0.0,0.0,0.0
133,0.880328837255095,0.061780053165304716,0.056906566899675104,0.0009845426799251747,0.0,0.0,0.0,0.0
134,0.8761689142632149,0.0637365882468747,0.05906093119401516,0.0010335662958952652,0.0,0.0,0.0,0.0
135,0.8720232237748474,0.06558748277898052,0.06125762645148593,0.0011316669946860854,0.0,0.0,0.0,0.0
136,0.8679681353265145,0.0676140833988985,0.06304091266719118,0.0013768686073957514,0.0,0.0,0.0,0.0
137,0.8641993512238277,0.06925194141354565,0.0649759166420918,0.0015727907205347487,0.0,0.0,0.0,0.0
138,0.8594241352201258,0.07144261006289308,0.0674626572327044,0.0016705974842767296,0.0,0.0,0.0,0.0
139,0.855746561886051,0.07323182711198428,0.06920432220039292,0.0018172888015717092,0.0,0.0,0.0,0.0
140,0.8515809112333071,0.07462686567164178,0.07182835820895522,0.0019638648860958365,0.0,0.0,0.0,0.0
141,0.8487139210681327,0.07534851757313961,0.07392499509130179,0.0020125662674258787,0.0,0.0,0.0,0.0
142,0.8470599784038481,0.07543928536369883,0.0754883675272406,0.0020123687052125256,0.0,0.0,0.0,0.0
143,0.8446854450878398,0.07586613014034743,0.07738737854549023,0.0020610462263225045,0.0,0.0,0.0,0.0
144,0.8434326088023159,0.07610028948530494,0.07840635886364751,0.0020607428487316617,0.0,0.0,0.0,0.0
145,0.8424667615169504,0.0765834273659422,0.07888927047049012,0.0020605406466172793,0.0,0.0,0.0,0.0
146,0.8416482707873436,0.07711552612214864,0.07917586460632818,0.0020603384841795438,0.0,0.0,0.0,0.0
147,0.8408299406484524,0.07754941874724089,0.07956050424289988,0.002060136361406779,0.0,0.0,0.0,0.0
148,0.8394389681722328,0.07836790741013192,0.08008435093913982,0.0021087734784954147,0.0,0.0,0.0,0.0
149,0.837999509683746,0.0790880117675901,0.08075508703113508,0.002157391517528806,0.0,0.0,0.0,0.0
150,0.8369858312496936,0.0797666323478943,0.08109035642496445,0.002157179977447664,0.0,0.0,0.0,0.0
151,0.8354492426841822,0.08063330228910348,0.08171168079996079,0.0022057742267535905,0.0,0.0,0.0,0.0
152,0.8335211957853468,0.08159764763538349,0.08262680715510905,0.002254349424160745,0.0,0.0,0.0,0.0
153,0.8317981381675649,0.08241058304752573,0.08348848603625673,0.0023027927486526214,0.0,0.0,0.0,0.0
154,0.8296840558412931,0.08351702179769777,0.08444771001714425,0.002351212343864805,0.0,0.0,0.0,0.0
155,0.8284846703888725,0.08458223136448231,0.08458223136448231,0.0023508668821627977,0.0,0.0,0.0,0.0
156,0.8260294765705333,0.0859325270528326,0.08563874063555794,0.0023992557410762376,0.0,0.0,0.0,0.0
157,0.8239181515566869,0.08684158997454475,0.08679263755629528,0.002447620912473076,0.0,0.0,0.0,0.0
158,0.8212607674236492,0.08819498825371966,0.08804815974941269,0.002496084573218481,0.0,0.0,0.0,0.0
159,0.8189469563515365,0.08949892346838911,0.08900959091798787,0.002544529262086514,0.0,0.0,0.0,0.0
160,0.8164563154290186,0.09084238332844144,0.09005968104882106,0.0026416201937188143,0.0,0.0,0.0,0.0
161,0.8137533013792428,0.09209625354592585,0.0914604323584075,0.0026900127164237505,0.0,0.0,0.0,0.0
162,0.8114914425427873,0.09300733496332518,0.09276283618581907,0.00273838630806846,0.0,0.0,0.0,0.0
163,0.8087415664417718,0.09430918157817542,0.09416251100029334,0.0027867409797594604,0.0,0.0,0.0,0.0
164,0.8062451133698202,0.0953381548084441,0.09543588741204066,0.002980844409695074,0.0,0.0,0.0,0.0
165,0.8043775649794802,0.09610123119015047,0.0964920852061755,0.0030291186241938636,0.0,0.0,0.0,0.0
166,0.8018268855021493,0.09705939820242282,0.09803634232121923,0.003077373974208675,0.0,0.0,0.0,0.0
167,0.7998437042102179,0.09812445052261405,0.09895477190583178,0.003077073361336329,0.0,0.0,0.0,0.0
168,0.797412109375,0.09892578125,0.10048828125,0.003173828125,0.0,0.0,0.0,0.0
169,0.7942784612380395,0.10041983987502441,0.1020796719390744,0.003222026947861746,0.0,0.0,0.0,0.0
170,0.7924841386041972,0.10097608589555881,0.10322108345534407,0.003318692044899951,0.0,0.0,0.0,0.0
171,0.7903981264637002,0.10187353629976581,0.10431303669008588,0.0034153005464480873,0.0,0.0,0.0,0.0
172,0.7887804878048781,0.10273170731707316,0.10502439024390244,0.0034634146341463415,0.0,0.0,0.0,0.0
173,0.78667577058135,0.10329691767460007,0.10651580179477176,0.00351150994927819,0.0,0.0,0.0,0.0
174,0.7846971618063006,0.10445723202964986,0.10733443870086803,0.003511167463181508,0.0,0.0,0.0,0.0
175,0.783861530960507,0.104534373476353,0.10804485616772307,0.00355923939541687,0.0,0.0,0.0,0.0
176,0.7829563182527302,0.10515795631825273,0.10832683307332293,0.0035588923556942277,0.0,0.0,0.0,0.0
177,0.7819050404601735,0.10592765915959833,0.1086087549965877,0.003558545383640441,0.0,0.0,0.0,0.0
178,0.7810001949697797,0.10659972704230844,0.10884187950867616,0.0035581984792357186,0.0,0.0,0.0,0.0
179,0.7807124409141855,0.10691486769650602,0.10876662930656401,0.0036060620827445054,0.0,0.0,0.0,0.0
180,0.7806090133982948,0.10684531059683312,0.10889159561510353,0.0036540803897685747,0.0,0.0,0.0,0.0
181,0.7809820732657833,0.10609898674980514,0.10926539360872954,0.003653546375681995,0.0,0.0,0.0,0.0
182,0.782464685825621,0.10457866536775451,0.10930345835362884,0.003653190452995616,0.0,0.0,0.0,0.0
183,0.7858464835378921,0.10286382232612508,0.10763685953633353,0.003652834599649328,0.0,0.0,0.0,0.0
184,0.7882742500973899,0.10211336190105182,0.10591156992598363,0.0037008180755746006,0.0,0.0,0.0,0.0
185,0.7912467747431965,0.1008714278759554,0.1040845138990312,0.003797283481816854,0.0,0.0,0.0,0.0
186,0.793593613085386,0.10047707136598188,0.10213221692142926,0.003797098627202804,0.0,0.0,0.0,0.0
187,0.795357212380767,0.09996106677048862,0.1007883978976056,0.003893322951138797,0.0,0.0,0.0,0.0
188,0.7966035716023551,0.09970317746095081,0.09975183689358182,0.0039414140431122575,0.0,0.0,0.0,0.0
189,0.7973341116948822,0.099241097489784,0.09943568787701887,0.003989102938314847,0.0,0.0,0.0,0.0
190,0.7994454713493531,0.09718844245549178,0.09937737133962447,0.003988714855530694,0.0,0.0,0.0,0.0
191,0.802130453815847,0.09431392577459993,0.09956709956709957,0.003988520842453427,0.0,0.0,0.0,0.0
192,0.8047748711465526,0.09141301176699407,0.09972770592239619,0.0040844111640571815,0.0,0.0,0.0,0.0
193,0.8070397199669406,0.09047595896737809,0.09840050561524624,0.004083815450435121,0.0,0.0,0.0,0.0
194,0.8073595177911724,0.09051137468403656,0.09804588761423294,0.00408321991055804,0.0,0.0,0.0,0.0
195,0.8066083576287658,0.09096209912536443,0.09820213799805637,0.004227405247813411,0.0,0.0,0.0,0.0
196,0.8042844651705042,0.09219858156028368,0.09919362673661712,0.004323326532594968,0.0,0.0,0.0,0.0
197,0.8027874902874903,0.09294871794871795,0.09984459984459984,0.004419191919191919,0.0,0.0,0.0,0.0
198,0.7998252596835259,0.0939229201048442,0.10164061741578488,0.0046112027958450635,0.0,0.0,0.0,0.0
199,0.7985632462867682,0.09450538782642462,0.10236870206776041,0.004562663819046695,0.0,0.0,0.0,0.0
200,0.7961758711055033,0.0956517519169174,0.10356206930020383,0.004610307677375522,0.0,0.0,0.0,0.0
201,0.7947884316770186,0.09661296583850931,0.10398874223602485,0.004609860248447205,0.0,0.0,0.0,0.0
202,0.7932557011159631,0.09713731198447356,0.10499757399320718,0.004609412906356138,0.0,0.0,0.0,0.0
203,0.7917717834271298,0.09804967979817582,0.10556957112361731,0.0046089656510770426,0.0,0.0,0.0,0.0
204,0.7906277287280489,0.09867080624818085,0.1060929465411856,0.004608518482584651,0.0,0.0,0.0,0.0
205,0.7899970893567478,0.09964102066556708,0.10580188221596973,0.004560007761715339,0.0,0.0,0.0,0.0
206,0.7897468231642254,0.09967019109515957,0.10597536133475603,0.004607624405858958,0.0,0.0,0.0,0.0
207,0.7895732298739089,0.09980601357904946,0.10601357904946654,0.00460717749757517,0.0,0.0,0.0,0.0
208,0.7888177674328387,0.10032974493259626,0.10624575695858791,0.004606730675977112,0.0,0.0,0.0,0.0
209,0.7885958107059736,0.10012606671838635,0.10667183863460046,0.004606283941039566,0.0,0.0,0.0,0.0
210,0.7887822377351174,0.0997188287764204,0.1068450649602482,0.004653868528214078,0.0,0.0,0.0,0.0
211,0.788851187590887,0.09956374212312166,0.1069316529326224,0.00465341735336888,0.0,0.0,0.0,0.0
212,0.788496947378622,0.0999127822463417,0.10679329392382983,0.004796976451206512,0.0,0.0,0.0,0.0
213,0.7887085049672886,0.0996850012115338,0.10695420402229222,0.004652289798885389,0.0,0.0,0.0,0.0
214,0.7895144878379688,0.09933133055528637,0.10650256807830216,0.004651613528442678,0.0,0.0,0.0,0.0
215,0.7904554263565892,0.09859496124031007,0.1062984496124031,0.004651162790697674,0.0,0.0,0.0,0.0
216,0.79099631711572,0.09856561349098662,0.10593138205078503,0.0045066873425082385,0.0,0.0,0.0,0.0
217,0.7917817512235306,0.09827009739787759,0.10549013907060134,0.004458012307990503,0.0,0.0,0.0,0.0
218,0.7924318038664664,0.09816367072048064,0.10494694510392945,0.004457580309123504,0.0,0.0,0.0,0.0
219,0.7932170542635659,0.09728682170542635,0.10503875968992248,0.004457364341085271,0.0,0.0,0.0,0.0
220,0.793700024230676,0.09672885873515871,0.10525805669978193,0.00431306033438333,0.0,0.0,0.0,0.0
221,0.7941846377513933,0.09624424521444148,0.10530651805185365,0.004264598982311607,0.0,0.0,0.0,0.0
222,0.7942929121651083,0.09611937406133424,0.10522745990988809,0.004360253863669396,0.0,0.0,0.0,0.0
223,0.7943712458825809,0.09610540592908351,0.10516372795969774,0.004359620228637861,0.0,0.0,0.0,0.0
224,0.7948444616726427,0.09560034887101464,0.10538811900377944,0.004167070452563233,0.0,0.0,0.0,0.0
225,0.7949612403100775,0.09549418604651162,0.10537790697674419,0.004166666666666667,0.0,0.0,0.0,0.0
226,0.7953103047332978,0.09519887602344848,0.10537280170534373,0.004118017537909985,0.0,0.0,0.0,0.0
227,0.7944979900227636,0.09575240955102436,0.1054874800213106,0.004165254032062769,9.686637283866905e-05,0.0,0.0,0.0
228,0.7944210373383699,0.0959852777374207,0.10533197733546419,0.0041164221027652674,9.68569906533004e-05,0.0,4.84284953266502e-05,0.0
229,0.7950121065375303,0.09583535108958838,0.10493946731234867,0.004067796610169492,9.685230024213075e-05,0.0,4.842615012106537e-05,0.0
230,0.7944621938232161,0.09579823797076194,0.10533449511085294,0.004163036111917901,0.00014522218995062446,0.0,9.681479330041631e-05,0.0
231,0.7936607790950884,0.09610452455843213,0.10568594241471087,0.004258407936123881,0.00014517299782240502,4.839099927413501e-05,9.678199854827002e-05,0.0
232,0.7929065660231287,0.09662747375042338,0.10586926017322301,0.004209609522427058,0.00024193158174868148,4.83863163497363e-05,9.67726326994726e-05,0.0
233,0.7917130010153266,0.0969395155441667,0.10617415268578059,0.004303050814678721,0.0007252332833728183,4.834888555818788e-05,9.669777111637576e-05,0.0
234,0.7901324055281724,0.0970812795979511,0.10718082536000773,0.004300763506330337,0.0009664637092877162,0.00019329274185754324,0.00014496955639315743,0.0
235,0.7891051335297242,0.09706862413676534,0.10764475781136813,0.004249770608972811,0.0015936639783648043,0.00019317139131694595,0.00014487854348770946,0.0
236,0.7876345383464453,0.0978811718712293,0.10782373666682755,0.004247309233071094,0.0019788599835899416,0.00019305951059414065,0.0002413243882426758,0.0
237,0.7857659482135108,0.09807608852885867,0.10868412170307151,0.004291431602295193,0.002700226626163267,0.00024109166305029173,0.00024109166305029173,0.0
238,0.7854596261322028,0.0981402967816535,0.10830603199074966,0.004384274426671806,0.0031798034303333975,0.00024089419926768163,0.00028907303912121797,0.0
239,0.7840608306463256,0.09822416863179172,0.10866740459117379,0.004427547042687329,0.003994417440685307,0.0002406275566677896,0.00033687857933490544,4.812551133355792e-05
240,0.782895053122446,0.09850487957309745,0.108648622662372,0.004470938897168405,0.004759386567953464,0.0002884476707850584,0.0003845968943800779,4.8074611797509735e-05
241,0.7814766777153288,0.0988615074218187,0.10909352932699236,0.004515540183503867,0.005140029783350147,0.0003362636306864582,0.00048037661526636886,9.607532305327377e-05
242,0.7811750023999232,0.09873284054910243,0.10881251799942401,0.00451185562062014,0.005807814149947202,0.0003839877123932034,0.00047998464049150427,9.599692809830086e-05
243,0.7811016827268805,0.09837480224363584,0.10825063521741214,0.004602329929526823,0.006615849273694808,0.00038352749412723527,0.0005752912411908529,9.588187353180882e-05
244,0.7799434892964896,0.09827115559599636,0.10861548776399597,0.004645371390259087,0.0074230161390737995,0.00043101384033331736,0.0005746851204444231,9.578085340740386e-05
245,0.7793885460025836,0.09836849911487489,0.1082723314673939,0.004688770872207071,0.008133582125257164,0.0004784460073680685,0.0005741352088416823,9.56892014736137e-05
246,0.7782770819389999,0.0982407495936514,0.10875800745769194,0.004637154603690601,0.008748446314179176,0.000525862893202027,0.0007170857634573095,9.561143512764126e-05
247,0.7771092966623693,0.09817122666284678,0.10901017046268444,0.004727116458960034,0.009549730220121282,0.0005729838132072769,0.0007639784176097026,9.549730220121282e-05
248,0.7772527682321497,0.09808132875143184,0.10862924780450553,0.004725085910652921,0.009831996945399006,0.0006204658266513937,0.0007636502481863307,9.545628102329134e-05
249,0.7763791541505746,0.09812616220855386,0.10875888046536022,0.004911076145520431,0.010251275449387308,0.0007152052639107423,0.0007628856148381252,9.536070185476565e-05
250,0.7765597445307659,0.09823173347314236,0.10819312711500882,0.004909203565130356,0.010438015347218912,0.0007625947285639388,0.0008102568990991849,9.532434107049235e-05
251,0.7768248522965504,0.09791309319611206,0.10801410329712216,0.004859919954259577,0.01072041166380789,0.0007623403849818944,0.0008099866590432628,9.52925481227368e-05
252,0.7771110158594084,0.09777587274372529,0.10768204981664048,0.004953088536457589,0.010763442396532838,0.0007620136209934753,0.0008572653236176596,9.52517026241844e-05
253,0.7772065124250214,0.0977339807673998,0.1073978863181948,0.005046177282681139,0.010901647148433781,0.0007616871370084737,0.000856898029134533,9.521089212605922e-05
254,0.7782432754106166,0.09726255653415854,0.10683170673649131,0.004855986669840514,0.011044989288264698,0.0008093311116400857,0.0008569388240895025,9.521542489883361e-05
255,0.7779417364813405,0.0973914699162224,0.10695925361766946,0.004807692307692308,0.011138613861386138,0.0008092155369383092,0.0008568164508758568,9.52018278750952e-05
256,0.7782165968785687,0.09702131709173963,0.10687095546250476,0.004901027788351732,0.011229539398553484,0.0008089074990483441,0.0008564902931100114,9.516558812333461e-05
257,0.777872907153729,0.0975076103500761,0.10649733637747337,0.004994292237442922,0.011367960426179604,0.0008085996955859969,0.0008561643835616438,9.512937595129375e-05
258,0.7777143672421173,0.09730346697103724,0.10676748941836686,0.004898463879773624,0.011509012222380748,0.0008084843296713749,0.0009036001331621248,9.511580349075e-05
259,0.7776457164590663,0.09698583246172864,0.10696966815631834,0.004896833697822573,0.011695350385090805,0.0008082152705144053,0.0009032994199866882,9.508414947228297e-05
260,0.7767640769779045,0.09698265621287717,0.10757899738655262,0.005036825849370397,0.011736754573532905,0.0008077928248990259,0.0009978617248752673,9.50344499881207e-05
261,0.7765164109628081,0.0969933026172042,0.10763311642046264,0.005082411057806488,0.011779793853607562,0.0008549850377618392,0.0010449817128200256,9.499833752909324e-05
262,0.7764800835588472,0.09628258082894174,0.10805678203484784,0.00512747471870104,0.012059060912500594,0.0008545791197835066,0.0010444855908465082,9.495323553150074e-05
263,0.7763963365443933,0.09652161533716129,0.10757841788070042,0.005125041522327149,0.012385517012290608,0.0008541735870545247,0.001043989939733308,9.490817633939164e-05
264,0.7766442061307772,0.0965170352092626,0.10733605390528614,0.005077346493309291,0.012432381133149853,0.0008541330549492266,0.0010439404004934992,9.490367277213628e-05
265,0.7764549637148414,0.09661812834985534,0.10714793909785135,0.005122610634160224,0.012664231845562776,0.000853768439026704,0.001043494758810416,9.4863159891856e-05
266,0.7754231261555966,0.09718864078130185,0.10728677760394444,0.005167591143981415,0.012942682406485564,0.0008533636751528943,0.001043000047409093,9.481818612809937e-05
267,0.7742027199924182,0.09728474624460977,0.1080415106856845,0.005165142396815619,0.013315642325735677,0.0008529592948869829,0.001042505804861868,9.477325498744255e-05
268,0.7732998673991286,0.09731956810001895,0.10835385489676075,0.0051146050388331124,0.013781019132411441,0.0008524341731388521,0.001183936351581739,9.471490812653911e-05
269,0.7724862715394811,0.09704601401249763,0.10916493088430222,0.005112668055292559,0.014012497633024049,0.0008521113425487597,0.001230827494792653,9.46790380609733e-05
270,0.7715961775002366,0.09707635537893841,0.1095657110417258,0.005203898192828082,0.014239757782193206,0.0009934714731762702,0.0012300123001230013,9.46163307786924e-05
271,0.771463691376702,0.09710665658093798,0.10920953101361573,0.00529500756429652,0.014561270801815431,0.0009928139183055975,0.0012764750378214825,9.455370650529501e-05
272,0.7710006614381555,0.09727865444580931,0.10885382216762733,0.005197014079183596,0.015118586412170463,0.0011811395634508174,0.0012756307285268827,9.44911650760654e-05
273,0.7703966005665722,0.09721435316336166,0.10897072710103872,0.005193578847969783,0.015580736543909348,0.0012275731822474032,0.0013220018885741266,9.442870632672332e-05
274,0.7690384070963481,0.09757478531659904,0.10955930923846371,0.0053316976502783804,0.015759177125601584,0.001273945456261206,0.0013683117863546286,9.436633009342267e-05
275,0.7689188552029799,0.09764722523457023,0.10905747559998114,0.00537507661841671,0.016172379650148522,0.0013673440520533735,0.0013673440520533735,9.429958979678438e-05
276,0.7695353002167971,0.09689885945894995,0.10886982750494863,0.0053727966820624,0.016495428409840703,0.0013667640682439438,0.0013667640682439438,9.425959091337543e-05
277,0.7695641931684335,0.09677267373380448,0.1086454652532391,0.005276796230859835,0.016819787985865725,0.0014134275618374558,0.0014134275618374558,9.422850412249705e-05
278,0.7692597475984178,0.09639291768694669,0.10896590695046147,0.005321152759465059,0.017046524769259747,0.0014597852702957243,0.0014597852702957243,9.417969485778867e-05
279,0.7681739048604903,0.09716275349362442,0.10873758998729591,0.005458052980755658,0.01731520255963864,0.0015056697877946642,0.0015527219686632474,9.410436173716651e-05
280,0.7676933928991301,0.09673171878673878,0.10924053609217023,0.005501998589231131,0.017540559604984716,0.0015518457559369856,0.0016458970138725606,9.405125793557489e-05
281,0.7664724128207538,0.09690760409812953,0.10973775730801767,0.005451640191747344,0.017952815114202464,0.001644891437165147,0.001738885233574584,9.399379640943698e-05
282,0.7664082687338502,0.09682875264270613,0.10956072351421188,0.005355884425651868,0.0183697439511393,0.001644350481559784,0.001738313366220343,9.396288466055907e-05
283,0.7653660139925811,0.09738460816077382,0.10973376531905903,0.005446776541296897,0.018547213222519603,0.0016903789266093816,0.0017373338967929756,9.390994036718787e-05
284,0.7651312391416631,0.09785415786260976,0.10945203549795746,0.005305911630746114,0.01873503310325398,0.0016903789266093816,0.0017373338967929756,9.390994036718787e-05
285,0.7651696466281853,0.09732976676521657,0.10948425547890563,0.005302923647285185,0.019193767891501245,0.0016894270026749261,0.0017363555305270073,9.385705570416256e-05
286,0.7648135116115412,0.09753694581280788,0.10950035186488388,0.005301430917194464,0.019329110954726718,0.001688951442646024,0.0017358667604973025,9.383063570255688e-05
287,0.7649127743387732,0.09735509285312324,0.10926655411742638,0.005299193397111236,0.019508534984055526,0.0017351341211780155,0.0017820296379666104,0.00014068655036578504
288,0.7652989449003517,0.09730363423212192,0.10893317702227433,0.005205158264947245,0.019601406799531068,0.001735052754982415,0.0017819460726846423,0.0001406799531066823
289,0.7661789532920653,0.09669855561808291,0.10875070343275182,0.005111611329956856,0.019602326017632715,0.0017351341211780155,0.0017820296379666104,0.00014068655036578504
290,0.7659135652010874,0.09670010312177744,0.10869972813349583,0.005156088872222743,0.0197337583200525,0.0017811943376769477,0.0018749414080809976,0.0001406206056060748
291,0.7655217656154819,0.09680895928025866,0.10880464832950658,0.005201255798697343,0.019821001827468255,0.0017806100932477391,0.0019211845742936131,0.00014057448104587414
292,0.7657999531506208,0.09665026938393066,0.10864371047083626,0.0052471304755212,0.019817287420941673,0.0017802764113375499,0.0019208245490747247,0.000140548137737175
293,0.7658657674113625,0.09704463491171374,0.1081448175729474,0.005339328368694675,0.019764882206922393,0.0017797761228982249,0.0019202847641796637,0.0001405086412814388
294,0.7656476756706146,0.09699920415710875,0.10814100463461448,0.005383643087870418,0.01989607228126024,0.0017789429333832686,0.0020130143719863302,0.000140442863161837
295,0.7646012729314864,0.09710782478472482,0.1087607637588918,0.005288281542493448,0.020170348184200673,0.00177836016473231,0.0021527517783601646,0.00014039685511044552
296,0.7639051316835852,0.09758151284090377,0.10880853253496749,0.00537961360340553,0.020255414698039948,0.0017776114515600878,0.002151845441362212,0.00014033774617579643
297,0.7628330995792426,0.09775596072931277,0.10930341280972417,0.005423094904160822,0.02061711079943899,0.0017765310892940626,0.002150537634408602,0.00014025245441795232
298,0.7620472072914233,0.09810703435382098,0.10955830801589156,0.005375087637298434,0.020845992054218276,0.001822855807431643,0.0021032951624211263,0.00014021967749474175
299,0.7624655357726997,0.0978083087994766,0.10935090424786205,0.0053740829010701435,0.02088882658068134,0.0018692462264591804,0.002102902004766578,0.00014019346698443852
300,0.7612240130810558,0.09824807288016818,0.10997430506890914,0.005372576500817566,0.021069843494510628,0.001868722261153936,0.002102312543798178,0.0001401541695865452
301,0.760681765117908,0.09829558720522998,0.11029652113004904,0.005556852673359794,0.021060004669624096,0.0018678496381041327,0.002101330842867149,0.00014008872285780995
302,0.7605489171023152,0.09811426437640029,0.11025018670649739,0.005507841672890217,0.02147124719940254,0.0019137415982076176,0.0020537714712471995,0.00014002987303958177
303,0.7607914508376499,0.09827803443931121,0.10966447337719912,0.005459890802183957,0.02155956880862383,0.0020066265341359838,0.0020999580008399833,0.0001399972000559989
304,0.7603656545870062,0.0985028683363649,0.10950981763910266,0.00555011426705844,0.021780700527027658,0.002005503474651369,0.002145422321720069,0.00013991884706870015
305,0.7589373106501981,0.0989979025868096,0.10999766954089955,0.005639711023071545,0.022046143090188767,0.002050804008389653,0.00219063155441622,0.00013982754602656722
306,0.7583508036338225,0.0989517819706499,0.11036571162357325,0.00573025856044724,0.02212904728627999,0.0021430235266713255,0.002189610994642441,0.0001397624039133473
307,0.7578368810843542,0.0988401881783036,0.11085751548744702,0.005682612138432158,0.02221808188550934,0.0021426242489170433,0.0022823606129768505,0.00013973636405980715
308,0.7579864021607525,0.09867747042935643,0.11073856757008475,0.0056812890006519515,0.022445748346838035,0.0021421253609015555,0.00218869330352985,0.00013970382788488405
309,0.7577521184467828,0.09884533010522395,0.11067138467268833,0.005633671664028308,0.022627805196014525,0.00214172641772977,0.0021882856876804173,0.00013967780985194153
310,0.7578677839851025,0.09883612662942272,0.11056797020484171,0.005633147113594041,0.022532588454376164,0.0021880819366852885,0.0022346368715083797,0.00013966480446927373
311,0.7576124406369308,0.09861253375547072,0.1111369773721948,0.0055405531241270135,0.02253468665611323,0.0022348449576310644,0.0021882856876804173,0.00013967780985194153
312,0.7579691935408814,0.09893433849876682,0.11019591418865467,0.0056773232816789984,0.022569686816510774,0.0022802364000186143,0.0022337009632835405,0.00013960631020522128
313,0.7577252419955324,0.09912509307520477,0.11034065524944155,0.005631049888309755,0.02252419955323902,0.002280342516753537,0.0022338049143708115,0.00013961280714817572
314,0.7584136293813714,0.09877577619513103,0.11027323930549737,0.005585812037424941,0.02238979658334497,0.0022343248149699763,0.0021877763813247684,0.00013964530093562352
315,0.7580202076640127,0.09875680961028077,0.11100246775620431,0.005494249662429576,0.022070121525352704,0.00228151045304279,0.0022349490152255903,0.0001396843134515994
316,0.756071461803294,0.09909742253652182,0.11226388759653858,0.005815576439936726,0.02209919047175956,0.0023262305759746906,0.002186656741416209,0.00013957383455848144
317,0.7562563959438088,0.0989859521815983,0.11214996743883152,0.005861010326542004,0.02214159456693646,0.0023257977486277792,0.002139733928737557,0.00013954786491766677
318,0.7565229524208177,0.0987861029719548,0.1120878098693084,0.005953211478535882,0.021998976791777126,0.0022789637691270175,0.002232454304450956,0.00013952839402818474
319,0.7571867150432599,0.09856730858684529,0.11187087170899619,0.005954042236487115,0.02181598288212857,0.0022792817936552238,0.0021862498837101124,0.00013954786491766677
320,0.7566863575050002,0.09870226522163822,0.11237731987534304,0.006046792874087167,0.021675426764035537,0.0022326619842783385,0.0021396344016000744,0.00013954137401739615
321,0.7570458561994233,0.09873500139521905,0.11203608966607757,0.006138963817319319,0.021579387963910335,0.0021858431773788484,0.00213933587573249,0.00013952190493907542
322,0.7571727505231342,0.09872122762148337,0.11202046035805627,0.006277609858172518,0.0213903743315508,0.0021390374331550803,0.0021390374331550803,0.0001395024412927226
323,0.7576659997208134,0.09883206923828579,0.11200037224884836,0.006142105997859569,0.021032059932064584,0.002140430878041971,0.00209389977199758,9.306221208878135e-05
324,0.7571289017072149,0.0990370749406894,0.11234125691957017,0.006279946038982184,0.02088663534446667,0.0021398334651346698,0.0020933153463273944,9.303623761455087e-05
325,0.7579932051938382,0.09871084841997486,0.11230046074370549,0.006236328943081864,0.02047749802205985,0.002047749802205985,0.0021408293386698933,9.30795364639084e-05
326,0.7589447727166985,0.09807844414460522,0.11185036988787046,0.006281114781556786,0.020425254734099476,0.0020006513748662357,0.002279812031824315,0.0001395803284790397
327,0.759728169800782,0.09784025321169242,0.1116644945075405,0.006144107242599143,0.020247626140383543,0.001954943213554273,0.002280767082479985,0.00013963880096816235
328,0.7600782050088446,0.09757005865375663,0.11162834000558607,0.006005027464854297,0.020202960618191976,0.0020016758216180987,0.0023740806256400708,0.00013965180150823947
329,0.7606407748905654,0.09755983980627736,0.11139051876688089,0.005820992828536835,0.01997764738753842,0.002048989475644966,0.0024215330166713236,0.00013970382788488405
330,0.7603482795548726,0.09777901941611956,0.11146808213437631,0.0058667411649671744,0.019881733947944312,0.002095264701773991,0.0024211947664943894,0.0001396843134515994
331,0.7604748603351955,0.09776536312849161,0.11135940409683426,0.005865921787709497,0.019925512104283054,0.002094972067039106,0.002420856610800745,9.310986964618249e-05
332,0.7606459719830595,0.09736119514124819,0.11146274491553032,0.005910550565458184,0.020012100339740307,0.002094289570437939,0.0024200679480616185,9.30795364639084e-05
333,0.760282895961288,0.0976177182207333,0.11148334263912153,0.00595570444816676,0.020100502512562814,0.0020938023450586263,0.002372975991066443,9.305788200260562e-05
334,0.7600725783939704,0.097701684190937,0.11151949381222667,0.005815576439936726,0.020284730622499303,0.0020936075183772217,0.0024192797990136784,9.304922303898763e-05
335,0.7605489648755525,0.09737148173993952,0.11137473831123518,0.00576878343800884,0.020190742033030937,0.0021400325657129566,0.002512212142358688,9.30448941614329e-05
336,0.7600799888387667,0.09738176068455565,0.11179835371808584,0.005999162907501279,0.01999720969167093,0.002092731246802772,0.0025577826349811655,9.301027763567875e-05
337,0.7606026785714286,0.09742373511904762,0.11123511904761904,0.005952380952380952,0.020089285714285716,0.0020461309523809525,0.0025576636904761905,9.300595238095238e-05
338,0.7612183213206231,0.09648918856079981,0.11150895140664961,0.00585910253429435,0.02022785398744478,0.0019995349918623577,0.002604045570797489,9.300162752848175e-05
339,0.7611010368717162,0.09661970521225648,0.11145208536755474,0.005812061189380202,0.020365462407588228,0.0019528525596317478,0.0026038034128423302,9.299297903008323e-05
340,0.7612162350643916,0.09637826026314567,0.11148821423590125,0.005718536426612116,0.020642521735087637,0.0019061788088707054,0.0025570691338509463,9.29843321400344e-05
341,0.7610746990191977,0.09626737321619486,0.11165341886301307,0.005717473155766281,0.020638683586668528,0.001905824385255427,0.0026495607307209595,9.296704318319155e-05
342,0.7596877613604683,0.09678468543815631,0.11221076108168386,0.005715082241427377,0.020862373385373105,0.0019050274138091255,0.002741380912554595,9.292816652727442e-05
343,0.7598235020901069,0.09656293543892243,0.11207617278216442,0.00575940548072457,0.020993961913608916,0.0019507663725034836,0.002740362285183465,9.289363678588016e-05
344,0.7599015647490366,0.09671727724381297,0.11166829177694201,0.00580396526907183,0.021126433579421462,0.0019037006082555602,0.002785903329154478,9.286344430514928e-05
345,0.7606222428604598,0.0965869514743441,0.11112143022985838,0.005665196192245182,0.0212212677037381,0.001950313443231948,0.0027397260273972603,9.287206872533086e-05
346,0.7604011887072808,0.09718610698365528,0.11069836552748885,0.005572065378900446,0.021266716196136702,0.0019966567607726596,0.002786032689450223,9.286775631500742e-05
347,0.7599684352225781,0.09701527178201735,0.11108016525089356,0.005570254839158892,0.021445481130761734,0.001949589193705612,0.002877965000232094,9.283758065264819e-05
348,0.7603044931303379,0.09696435202376531,0.11088934274043817,0.005616412922391385,0.02135165243223171,0.0019494987003341997,0.002831414779056814,9.28332714444857e-05
349,0.7598997261037093,0.09730281788217818,0.11113690172229701,0.0055707720161552385,0.021261779861659162,0.0019497702056543336,0.0027853860080776192,9.284620026925398e-05
350,0.7607353419061325,0.0971635485817743,0.11057982452068149,0.005617195116289866,0.020936818160716773,0.0019497702056543336,0.0029246553084815003,9.284620026925398e-05
351,0.7607575546581256,0.09715452815299633,0.11061597734763032,0.0056630924198115395,0.02084203685651952,0.001949589193705612,0.0029243837905584182,9.283758065264819e-05
352,0.7607484446095274,0.09745565976413781,0.11059522704057945,0.0056179775280898875,0.020614727458445538,0.0019500417866097131,0.0029250626799145695,9.285913269570062e-05
353,0.7605516088591726,0.09755304824255932,0.11083252077819566,0.005618238380461531,0.020476389469285417,0.001950132330408135,0.0029251984956122023,9.286344430514928e-05
354,0.760388133153814,0.09731185291796277,0.11124007614095362,0.0056177166999396445,0.020474488137796554,0.0019499512512187196,0.0029249268768280793,9.28548214866057e-05
355,0.7604045840486243,0.0974342318934719,0.11075024358557974,0.005753259407043103,0.02060038045747692,0.001948684637869438,0.0029694242100867627,0.000139191759847817
356,0.7614959862651385,0.09725766785764002,0.11001809660804603,0.005753793327455802,0.020509489118834393,0.0018560623636954203,0.0029696997819126723,0.0001392046772771565
357,0.7617037071405373,0.09678467034751542,0.11033266830603629,0.005753259407043103,0.020461188697629102,0.0018094928780216211,0.0030158214633693686,0.000139191759847817
358,0.7615623695319386,0.09699865472932226,0.11031219557452336,0.005891357795611635,0.02031822609825115,0.001809157118337431,0.00292248457577585,0.0001855545762397365
359,0.7613747043272575,0.09730531979036222,0.11010621028709243,0.005890264830017161,0.02031445665785446,0.0018552015212652474,0.002968322434024396,0.00018552015212652476
360,0.7618649965205289,0.09765715611227094,0.10958014381813964,0.005845511482254697,0.020041753653444676,0.0018093249826026444,0.003015541637671074,0.0001855717930874507
361,0.7627622053090775,0.0975032485613514,0.10919806942639688,0.0058010024132170036,0.01976981622424355,0.0018099127529237053,0.002970113235567106,0.00018563207722294413
362,0.7637013318483457,0.09735950624158894,0.10849691400993086,0.005800733212678082,0.019861710520209755,0.0017170170309527123,0.0028771636734883288,0.00018562346280569865
363,0.7641737032569361,0.09719773591908694,0.1081469796789459,0.005845782685348427,0.019949893291268443,0.0017166187250626335,0.002783706040642108,0.0001855804027094739
364,0.7637948622832236,0.09695817490494296,0.10836501901140684,0.005888899193174441,0.020124269683761475,0.0018084021144393954,0.0028748956691087824,0.00018547713994250208
365,0.7634298957126303,0.09719582850521437,0.10827346465816917,0.00593279258400927,0.02025492468134415,0.0018539976825028969,0.00287369640787949,0.00018539976825028968
366,0.7636725991842789,0.09719132369299222,0.10808305524657026,0.005932517612161661,0.02025398591027067,0.001807563959955506,0.0028735632183908046,0.0001853911753800519
367,0.7635883415967749,0.09726148000556045,0.10801167693804736,0.005977480190908669,0.020249293359899913,0.0018534822297391223,0.0028728974560956397,0.00018534822297391223
368,0.7640272436639948,0.09743779826715471,0.10744567483667701,0.0059769262845758234,0.020340082472316175,0.0018533104758374646,0.0027336329518602605,0.00018533104758374646
369,0.764624084546213,0.09696857328265505,0.10772225827384815,0.005886715490868638,0.020070455177528507,0.0017613794382126634,0.002781125428756837,0.00018540836191712246
370,0.764438676184296,0.0965977565588208,0.10827848335959951,0.005794011309910077,0.020116807268007787,0.001807731528691944,0.002781125428756837,0.00018540836191712246
