btrf_pt-O+,btrf_pt-A+,btrf_pt-B+,btrf_pt-AB+,btrf_pt-O-,btrf_pt-A-,btrf_pt-B-,btrf_pt-AB-
1.0,0.0,0.0,0.0,0.0,0.0,0.0,0.0
1.0,0.0,0.0,0.0,0.0,0.0,0.0,0.0
1.0,0.0,0.0,0.0,0.0,0.0,0.0,0.0
1.0,0.0,0.0,0.0,0.0,0.0,0.0,0.0
1.0,0.0,0.0,0.0,0.0,0.0,0.0,0.0
1.0,0.0,0.0,0.0,0.0,0.0,0.0,0.0
1.0,0.0,0.0,0.0,0.0,0.0,0.0,0.0
1.0,0.0,0.0,0.0,0.0,0.0,0.0,0.0
1.0,0.0,0.0,0.0,0.0,0.0,0.0,0.0
1.0,0.0,0.0,0.0,0.0,0.0,0.0,0.0
1.0,0.0,0.0,0.0,0.0,0.0,0.0,0.0
1.0,0.0,0.0,0.0,0.0,0.0,0.0,0.0
1.0,0.0,0.0,0.0,0.0,0.0,0.0,0.0
1.0,0.0,0.0,0.0,0.0,0.0,0.0,0.0
1.0,0.0,0.0,0.0,0.0,0.0,0.0,0.0
1.0,0.0,0.0,0.0,0.0,0.0,0.0,0.0
1.0,0.0,0.0,0.0,0.0,0.0,0.0,0.0
1.0,0.0,0.0,0.0,0.0,0.0,0.0,0.0
1.0,0.0,0.0,0.0,0.0,0.0,0.0,0.0
1.0,0.0,0.0,0.0,0.0,0.0,0.0,0.0
1.0,0.0,0.0,0.0,0.0,0.0,0.0,0.0
1.0,0.0,0.0,0.0,0.0,0.0,0.0,0.0
1.0,0.0,0.0,0.0,0.0,0.0,0.0,0.0
1.0,0.0,0.0,0.0,0.0,0.0,0.0,0.0
1.0,0.0,0.0,0.0,0.0,0.0,0.0,0.0
1.0,0.0,0.0,0.0,0.0,0.0,0.0,0.0
1.0,0.0,0.0,0.0,0.0,0.0,0.0,0.0
1.0,0.0,0.0,0.0,0.0,0.0,0.0,0.0
1.0,0.0,0.0,0.0,0.0,0.0,0.0,0.0
1.0,0.0,0.0,0.0,0.0,0.0,0.0,0.0
1.0,0.0,0.0,0.0,0.0,0.0,0.0,0.0
1.0,0.0,0.0,0.0,0.0,0.0,0.0,0.0
1.0,0.0,0.0,0.0,0.0,0.0,0.0,0.0
1.0,0.0,0.0,0.0,0.0,0.0,0.0,0.0
1.0,0.0,0.0,0.0,0.0,0.0,0.0,0.0
1.0,0.0,0.0,0.0,0.0,0.0,0.0,0.0
1.0,0.0,0.0,0.0,0.0,0.0,0.0,0.0
1.0,0.0,0.0,0.0,0.0,0.0,0.0,0.0
1.0,0.0,0.0,0.0,0.0,0.0,0.0,0.0
1.0,0.0,0.0,0.0,0.0,0.0,0.0,0.0
1.0,0.0,0.0,0.0,0.0,0.0,0.0,0.0
1.0,0.0,0.0,0.0,0.0,0.0,0.0,0.0
1.0,0.0,0.0,0.0,0.0,0.0,0.0,0.0
1.0,0.0,0.0,0.0,0.0,0.0,0.0,0.0
1.0,0.0,0.0,0.0,0.0,0.0,0.0,0.0
1.0,0.0,0.0,0.0,0.0,0.0,0.0,0.0
1.0,0.0,0.0,0.0,0.0,0.0,0.0,0.0
1.0,0.0,0.0,0.0,0.0,0.0,0.0,0.0
1.0,0.0,0.0,0.0,0.0,0.0,0.0,0.0
1.0,0.0,0.0,0.0,0.0,0.0,0.0,0.0
1.0,0.0,0.0,0.0,0.0,0.0,0.0,0.0
1.0,0.0,0.0,0.0,0.0,0.0,0.0,0.0
1.0,0.0,0.0,0.0,0.0,0.0,0.0,0.0
1.0,0.0,0.0,0.0,0.0,0.0,0.0,0.0
1.0,0.0,0.0,0.0,0.0,0.0,0.0,0.0
1.0,0.0,0.0,0.0,0.0,0.0,0.0,0.0
1.0,0.0,0.0,0.0,0.0,0.0,0.0,0.0
1.0,0.0,0.0,0.0,0.0,0.0,0.0,0.0
1.0,0.0,0.0,0.0,0.0,0.0,0.0,0.0
1.0,0.0,0.0,0.0,0.0,0.0,0.0,0.0
1.0,0.0,0.0,0.0,0.0,0.0,0.0,0.0
1.0,0.0,0.0,0.0,0.0,0.0,0.0,0.0
1.0,0.0,0.0,0.0,0.0,0.0,0.0,0.0
1.0,0.0,0.0,0.0,0.0,0.0,0.0,0.0
1.0,0.0,0.0,0.0,0.0,0.0,0.0,0.0
1.0,0.0,0.0,0.0,0.0,0.0,0.0,0.0
1.0,0.0,0.0,0.0,0.0,0.0,0.0,0.0
1.0,0.0,0.0,0.0,0.0,0.0,0.0,0.0
1.0,0.0,0.0,0.0,0.0,0.0,0.0,0.0
1.0,0.0,0.0,0.0,0.0,0.0,0.0,0.0
1.0,0.0,0.0,0.0,0.0,0.0,0.0,0.0
1.0,0.0,0.0,0.0,0.0,0.0,0.0,0.0
1.0,0.0,0.0,0.0,0.0,0.0,0.0,0.0
1.0,0.0,0.0,0.0,0.0,0.0,0.0,0.0
1.0,0.0,0.0,0.0,0.0,0.0,0.0,0.0
1.0,0.0,0.0,0.0,0.0,0.0,0.0,0.0
1.0,0.0,0.0,0.0,0.0,0.0,0.0,0.0
1.0,0.0,0.0,0.0,0.0,0.0,0.0,0.0
1.0,0.0,0.0,0.0,0.0,0.0,0.0,0.0
1.0,0.0,0.0,0.0,0.0,0.0,0.0,0.0
1.0,0.0,0.0,0.0,0.0,0.0,0.0,0.0
1.0,0.0,0.0,0.0,0.0,0.0,0.0,0.0
1.0,0.0,0.0,0.0,0.0,0.0,0.0,0.0
1.0,0.0,0.0,0.0,0.0,0.0,0.0,0.0
1.0,0.0,0.0,0.0,0.0,0.0,0.0,0.0
1.0,0.0,0.0,0.0,0.0,0.0,0.0,0.0
1.0,0.0,0.0,0.0,0.0,0.0,0.0,0.0
1.0,0.0,0.0,0.0,0.0,0.0,0.0,0.0
1.0,0.0,0.0,0.0,0.0,0.0,0.0,0.0
1.0,0.0,0.0,0.0,0.0,0.0,0.0,0.0
1.0,0.0,0.0,0.0,0.0,0.0,0.0,0.0
1.0,0.0,0.0,0.0,0.0,0.0,0.0,0.0
1.0,0.0,0.0,0.0,0.0,0.0,0.0,0.0
1.0,0.0,0.0,0.0,0.0,0.0,0.0,0.0
1.0,0.0,0.0,0.0,0.0,0.0,0.0,0.0
1.0,0.0,0.0,0.0,0.0,0.0,0.0,0.0
1.0,0.0,0.0,0.0,0.0,0.0,0.0,0.0
1.0,0.0,0.0,0.0,0.0,0.0,0.0,0.0
1.0,0.0,0.0,0.0,0.0,0.0,0.0,0.0
1.0,0.0,0.0,0.0,0.0,0.0,0.0,0.0
0.9876836325864372,0.012316367413562844,0.0,0.0,0.0,0.0,0.0,0.0
0.9753214638971316,0.024678536102868447,0.0,0.0,0.0,0.0,0.0,0.0
0.963010582533874,0.036989417466126,0.0,0.0,0.0,0.0,0.0,0.0
0.9506526898734177,0.03698575949367089,0.012361550632911392,0.0,0.0,0.0,0.0,0.0
0.9383466824878869,0.03698210224463562,0.024671215267477505,0.0,0.0,0.0,0.0,0.0
0.9260431085623888,0.03697844571880562,0.03697844571880562,0.0,0.0,0.0,0.0,0.0
0.9260009886307464,0.03697478991596639,0.037024221453287195,0.0,0.0,0.0,0.0,0.0
0.9261565836298933,0.036971134835903516,0.036872281534203244,0.0,0.0,0.0,0.0,0.0
0.9261675315048183,0.036965653570546084,0.03686681492463553,0.0,0.0,0.0,0.0,0.0
0.9261254138459257,0.036962000296486636,0.03691258585758759,0.0,0.0,0.0,0.0,0.0
0.9260302401423065,0.037058997924696115,0.03691076193299733,0.0,0.0,0.0,0.0,0.0
0.9259881422924902,0.03710474308300395,0.03690711462450593,0.0,0.0,0.0,0.0,0.0
0.9259003112186929,0.037148643975695304,0.036951044805611816,0.0,0.0,0.0,0.0,0.0
0.9259606835918206,0.03709374691297046,0.03694556949520893,0.0,0.0,0.0,0.0,0.0
0.9258198340576848,0.03723824575266693,0.03694192018964836,0.0,0.0,0.0,0.0,0.0
0.9256826823366747,0.03733148980297269,0.03698582786035257,0.0,0.0,0.0,0.0,0.0
0.9255455712451861,0.03742470623086798,0.03702972252394589,0.0,0.0,0.0,0.0,0.0
0.9255529225908373,0.03747037914691943,0.036976698262243285,0.0,0.0,0.0,0.0,0.0
0.9255109092704117,0.037466679830190544,0.03702241089939777,0.0,0.0,0.0,0.0,0.0
0.9254195459032577,0.03751233958538993,0.03706811451135242,0.0,0.0,0.0,0.0,0.0
0.924933372816109,0.038002171552660155,0.037064455631230876,0.0,0.0,0.0,0.0,0.0
0.9238057639163048,0.03908409001184367,0.037110146071851556,0.0,0.0,0.0,0.0,0.0
0.922727721306622,0.04016579492746472,0.03710648376591335,0.0,0.0,0.0,0.0,0.0
0.920424272323631,0.042081894425259,0.03744449925999013,4.93339911198816e-05,0.0,0.0,0.0,0.0
0.9177845728940619,0.04364766226080095,0.03841980666798185,0.00014795817715525746,0.0,0.0,0.0,0.0
0.9146942800788954,0.04521696252465483,0.039891518737672584,0.0001972386587771203,0.0,0.0,0.0,0.0
0.9115559061329126,0.04688424373890751,0.04131335042397949,0.00024649970420035494,0.0,0.0,0.0,0.0
0.9088130914826499,0.048353706624605676,0.04253746056782334,0.00029574132492113565,0.0,0.0,0.0,0.0
0.9060498571287812,0.04975859690609912,0.0436988865898118,0.0004926593753079121,0.0,0.0,0.0,0.0
0.9032115062555414,0.05137424884247857,0.04487242636193479,0.0005418185400453158,0.0,0.0,0.0,0.0
0.9003348434114634,0.05298404569627733,0.04604096907622612,0.0006401418160330904,0.0,0.0,0.0,0.0
0.8971051595116187,0.05449980307207562,0.04770578968097676,0.0006892477353288697,0.0,0.0,0.0,0.0
0.8926603699330972,0.056621408894136166,0.049685163321526955,0.0010330578512396695,0.0,0.0,0.0,0.0
0.8892003540867512,0.058817743680535065,0.05085079177731878,0.001131110455394905,0.0,0.0,0.0,0.0
0.8858786508014554,0.060379585013275644,0.05256170714917888,0.0011800570360900777,0.0,0.0,0.0,0.0
0.8807114080770364,0.06249385870099244,0.05527169106809472,0.001523042153876388,0.0,0.0,0.0,0.0
0.8764916760791632,0.06467612827186564,0.05716250061385847,0.0016696950351127043,0.0,0.0,0.0,0.0
0.8727844061471989,0.06633279324397309,0.05916433446261109,0.0017184661462169195,0.0,0.0,0.0,0.0
0.8687478525499436,0.06827664065184312,0.06115937760761793,0.001816129190595396,0.0,0.0,0.0,0.0
0.8646022476321342,0.07047161014869706,0.0630612945968494,0.0018648476223192816,0.0,0.0,0.0,0.0
0.8613905107698346,0.07158628134046416,0.06510966095873608,0.0019135469309651146,0.0,0.0,0.0,0.0
0.8585164835164835,0.07240973312401884,0.0671605180533752,0.001913265306122449,0.0,0.0,0.0,0.0
0.8558814872952026,0.07308937506131659,0.06911606004120475,0.001913077602276072,0.0,0.0,0.0,0.0
0.8540317834020011,0.07342554443790465,0.07062978222483814,0.0019128899352560329,0.0,0.0,0.0,0.0
0.8526599656778622,0.07384162784996323,0.07148810983084089,0.00201029664133366,0.0,0.0,0.0,0.0
0.8517084170792686,0.07417030246580715,0.07206235599784303,0.0020589244570812294,0.0,0.0,0.0,0.0
0.8506028820703853,0.0748456033722184,0.0724928928536418,0.002058621703754534,0.0,0.0,0.0,0.0
0.8490640007840831,0.0758110359698128,0.07301773988042733,0.0021072233656767615,0.0,0.0,0.0,0.0
0.8478463272406527,0.07649336012152692,0.07355319253197433,0.0021071201058460334,0.0,0.0,0.0,0.0
0.8467907888290054,0.07716805487506125,0.0739343459088682,0.002106810387065164,0.0,0.0,0.0,0.0
0.8457845490618723,0.07764659775633174,0.07446235242247587,0.002106500759320041,0.0,0.0,0.0,0.0
0.8446316614420063,0.07822296238244514,0.07503918495297805,0.002106191222570533,0.0,0.0,0.0,0.0
0.8430306592222548,0.07909687530610246,0.07576648055637183,0.0021059849152708396,0.0,0.0,0.0,0.0
0.8417315508545126,0.07977082415160863,0.07639194946378727,0.002105675530091572,0.0,0.0,0.0,0.0
0.8400900900900901,0.08073834704269486,0.07706619663141402,0.0021053662358010185,0.0,0.0,0.0,0.0
0.838049544697934,0.08190541466758053,0.07793988054440419,0.002105160090081269,0.0,0.0,0.0,0.0
0.8362701908957415,0.08291727851199217,0.07865883504650024,0.00215369554576603,0.0,0.0,0.0,0.0
0.8344753328112764,0.08403484729835552,0.0793363351605325,0.002153484729835552,0.0,0.0,0.0,0.0
0.8323871978075756,0.08549476362924538,0.07996476460800626,0.0021532739551727515,0.0,0.0,0.0,0.0
0.8294520547945206,0.08732876712328767,0.08096868884540118,0.0022504892367906067,0.0,0.0,0.0,0.0
0.8266484054001174,0.08892584621404813,0.08212678536489924,0.0022989630209352377,0.0,0.0,0.0,0.0
0.8240414710485133,0.09022887323943662,0.0833822378716745,0.002347417840375587,0.0,0.0,0.0,0.0
0.8215507969101399,0.09157133079104332,0.08443336266744891,0.0024445096313679476,0.0,0.0,0.0,0.0
0.8183284457478006,0.09281524926686217,0.0863147605083089,0.002541544477028348,0.0,0.0,0.0,0.0
0.8157431838170625,0.093960715332747,0.08765757842274993,0.002638522427440633,0.0,0.0,0.0,0.0
0.8129763533320304,0.0954172366621067,0.08896814539769396,0.002638264608168849,0.0,0.0,0.0,0.0
0.8104913548891277,0.09680570479632705,0.08996776399335743,0.002735176321187848,0.0,0.0,0.0,0.0
0.8082218533346353,0.09779318425934967,0.09110438433746705,0.002880578068547993,0.0,0.0,0.0,0.0
0.8053006638032019,0.09913119875048809,0.0925907848496681,0.0029773525966419368,0.0,0.0,0.0,0.0
0.8027818448023426,0.10034163006344558,0.09389946315275745,0.002977061981454368,0.0,0.0,0.0,0.0
0.8004099160648058,0.10155182510247901,0.09506148740972087,0.0029767714229943392,0.0,0.0,0.0,0.0
0.7983312188933346,0.10237142578315604,0.09632087440226408,0.0029764809212452425,0.0,0.0,0.0,0.0
0.7957361693823788,0.10381500634208216,0.09742413894038443,0.0030246853351546493,0.0,0.0,0.0,0.0
0.7932514140823094,0.10478837526818803,0.09874195435927444,0.0032182562902282035,0.0,0.0,0.0,0.0
0.7914209115281501,0.10563002680965147,0.09963441384352913,0.0033146478186692665,0.0,0.0,0.0,0.0
0.7899303017010284,0.10625335087975825,0.10050202271287226,0.003314324706341083,0.0,0.0,0.0,0.0
0.7879245650796745,0.10735344281467765,0.10135958286633205,0.003362409239315823,0.0,0.0,0.0,0.0
0.7858221680876979,0.1082095006090134,0.102557856272838,0.00341047503045067,0.0,0.0,0.0,0.0
0.7845276952306718,0.1087348370438934,0.10327860866176256,0.0034101427388317823,4.8716324840454034e-05,0.0,0.0,0.0
0.7831466147101802,0.10930345835362884,0.10409157330735509,0.0034096444227959084,4.870920603994155e-05,0.0,0.0,0.0
0.7812941233750426,0.11013194410633428,0.10482496713569307,0.0034568382102341884,0.00019475144846389794,9.737572423194897e-05,0.0,0.0
0.7806005742930842,0.11033240862413005,0.10502749793157153,0.0034554922859784884,0.0004380201489268506,0.0001460067163089502,0.0,0.0
0.7798267808485793,0.11035422343324251,0.10563448812767613,0.0034546516154145583,0.0004865706500583885,0.00014597119501751654,9.731413001167769e-05,0.0
0.779863813229572,0.11035992217898832,0.1053988326848249,0.0035505836575875486,0.0005350194552529183,0.0001945525291828794,9.72762645914397e-05,0.0
0.7810843666423535,0.11033309020179917,0.10410892292730367,0.003598346705567712,0.0005835156819839533,0.00019450522732798443,9.725261366399222e-05,0.0
0.7819578108292019,0.10994459025955089,0.10338291046952464,0.003645377661125693,0.0007776805677068144,0.0001944201419267036,9.72100709633518e-05,0.0
0.7825115375273257,0.10993441826572747,0.1025018217148409,0.003692008744231236,0.0009715812484819043,0.0002914743745445713,9.715812484819043e-05,0.0
0.7835291832572594,0.11003204816936972,0.10109740701175099,0.0037389530931339226,0.0011653879770807032,0.0003399048266485384,9.711566475672526e-05,0.0
0.7839083806473528,0.11025379725336051,0.1000145581598486,0.0037365943611394185,0.0015043431843548309,0.00043674479545785413,0.00014558159848595138,0.0
0.7841548612458762,0.11051814477003687,0.09935959635163982,0.003735687948767708,0.0015524936929943722,0.0004851542790607413,0.00019406171162429653,0.0
0.7857869988850648,0.10853652624945465,0.09918076494255659,0.003878035774880023,0.0017451160986960105,0.0006786562606040041,0.00019390178874400117,0.0
0.7885071951160424,0.10538301274286545,0.0993265177576433,0.003924608750423954,0.0019380783952710886,0.0007267793982266582,0.00019380783952710888,0.0
0.7905366137156141,0.10252808988764045,0.0998643936458737,0.0039713289422704376,0.0021309569934134056,0.0007264626113909337,0.00024215420379697792,0.0
0.7935424532868622,0.10015490366928066,0.09884790395972505,0.0039694065253170685,0.0023719624358601995,0.0007261109497531223,0.00038725917320166524,0.0
0.7973966902158134,0.09914835962450401,0.09576115358559953,0.004016258588986741,0.002516210200329043,0.000774218523178167,0.0003871092615890835,0.0
0.8002997196171323,0.09842405491636856,0.09300976505849366,0.0043024267620612976,0.0027554868026684713,0.000773469979696413,0.00043507686357923233,0.0
0.8018749395960182,0.09819271286363197,0.09147579008408234,0.004397409877259109,0.002851067942398763,0.000773170967430173,0.0004349086691794723,0.0
0.8018548932470293,0.09772002705052651,0.09177857211863588,0.004492319582649019,0.0029465752101246255,0.0007728721862621969,0.00043474060477248575,0.0
0.8016516951608229,0.0977977397855694,0.0918574326282237,0.004539746933256061,0.0029460059886023374,0.0007727228822563509,0.00043465662126919734,0.0
0.8006373424750133,0.09816039785621168,0.09236637535609096,0.004538650958427888,0.0030901453333977112,0.0007725363333494278,0.00043455168750905314,0.0
0.7996620806179098,0.0985759111754767,0.09287955587738354,0.004586048756939416,0.003089548636253922,0.0007723871590634805,0.00043446777697320784,0.0
0.7983493411844201,0.09913605869009122,0.09353733288286115,0.00458516337661084,0.0031372170471547856,0.0007722380423765626,0.0004826487764853516,0.0
0.7964204737324522,0.0999083409715857,0.0945052824545323,0.0047759177963239904,0.0031357036036470643,0.0007718655024362004,0.0004824159390226253,0.0
0.7947035840046307,0.10095991510298587,0.09517148232116154,0.004775457045005065,0.0031354010901548405,0.0007717910375765762,0.00048236939848536007,0.0
0.7930269566475382,0.1017504942855765,0.09596373631672855,0.004870521290447027,0.0031344938997926414,0.000771567729179727,0.0004822298307373294,0.0
0.7917550626808101,0.10250723240115718,0.09643201542912247,0.0048698167791706845,0.0031822565091610415,0.0007714561234329798,0.00048216007714561236,0.0
0.7904936367142307,0.10277670651754724,0.09737755495564983,0.0049170844581565756,0.0031816428846895488,0.0007713073659853452,0.0004820671037408407,0.0
0.7890195700375976,0.10315241492335872,0.09847681480767377,0.004916610430926444,0.003181336161187699,0.0007712330087727754,0.00048202063048298466,0.0
0.788278953202564,0.10357125644609379,0.09875174707214805,0.004915899561424647,0.003229071280543641,0.0007711214998313172,0.00048195093739457324,0.0
0.7865953551122675,0.10431724005011082,0.0995952587453021,0.00496289871831936,0.00327647682374482,0.0007709357232340753,0.0004818348270212971,0.0
0.7853667935070565,0.1051009103607726,0.09989884880304417,0.005057559847791532,0.003323539328548721,0.0007706757863301382,0.0004816723664563364,0.0
0.7847546588337266,0.10521500457456541,0.10025521259690856,0.005104251938171137,0.0033225790918283817,0.000818606442914239,0.000529686521885684,0.0
0.7842155919153032,0.10514918190567854,0.1005293551491819,0.0052935514918190565,0.0034167468719923004,0.0008180943214629451,0.0005774783445620789,0.0
0.783679753656659,0.10498460354118552,0.10113548883756736,0.0052925327174749804,0.003464203233256351,0.0008660508083140878,0.0005773672055427252,0.0
0.7835497835497836,0.10485810485810486,0.10125060125060124,0.0053391053391053395,0.0035594035594035595,0.0008658008658008658,0.0005772005772005772,0.0
0.7842543163564661,0.10421776559419035,0.10113980666570481,0.005338335016592122,0.0036069831193190015,0.0008656759486365604,0.0005771172990910403,0.0
0.7847285666201856,0.10395730153387508,0.100831850747704,0.005337308265615233,0.0036543732269077272,0.0008655094484781459,0.0006250901572342164,0.0
0.7851100644044987,0.10372008074593868,0.1004998558108238,0.005431125636835528,0.0037008555224454483,0.0008651350571950399,0.0006728828222628088,0.0
0.7863564251718668,0.10336041536464594,0.0997548194798327,0.005240132685928561,0.0037498197202057593,0.0008653430123551752,0.0006730445651651363,0.0
0.7868505791320228,0.1026096986591051,0.09991829672706301,0.00528668236651127,0.0037487384053443555,0.0009131542269428558,0.0006728504830105253,0.0
0.7877186238708438,0.1018162598500865,0.0997020949452239,0.005237363059773208,0.0038919853930424755,0.0009609840476648087,0.0006726888333653661,0.0
0.7891956782713085,0.10069627851140456,0.09896758703481393,0.005330132052821128,0.004033613445378151,0.0011044417767106843,0.0006722689075630252,0.0
0.7903202573582369,0.09991837518605656,0.09847793729293705,0.00518557641523023,0.0042732990829212085,0.0011523503144956068,0.0006722043501224373,0.0
0.7901181215787957,0.10021127436857774,0.09833861519254777,0.004993757802746567,0.004417554979352732,0.0011524056467876692,0.0007202535292422932,4.801690194948622e-05
0.7908785405664907,0.09951992318771004,0.09817570811329812,0.004944791166586654,0.004560729716754681,0.0011521843494959193,0.0007201152184349496,4.800768122899664e-05
0.7922046752748044,0.09940959055344885,0.09691355061680987,0.004896078337253396,0.004608073729179667,0.001200019200307205,0.0007200115201843229,4.8000768012288194e-05
0.7934526952431239,0.09878558056928911,0.0963375414006624,0.00480007680122882,0.004656074497191955,0.001200019200307205,0.0007200115201843229,4.8000768012288194e-05
0.7943279427995585,0.0983252555304957,0.09578194731033159,0.004846681702576899,0.004750707807476366,0.001199673688756658,0.0007198042132539949,4.798694755026633e-05
0.7946257197696737,0.09793666026871402,0.09587332053742802,0.004750479846449137,0.004846449136276391,0.0011996161228406909,0.0007197696737044146,4.798464491362764e-05
0.7948189014152075,0.09815303430079156,0.09532261933317342,0.00474934036939314,0.004989206044615015,0.0011993283761093788,0.0007195970256656273,4.797313504437515e-05
0.7951067402254738,0.09791316862556967,0.09532261933317342,0.004701367234348765,0.00494123290957064,0.0012473015111537538,0.0007195970256656273,4.797313504437515e-05
0.7952310128100561,0.09825840809864222,0.09494794415391258,0.004605862879623854,0.004941707047929761,0.001247421196564794,0.0007196660749412273,4.797773832941515e-05
0.7950599520383693,0.09832134292565947,0.09491606714628298,0.0047002398081534775,0.004988009592326139,0.0012470023980815348,0.0007194244604316547,4.796163069544364e-05
0.795347721822542,0.09870503597122302,0.09429256594724221,0.004652278177458034,0.004988009592326139,0.0012470023980815348,0.0007194244604316547,4.796163069544364e-05
0.7946959524266257,0.09874352580088241,0.0949069633608287,0.004651831958565126,0.004987531172069825,0.0012468827930174563,0.0007193554575100709,4.79570305006714e-05
0.7937763713080169,0.0992999616417338,0.09522439585730726,0.0046988876102800154,0.004986574606827772,0.001246643651706943,0.0007192174913693901,4.794783275795934e-05
0.7938722669735327,0.09944380514000767,0.09498465669351745,0.004602991944764097,0.00508247027234369,0.001246643651706943,0.0007192174913693901,4.794783275795934e-05
0.7934125994822131,0.09953015629494678,0.09531115159650973,0.004554607344903634,0.005177869402627289,0.0012465241154473103,0.0007191485281426791,4.794323520951194e-05
0.7930505631440211,0.09968847352024922,0.09537502995446921,0.004648933620896238,0.005224059429666907,0.0012461059190031153,0.0007189072609633358,4.792715073088905e-05
0.7924573509679893,0.09981790300939238,0.09579260111175004,0.004648265286563159,0.0052712286754839945,0.0012459267778416716,0.000718803910293272,4.792026068621813e-05
0.7916147580258744,0.10028749401054145,0.09611883085769046,0.004599904168663153,0.005366554863440345,0.0012458073790129372,0.0007187350263536176,4.791566842357451e-05
0.7904013794424753,0.10063224446786091,0.09680045981415844,0.004693936200785516,0.005412395823354728,0.0012453300124533001,0.0007663569307404924,4.789730817128078e-05
0.7895518099980846,0.10060333269488604,0.09753878567324267,0.0047404711741045776,0.005506607929515419,0.0012449722275426163,0.0007661367554108408,4.788354721317755e-05
0.7887782458828035,0.10125430869398698,0.09756798161623899,0.004739563385675986,0.00560130218307162,0.00124473381846036,0.0007659900421294523,4.787437763309077e-05
0.7883805513016845,0.10150267993874426,0.09753062787136293,0.004833460949464012,0.005647013782542113,0.0012921133231240428,0.0007656967840735069,4.785604900459418e-05
0.7877541258072231,0.10150681655106433,0.09791915809614925,0.00492705094475006,0.005740253527864147,0.0013393924898349677,0.0007653671370485529,4.783544606553456e-05
0.788174512055109,0.10093761959433602,0.0982108687332568,0.004927286643704554,0.005597014925373134,0.0013394565633371603,0.0007654037504783774,4.7837734404898585e-05
0.7877020177871282,0.1010328009945491,0.09835516878645884,0.0050683752510280195,0.005689968442191834,0.0013388161040451371,0.0007650377737400784,4.78148608587549e-05
0.7871313160284908,0.10105645585353028,0.09885749796835412,0.005114967254648884,0.0056886084420861415,0.0013384961040202687,0.0007648549165830107,4.780343228643817e-05
0.7874994026855259,0.1006355426004683,0.09867635112534047,0.005160797056434271,0.005782004109523582,0.0014335547378984087,0.0007645625268791513,4.7785157929946956e-05
0.7873082620538061,0.10097003870597793,0.09858078080948057,0.0051130118985043245,0.005782004109523582,0.0014335547378984087,0.0007645625268791513,4.7785157929946956e-05
0.7866354604508979,0.10126098586167367,0.09872946121513183,0.005206343141001146,0.005827283148643485,0.0014807030951471151,0.0008119984715322889,4.776461597248758e-05
0.7871232745856618,0.10063523905048478,0.09886803266943688,0.005158332139274968,0.005874767158618713,0.0014806323733104075,0.0008119596885895783,4.7762334622916366e-05
0.7874910479828121,0.1005968011458582,0.09840057292910002,0.005251850083552161,0.005920267366913344,0.001480066841728336,0.0008116495583671521,4.7744091668656006e-05
0.7875620465826652,0.10080183276059565,0.0979381443298969,0.005297823596792669,0.006013745704467354,0.0015273004963726614,0.0008113783886979763,4.772814051164567e-05
0.7886900501073729,0.1003579098067287,0.09725602481507993,0.005297065139584825,0.006012884753042233,0.001527081842042472,0.0008112622285850632,4.772130756382725e-05
0.7892802596410844,0.09999045437189767,0.09712676594119893,0.005154639175257732,0.006013745704467354,0.0015273004963726614,0.000859106529209622,4.772814051164567e-05
0.7892451569806279,0.10020040080160321,0.09686038744154976,0.00524859242294112,0.006012024048096192,0.0015268632503101442,0.0008588605782994561,4.7714476572192006e-05
0.7896770500405477,0.09950865811191147,0.09707580021943424,0.0053427467442637025,0.005962886991365739,0.0015264990697896293,0.0008586557267566665,4.7703095930925916e-05
0.7902194656488549,0.09918893129770992,0.09694656488549619,0.005200381679389313,0.006059160305343512,0.0015267175572519084,0.0008110687022900763,4.770992366412214e-05
0.7909550615399294,0.09889323537830359,0.09650796679706135,0.005152180135483256,0.006153992939604999,0.0014788665203701937,0.0008109913176223642,4.7705371624844956e-05
0.7911479944674965,0.0987265703247961,0.09638956455382268,0.005198645490532742,0.006200219392378499,0.0014785138551056422,0.0008107979205418037,4.769399532598846e-05
0.7900634148667334,0.09955657273637535,0.09645734992609546,0.005197158251084728,0.0063414866733419156,0.0015257712296762504,0.000810565965765508,4.7680350927382826e-05
0.790720961281709,0.09951363723059317,0.09593744039671943,0.005149723440778181,0.006294106427617776,0.0015258439824527943,0.0008106046156780469,4.768262445164982e-05
0.7916169948977159,0.09908921844451862,0.09560822087644844,0.005102284106623433,0.006294406561441992,0.0015259167421677554,0.0007152734728911354,4.7684898192742357e-05
0.7916468008009917,0.09926575760465338,0.09540383331744064,0.005101554305330409,0.0062935062458281685,0.0015256984838371316,0.0007151711642986554,4.7678077619910363e-05
0.7909337909337909,0.09952809952809953,0.09581009581009581,0.005195671862338529,0.006244339577672911,0.001525334858668192,0.000715000715000715,4.7666714333381e-05
0.7915356019445239,0.09937088933371462,0.09531979792202841,0.005194928986750548,0.0062911066628538745,0.0015251167667524545,0.0007148984844152131,4.76598989610142e-05
0.7917758612474389,0.09944251203125745,0.09491590031924525,0.005241339877066755,0.006337256396817077,0.0015247534187830562,0.0007147281650545576,4.7648544336970506e-05
0.7910056690962793,0.09942356247915773,0.09566004478109666,0.005287980563098471,0.006288409318279262,0.001524462865037397,0.0007622314325186985,4.763946453241866e-05
0.7906921354737293,0.099938074596294,0.09546039155909113,0.00528747677797361,0.006335445148382794,0.0014766827037583957,0.000762158814843043,4.7634925927690184e-05
0.7900352481661427,0.09983804896637134,0.0963132323521006,0.005334857578355721,0.006144612746499,0.001476612365437744,0.000809755168143279,4.763265694960465e-05
0.7898723323170732,0.09994283536585366,0.09656059451219512,0.005335365853658537,0.006002286585365854,0.0014291158536585366,0.0008098323170731707,4.763719512195122e-05
0.7885009288810556,0.10065259848520935,0.09722288381841566,0.00528747677797361,0.005954365740961273,0.001524317629686086,0.0008097937407707331,4.7634925927690184e-05
0.7888518342067651,0.10023820867079562,0.09747498808956646,0.005240590757503573,0.005907575035731301,0.0014292520247737017,0.0008099094807050976,4.7641734159123394e-05
0.7890323502787174,0.10062413645242746,0.09709848015627233,0.005288484444232694,0.005621992472247368,0.0014293201200628902,0.0008575920720377341,4.7644004002096336e-05
0.7889672256097561,0.10089557926829268,0.09689405487804878,0.005335365853658537,0.005621189024390244,0.0014291158536585366,0.0008098323170731707,4.763719512195122e-05
0.7894260538223387,0.10045248868778281,0.09688020957370802,0.005382233865206002,0.0057156465825196475,0.0013812812574422481,0.0007144558228149559,4.763038818766373e-05
0.789521314598714,0.10021433674684449,0.09702310073827101,0.005286973088830674,0.005858537747082638,0.0013336508692545844,0.0007144558228149559,4.763038818766373e-05
0.7895965321773925,0.10041442385557091,0.09693707426284952,0.00528747677797361,0.005763826037250512,0.0011908731481922545,0.0007145238889153528,9.526985185538037e-05
0.789614101953311,0.10066698427822773,0.09685564554549786,0.005240590757503573,0.00562172463077656,0.0011910433539780848,0.0007146260123868509,9.528346831824679e-05
0.789034962370201,0.1014575593026579,0.09655139563684863,0.005191959607506907,0.005763551490902162,0.001238449080689721,0.0006668571972944651,9.52653138992093e-05
0.7897970848813947,0.10126702867485948,0.09602743641040297,0.005096694293607698,0.005763551490902162,0.0012860817376393256,0.0006668571972944651,9.52653138992093e-05
0.7906322961833516,0.10087196836136655,0.09586887120598465,0.004955448611044933,0.0057178253204364605,0.0011912136084242626,0.000667079620717587,9.529708867394101e-05
0.790795178426795,0.10076706846443376,0.09581209204821574,0.004954976416218019,0.005717280480251561,0.0011911001000524085,0.0006670160560293487,9.528800800419267e-05
0.7904639420786892,0.10088596741926265,0.09597980375345337,0.005049061636658093,0.005715918833952558,0.0011431837667905116,0.0006668571972944651,9.52653138992093e-05
0.7902657395942471,0.10124773787979807,0.09577102581198209,0.005095723402228784,0.005667206400609582,0.0011429659967615963,0.0007143537479759977,9.524716639679969e-05
0.7906467282598343,0.10134298504619488,0.09534241356319649,0.005048099819030384,0.005667206400609582,0.0011429659967615963,0.0007143537479759977,9.524716639679969e-05
0.790303376672858,0.10163356670000476,0.09548983188074486,0.005000714387769682,0.005667476306138972,0.0010953945801781208,0.000714387769681383,9.52517026241844e-05
0.7904562339270407,0.10158110296218688,0.0954376607295933,0.004952852652633584,0.0057148299838079815,0.0010477188303647967,0.0007143537479759977,9.524716639679969e-05
0.7899823834690283,0.10193781840689425,0.09546255296862353,0.0049992858163119555,0.0057610817502261585,0.0010474694091320287,0.0007141836880445651,9.522449173927534e-05
0.7895162826128357,0.10255189487716626,0.09541039801942487,0.005046657779470577,0.005665587507141497,0.0009998095600837935,0.0007141496857741383,9.521995810321844e-05
0.7896014855020711,0.10217587963624244,0.09574822644384136,0.0049992858163119555,0.005665857258486883,0.000999857163262391,0.0007141836880445651,9.522449173927534e-05
0.7894486239405771,0.10203790115227121,0.09608608703932958,0.004904294829063898,0.005666127035520427,0.000999904770974193,0.0007618322064565279,9.522902580706599e-05
0.7891655162564859,0.10244204312848099,0.09587280430332747,0.0049507307088113486,0.005712381587090018,0.000999666777740753,0.000761650878278669,9.520635978483362e-05
0.7888523965919368,0.10214669903374744,0.09653005854633728,0.004950259412632681,0.005664239135608548,0.0009995716121662145,0.0007615783711742586,9.519729639678232e-05
0.7890528319847692,0.10195145168967158,0.09652546406473109,0.004950023798191337,0.005616373155640171,0.000999524036173251,0.000809138505473584,9.519276534983341e-05
0.7887397677517609,0.10227489053873977,0.0965638682657529,0.004949552636588616,0.005568246716162193,0.0009994288977727014,0.0008090614886731392,9.518370454978108e-05
0.7881412391738841,0.10259826782145237,0.09679261444751118,0.004901494241933949,0.005615304082992291,0.0010469211002189017,0.0008089844865327877,9.51746454744456e-05
0.7879407985532766,0.10250797125588922,0.09717793746728216,0.0048541379146242805,0.0055679817255984395,0.0010469709227620997,0.0008090229857707134,9.517917479655451e-05
0.7872978116079924,0.1027592768791627,0.09752616555661275,0.0049952426260704095,0.005470980019029496,0.0010466222645099904,0.0008087535680304472,9.514747859181732e-05
0.7871753401198744,0.10298734658928742,0.09746931785748264,0.004994767386547427,0.005518028731804776,0.0009989534773094852,0.0007611074112834174,9.513842641042717e-05
0.7873727281377867,0.10333999429060806,0.09705966314587497,0.004852983157293748,0.005566657151013417,0.0009991435912075363,0.0007136739937196689,9.515653249595585e-05
0.7864719592826904,0.10421918850782476,0.09703657898492128,0.004899395899728869,0.0055177662560053275,0.0010464729106217001,0.0007135042572420683,9.51339009656091e-05
0.7862000095106757,0.10414189928194398,0.09729421275381615,0.00494555138142565,0.005516191925436302,0.0010461743306861952,0.0007608540586808692,9.510675733510865e-05
0.7853644619846892,0.1040844467690552,0.0980932908563549,0.004849983357900243,0.005658313917550283,0.0010460748419000522,0.0008083305596500404,9.509771290000475e-05
0.7843323667823359,0.10438750772448543,0.09868327232970481,0.004896135380520036,0.005704235394780624,0.0010933117839996198,0.0008081000142605884,9.50705899130104e-05
0.7825136612021858,0.10548823948681398,0.09926348301259207,0.005036825849370397,0.005749584224281302,0.001092896174863388,0.0007602755999049656,9.50344499881207e-05
0.7824703087885986,0.10517814726840855,0.09957244655581948,0.005130641330166271,0.005748218527315914,0.0010451306413301663,0.0007600950118764845,9.501187648456056e-05
0.7827140549273021,0.10510310747885585,0.09968640121638316,0.005131616459184643,0.005606766131331369,0.0009502993442934524,0.0007127245082200894,9.502993442934525e-05
0.7823856348867038,0.10526815828226688,0.09975773122416988,0.005177901287349769,0.0056529381027029596,0.0009500736307063798,0.0007125552230297848,9.500736307063797e-05
0.7825239950584434,0.10557825715100257,0.09954385631473914,0.0050841014919699706,0.005559251164116697,0.0009027843770787798,0.0007127245082200894,9.502993442934525e-05
0.7826293533520217,0.10581080439017437,0.09925405045849765,0.005083859932531952,0.005511474319380434,0.0009027414833467953,0.0007126906447474699,9.502541929966266e-05
0.7829144296099206,0.10566826626122487,0.09920653774884781,0.005083859932531952,0.005463961609730603,0.0008552287736969639,0.0007126906447474699,9.502541929966266e-05
0.7829659889796694,0.1055956678700361,0.09923047691430743,0.005225156754702641,0.005320159604788144,0.000855025650769523,0.0007125213756412692,9.500285008550257e-05
0.7823319876513892,0.10572310615055806,0.09969128473046782,0.005224412253621468,0.005366896224174781,0.0008549038233198765,0.0007124198527665638,9.49893137022085e-05
0.7820098784194529,0.10595554711246201,0.0998290273556231,0.005224164133738602,0.005319148936170213,0.0008548632218844985,0.0007123860182370821,9.498480243161094e-05
0.7820823244552058,0.10568295114656032,0.09989080377913877,0.005317381189764041,0.0052699045719982905,0.000902055737549257,0.0007596258842520059,9.495323553150074e-05
0.7822515550068848,0.10578794929015717,0.0997578462561132,0.0052704050140069325,0.005175442761502303,0.0009021413987939794,0.0007596980200370352,9.49622525046294e-05
0.7810586280560171,0.10681224780441491,0.09988131972466176,0.005316876335153098,0.005269404225017802,0.0009019700925706148,0.0007120816520294327,4.747211013529551e-05
0.7813597948912734,0.10677998290760611,0.09975310986610958,0.005222675909220397,0.0052701547811224,0.0008546196942360649,0.0007121830785300541,4.747887190200361e-05
0.7814755032282568,0.1065799468287125,0.09983858716293202,0.005222180022787694,0.005269654386631219,0.000854538549183441,0.0007121154576528675,4.7474363843524496e-05
0.782045195594379,0.10624762628180782,0.09969616407140144,0.005222180022787694,0.00517470565894417,0.000854538549183441,0.0007121154576528675,4.7474363843524496e-05
0.7825467666888235,0.10621023644478207,0.09937327889089355,0.0051751970373183935,0.005080239293514386,0.0008546196942360649,0.0007121830785300541,4.747887190200361e-05
0.7832423451222407,0.10595774982197959,0.09888440541182056,0.005174460004747211,0.005126987894611915,0.0008544979824353193,0.0007120816520294327,4.747211013529551e-05
0.7825014234200038,0.1065192636173847,0.09883279559688746,0.0053615486809641295,0.005171759347124692,0.000854052002277472,0.0007117100018978934,4.744733345985955e-05
0.7823322895910428,0.10665148496062245,0.09891830344434956,0.005361039946864029,0.00517126862131132,0.0008065281335990132,0.0007116424708226587,4.744283138817725e-05
0.7823322895910428,0.10684125628617516,0.09877597495018503,0.005266154284087675,0.005218711452699497,0.0008065281335990132,0.0007116424708226587,4.744283138817725e-05
0.781901010772078,0.10677169838181559,0.09951122289185213,0.005172495610496844,0.005077587434157453,0.000806719498884829,0.0007118113225454373,4.745408816969582e-05
0.7816042882216213,0.10692092405483611,0.09942602343342347,0.0052179687870594375,0.0052179687870594375,0.0008064133580000949,0.0007589772781177364,4.7436079882358525e-05
0.7814352796091638,0.10681591803822986,0.09974861262628658,0.005264905373998008,0.005122610634160224,0.000806336859080776,0.000758905279134848,4.7431579945928e-05
0.7807075784880964,0.10722754434221758,0.10001896993265674,0.005264156312245092,0.005169306648961396,0.0008062221379114104,0.0007587973062695627,4.742483164184767e-05
0.780221864037167,0.10770835308618565,0.0999336304162321,0.005404380392528681,0.005119939319237698,0.0008059163743244525,0.0007585095287759553,4.7406845548497206e-05
0.7806277261520956,0.10800303432581074,0.09942158164232885,0.005404892850369808,0.00497819078323535,0.0007585814526834819,0.0007585814526834819,4.741134079271762e-05
0.7803479167654169,0.10830923828032421,0.09930321846708062,0.005403611887946153,0.005071811157984547,0.0007584016684836707,0.0007584016684836707,4.740010428022942e-05
0.7800416982562547,0.10869977255496588,0.09912812736921911,0.005496588324488249,0.0050701288855193325,0.000758150113722517,0.000758150113722517,4.7384382107657316e-05
0.780352573215809,0.10866268600132689,0.09899535589043693,0.005402331532556156,0.005023220547815373,0.0007582219694815658,0.0007582219694815658,4.738887309259786e-05
0.7806680881307747,0.10831556503198295,0.09898128405591092,0.0053541814735844585,0.005069888651978204,0.0007581141909500118,0.0008054963278843876,4.738213693437574e-05
0.7809420015163002,0.10798900682335102,0.09912812736921911,0.00530705079605762,0.005022744503411675,0.0007107657316148598,0.0008529188779378317,4.7384382107657316e-05
0.7807362486378926,0.10778414743923817,0.09944568152745535,0.005258918842090302,0.005164163547638224,0.0007106647083905813,0.0008527976500686976,4.737764722603875e-05
0.7802936996684036,0.10791094268119375,0.09976314542870678,0.005258171482709616,0.005163429654192326,0.0007105637138796779,0.0008526764566556134,4.737091425864519e-05
0.7796722553755802,0.10836411859429762,0.09988633134413186,0.005304537273846737,0.005162451454011556,0.0007577910391209624,0.0008051529790660225,4.736193994506015e-05
0.7793038124556003,0.10869050438077196,0.09997632015155103,0.005304286052569263,0.005114847264977504,0.0007577551503670377,0.0008051148472649775,4.735969689793985e-05
0.7797774094245797,0.10864314468387402,0.09959744257636752,0.005256926355671323,0.005114847264977504,0.0007103954534690978,0.0008524745441629174,4.735969689793985e-05
0.7796722553755802,0.10860092829402292,0.09988633134413186,0.0052571753339016765,0.005020365634176376,0.0006630671592308421,0.0008525149190110827,4.736193994506015e-05
0.7788880469785945,0.10896950179958326,0.10030308770600492,0.005256677401022921,0.005019890130706573,0.0006630043568857738,0.0008524341731388521,4.7357454063269556e-05
0.7784405624201107,0.10898073190361218,0.10060124035411637,0.005349618898830659,0.0050655683378308,0.0006627846423330019,0.0008521516829995739,4.7341760166643e-05
0.7789613217819439,0.10874402310277896,0.10036453155328315,0.005302277138664015,0.0050655683378308,0.0006627846423330019,0.0008521516829995739,4.7341760166643e-05
0.7796554009277668,0.10849190570860551,0.09987692890277383,0.005301524188204109,0.00515951907602007,0.0006626905235255136,0.0008046956357095522,4.733503739467954e-05
0.779581597879591,0.10857629685725104,0.09986747444149943,0.005301022340022719,0.0051117001135933355,0.0006626277925028399,0.0008519500189322226,4.73305566073457e-05
0.7799753950979464,0.10845083751301221,0.09950790195892874,0.005394151604050345,0.005110248888047696,0.0006624396706728494,0.0008517081480079493,4.731711933377496e-05
0.7786765053687148,0.10907714866846412,0.10004257130693912,0.0054869684499314125,0.005155858284849345,0.0006622203301641361,0.0008514261387824606,4.7301452154581144e-05
0.7789339261221208,0.10968169133992338,0.09922905926311308,0.0055337463936054486,0.005108073594097338,0.0006621576881237289,0.0008040486212930993,4.7296977723123494e-05
0.7782507922993236,0.11068539804171988,0.0990965422638475,0.005534269902085994,0.004919351024076439,0.0006622203301641361,0.0008041246866278795,4.7301452154581144e-05
0.7779826925805079,0.11084314559984867,0.09911571381283397,0.005627275736511089,0.004917955265522296,0.0006620324395895399,0.0008038965337872984,4.728803139925285e-05
0.7777567618687347,0.11083790429355021,0.09944202761490448,0.005674295441649328,0.004775865330054851,0.0006620011348590884,0.0008038585209003215,4.728579534707774e-05
0.777903897086644,0.11085887249337874,0.09941354521377223,0.005533484676503973,0.004776768823306848,0.0006621263715474839,0.0008040105940219448,4.729474082482028e-05
0.7776674233825198,0.11142640938327658,0.09917707150964812,0.005533484676503973,0.004729474082482028,0.0006621263715474839,0.0007567158531971245,4.729474082482028e-05
0.7777620128641695,0.11133181990162694,0.09927166099129776,0.005533484676503973,0.004682179341657208,0.0006621263715474839,0.0007094211123723042,4.729474082482028e-05
0.7779511918274687,0.11109534619750283,0.0993662504729474,0.005486189935679153,0.004682179341657208,0.0006621263715474839,0.0007094211123723042,4.729474082482028e-05
0.7785241248817408,0.11121097445600757,0.0989593188268685,0.005487228003784295,0.004446546830652791,0.0006149479659413434,0.0007095553453169347,4.730368968779565e-05
