,bt_pt-O,bt_pt-A,bt_pt-B,bt_pt-AB
0,1.0,0.0,0.0,0.0
1,1.0,0.0,0.0,0.0
2,1.0,0.0,0.0,0.0
3,1.0,0.0,0.0,0.0
4,1.0,0.0,0.0,0.0
5,1.0,0.0,0.0,0.0
6,1.0,0.0,0.0,0.0
7,1.0,0.0,0.0,0.0
8,1.0,0.0,0.0,0.0
9,1.0,0.0,0.0,0.0
10,1.0,0.0,0.0,0.0
11,1.0,0.0,0.0,0.0
12,1.0,0.0,0.0,0.0
13,1.0,0.0,0.0,0.0
14,1.0,0.0,0.0,0.0
15,1.0,0.0,0.0,0.0
16,1.0,0.0,0.0,0.0
17,1.0,0.0,0.0,0.0
18,1.0,0.0,0.0,0.0
19,1.0,0.0,0.0,0.0
20,1.0,0.0,0.0,0.0
21,1.0,0.0,0.0,0.0
22,1.0,0.0,0.0,0.0
23,1.0,0.0,0.0,0.0
24,1.0,0.0,0.0,0.0
25,1.0,0.0,0.0,0.0
26,1.0,0.0,0.0,0.0
27,1.0,0.0,0.0,0.0
28,1.0,0.0,0.0,0.0
29,1.0,0.0,0.0,0.0
30,1.0,0.0,0.0,0.0
31,1.0,0.0,0.0,0.0
32,1.0,0.0,0.0,0.0
33,1.0,0.0,0.0,0.0
34,1.0,0.0,0.0,0.0
35,1.0,0.0,0.0,0.0
36,1.0,0.0,0.0,0.0
37,1.0,0.0,0.0,0.0
38,1.0,0.0,0.0,0.0
39,1.0,0.0,0.0,0.0
40,1.0,0.0,0.0,0.0
41,1.0,0.0,0.0,0.0
42,1.0,0.0,0.0,0.0
43,1.0,0.0,0.0,0.0
44,1.0,0.0,0.0,0.0
45,1.0,0.0,0.0,0.0
46,1.0,0.0,0.0,0.0
47,1.0,0.0,0.0,0.0
48,1.0,0.0,0.0,0.0
49,1.0,0.0,0.0,0.0
50,1.0,0.0,0.0,0.0
51,1.0,0.0,0.0,0.0
52,1.0,0.0,0.0,0.0
53,1.0,0.0,0.0,0.0
54,1.0,0.0,0.0,0.0
55,1.0,0.0,0.0,0.0
56,1.0,0.0,0.0,0.0
57,1.0,0.0,0.0,0.0
58,1.0,0.0,0.0,0.0
59,1.0,0.0,0.0,0.0
60,1.0,0.0,0.0,0.0
61,1.0,0.0,0.0,0.0
62,1.0,0.0,0.0,0.0
63,1.0,0.0,0.0,0.0
64,1.0,0.0,0.0,0.0
65,1.0,0.0,0.0,0.0
66,1.0,0.0,0.0,0.0
67,1.0,0.0,0.0,0.0
68,1.0,0.0,0.0,0.0
69,1.0,0.0,0.0,0.0
70,1.0,0.0,0.0,0.0
71,1.0,0.0,0.0,0.0
72,1.0,0.0,0.0,0.0
73,1.0,0.0,0.0,0.0
74,1.0,0.0,0.0,0.0
75,1.0,0.0,0.0,0.0
76,1.0,0.0,0.0,0.0
77,1.0,0.0,0.0,0.0
78,1.0,0.0,0.0,0.0
79,1.0,0.0,0.0,0.0
80,1.0,0.0,0.0,0.0
81,1.0,0.0,0.0,0.0
82,1.0,0.0,0.0,0.0
83,1.0,0.0,0.0,0.0
84,1.0,0.0,0.0,0.0
85,1.0,0.0,0.0,0.0
86,1.0,0.0,0.0,0.0
87,1.0,0.0,0.0,0.0
88,1.0,0.0,0.0,0.0
89,1.0,0.0,0.0,0.0
90,1.0,0.0,0.0,0.0
91,1.0,0.0,0.0,0.0
92,1.0,0.0,0.0,0.0
93,1.0,0.0,0.0,0.0
94,1.0,0.0,0.0,0.0
95,1.0,0.0,0.0,0.0
96,1.0,0.0,0.0,0.0
97,1.0,0.0,0.0,0.0
98,1.0,0.0,0.0,0.0
99,1.0,0.0,0.0,0.0
100,0.9867346433697965,0.013265356630203435,0.0,0.0
101,0.9735214055926751,0.026478594407324918,0.0,0.0
102,0.9602612955906369,0.03973870440936309,0.0,0.0
103,0.9470038101835816,0.03973477163639962,0.013261418180018804,0.0
104,0.9337489485923507,0.03973083964177923,0.02652021176587007,0.0
105,0.9205461831494582,0.03967743531390689,0.03977638153663484,0.0
106,0.9205540440267128,0.03967350976997279,0.03977244620331437,0.0
107,0.9205619033486669,0.039669585002720484,0.03976851164861255,0.0
108,0.920668677976161,0.039665661011919484,0.039665661011919484,0.0
109,0.9207259779437219,0.0396617377973394,0.03961228425893873,0.0
110,0.9208327152252386,0.03960836671117045,0.03955891806359096,0.0
111,0.920840543881335,0.039604449938195306,0.03955500618046971,0.0
112,0.9207989321204331,0.03964997280862214,0.03955109507094478,0.0
113,0.9208067625685896,0.039646052696623656,0.03954718473478669,0.0
114,0.9206663041866443,0.03964213335969552,0.03969156245366023,0.0
115,0.9206780666205396,0.03963625580705743,0.039685677572402885,0.0
116,0.920587072543981,0.03973117216841273,0.039681755287606243,0.0
117,0.9205949204466845,0.039727245775274235,0.03967783377804131,0.0
118,0.92050395256917,0.03982213438735178,0.03967391304347826,0.0
119,0.9204624049007015,0.039867602015611105,0.039669993083687384,0.0
120,0.9197332674734502,0.04055322301802914,0.03971350950852062,0.0
121,0.9182594952338619,0.04203091816071517,0.03970958660542302,0.0
122,0.9167860141241543,0.04345893624376512,0.0397550496320806,0.0
123,0.9147202607278653,0.044985432818132436,0.04029430645400227,0.0
124,0.9121204640829425,0.04685262898049864,0.04097753641076277,4.937052579609973e-05
125,0.9087499383112077,0.04880817253121453,0.04224448502196121,0.00019740413561664116
126,0.9051847466824527,0.05012086231562331,0.044349070100143065,0.0003453209017808692
127,0.9020468557336622,0.051985203452527745,0.04557336621454994,0.00039457459926017265
128,0.898259111308379,0.053854120432016574,0.04749223257878384,0.0003945356808206342
129,0.8954090438384535,0.055476108289363384,0.04872035110212535,0.00039449677005769517
130,0.892580724673404,0.05723440966231205,0.04969189055952675,0.0004929751047572097
131,0.8888505690496132,0.05941764792826526,0.0509927575503769,0.0007390254717445928
132,0.8851401270748165,0.0616657636802443,0.052356794562379946,0.0008373146825592277
133,0.8808761998523259,0.0639428993354664,0.0540979571745016,0.0010829436377061284
134,0.8768019680196802,0.06592865928659286,0.055990159901599015,0.0012792127921279213
135,0.8716764142133976,0.06831473927360299,0.05823954391310758,0.001769302599891876
136,0.8669974942268953,0.07094777182724905,0.06018768731882278,0.0018670466270328699
137,0.8619910613427632,0.07391581945876921,0.06207946564510584,0.0020136535533618193
138,0.8580686337080858,0.07565418037213413,0.06411704060091315,0.0021601453188669056
139,0.8532600696658981,0.0779080606387676,0.06637884511602807,0.0024530245793062846
140,0.8498504388760849,0.07934095032609229,0.068160643358015,0.002647967439807777
141,0.8469042600127458,0.08039609784793372,0.06995440952987891,0.0027452326094416393
142,0.8451698279664756,0.08067441062588834,0.07136205459981375,0.0027937068078223793
143,0.8437147757902475,0.08081352609654496,0.07267826513109532,0.0027934329821122273
144,0.8430930563042094,0.08100161709217425,0.07311216739354143,0.0027931592100749743
145,0.8422754667058651,0.08133666519672693,0.07359498260571316,0.0027928854916948404
146,0.8413188320595728,0.08191260043111895,0.07397609249461101,0.002792475014697237
147,0.8404526305476634,0.08249240717154893,0.07426276085039679,0.002792201430390908
148,0.8394396551724138,0.08331700626959247,0.07445141065830721,0.00279192789968652
149,0.83810783017482,0.08432495960041134,0.07472699671906372,0.002840213505704912
150,0.8371443960240905,0.08505116780100867,0.07496450080791264,0.0028399353669881994
151,0.8358625416095555,0.08581358919130605,0.07543567652242021,0.00288819267671823
152,0.8343122858541361,0.08658835046500245,0.0762114537444934,0.002887909936368086
153,0.8328440007829321,0.08763945977686435,0.07653161088275592,0.0029849285574476414
154,0.8313029013161114,0.08845833944909243,0.07725426879984344,0.0029844904349527863
155,0.8293386812756799,0.08941498728233223,0.07821365681862649,0.0030326746233613772
156,0.8270650951239791,0.09086907614809019,0.07903359906098695,0.0030322296669438057
157,0.8241736749462155,0.09265597496577352,0.08008996675141795,0.003080383336592998
158,0.8214163530619227,0.09442353746151215,0.08093446068129613,0.0032256487952690483
159,0.8181640529581318,0.0961942449557868,0.08227075089159216,0.0033709511944892277
160,0.8153485418396756,0.09784573298812956,0.0834351033168873,0.0033706218553075083
161,0.8130891330891331,0.09934065934065935,0.08415140415140415,0.003418803418803419
162,0.8093611206012983,0.10098101420274294,0.08594855776270194,0.0037093074332568694
163,0.8066656907236618,0.10237642121700093,0.08720050749036257,0.003757380568974772
164,0.803405044148495,0.10415142202058637,0.0885896873018196,0.0038538465290989805
165,0.8012779864396858,0.10540949221989171,0.08945905077801083,0.00385347056241159
166,0.7987028819427513,0.106548983274004,0.0907982640074121,0.003949870775832642
167,0.7968209078940953,0.1079038470915208,0.09132575942269247,0.003949485591691453
168,0.7946868145259566,0.10943212283694857,0.09183524250548379,0.004045820131611017
169,0.792273590880304,0.11053734106299021,0.09290203147074584,0.004287036585959955
170,0.7894121657819121,0.11225831588175132,0.09394633029756977,0.0043831880387668635
171,0.7869626600457621,0.11343167323888807,0.09507813641010662,0.004527530305243172
172,0.785787296179119,0.11399367242638112,0.09564370893161353,0.004575322462886347
173,0.7840007785509221,0.11469028271130359,0.09663763320519683,0.0046713055325774905
174,0.7829725127706154,0.11544636341522743,0.09686207735344199,0.004719046460715155
175,0.781430864257575,0.11638538981567044,0.09736880501921112,0.004814940907543408
176,0.7797442504983711,0.11771284095881752,0.09763212913891185,0.004910779403899451
177,0.7787769784172662,0.11802449931946335,0.09824032665759284,0.00495819560567762
178,0.7782853810264385,0.1181959564541213,0.09851283048211508,0.005005832037325039
179,0.7779073723088885,0.11862759391553676,0.09845944501142052,0.005005588764154152
180,0.7784148889644783,0.11866465814665436,0.09791535060012634,0.0050051022887409495
181,0.7797697128698441,0.11747558664917651,0.09770198707671379,0.005052713404265656
182,0.7808219178082192,0.116146895948703,0.09797920917128146,0.005051977071796367
183,0.7841356195657454,0.11444115218341672,0.09637149657550882,0.0050517316753290915
184,0.7865779633856165,0.11358228524255815,0.09469237119409508,0.005147380177730297
185,0.7898621091474073,0.1130316566323558,0.09195960380656439,0.005146630413672558
186,0.7931369218075037,0.1117313012668058,0.08988982187060136,0.005241955055089065
187,0.7945943322981367,0.11146156832298136,0.08865489130434782,0.005289208074534161
188,0.7952759724512561,0.11126200407411001,0.08798137549713843,0.005480647977495393
189,0.7955195655336275,0.11118653930078068,0.08771759685787713,0.005576298307714687
190,0.7977119588928208,0.10897280527412866,0.08764360851228853,0.005671627320762034
191,0.7996995250557333,0.10652321411262965,0.08805854415043132,0.005718716681205777
192,0.8012792557057712,0.10432717933808208,0.08867567960459369,0.005717885351553036
193,0.8028578348268346,0.1033664325502543,0.08791474933397918,0.0058609832889319445
194,0.8032540797055833,0.10430487627717785,0.08648491598469808,0.005956128032540797
195,0.8029723580384374,0.10563005276661665,0.08534637168998402,0.006051217504961999
196,0.8003678071915985,0.1071480423946184,0.08633789865943958,0.006146251754343512
197,0.798519378719698,0.10794987177626167,0.08733730101127402,0.006193448492766246
198,0.7961108692497461,0.10898273109853432,0.08861800416001547,0.006288395491704155
199,0.7942072433634737,0.11005270538175137,0.08930902760988346,0.006431023644891446
200,0.7921682378535171,0.11109499637418419,0.09025864152767706,0.006478124244621707
201,0.7898883464643047,0.11252356324616947,0.0910628836579825,0.006525206631543332
202,0.7889345252476444,0.11273254409277603,0.091712974148345,0.006619956511234598
203,0.7879402812001739,0.11334976083490361,0.09209064115572305,0.006619316809199401
204,0.786946229286439,0.11358036620126576,0.09285472728151119,0.006618677230784096
205,0.7862905173663108,0.11385923385343703,0.0932322110042993,0.0066180377759528525
206,0.7864077669902912,0.1137999323769502,0.09317490218808869,0.006617398444669855
207,0.7854624486838928,0.1142236174836996,0.09369717459550833,0.0066167592368992995
208,0.7848553629207514,0.11493697783358285,0.09359153909306032,0.006616120152605399
209,0.7842966826017673,0.11531218310879328,0.093775653097687,0.006615481191752378
210,0.7847520641205157,0.11534933127323645,0.09328376225194342,0.006614842354304476
211,0.7850417652455217,0.11525276423156777,0.0931389116894404,0.006566558833470137
212,0.7854970308501907,0.1148554048182301,0.09308163955004103,0.006565924781538165
213,0.7857797943717719,0.11439880291548005,0.09320847613071391,0.006612926582034078
214,0.7869659666908038,0.11392710596186338,0.09258991069273473,0.0065170166545981175
215,0.7875452570601014,0.11334781559256578,0.0926381848901762,0.00646874245715665
216,0.7890010139539375,0.11254888706484477,0.09212495775191927,0.006325141229298441
217,0.790716769706337,0.11123454404945904,0.0919629057187017,0.006085780525502319
218,0.7914513402559769,0.1108427915962328,0.09166867906302825,0.006037189084762135
219,0.791519775921186,0.11063891437678079,0.09180470372337857,0.0060366059786545615
220,0.7921275054334702,0.11026322144409563,0.09166867906302825,0.005940594059405941
221,0.7929202685082339,0.10962476457236683,0.09151494663640315,0.005940020282996088
222,0.7935580451999228,0.10908827506277767,0.0914622368166892,0.005891442920610392
223,0.7939458311205523,0.10891710519963307,0.09115048520252982,0.005986578477284797
224,0.7944768985661179,0.10824120117800415,0.09134360063728093,0.005938299618597017
225,0.7948643691476012,0.10802200984651028,0.0911284873057245,0.005985133700164108
226,0.7956355911746247,0.10766185487375078,0.09090909090909091,0.005793463042533675
227,0.7959351163464323,0.10702906246982717,0.09129091435743941,0.005744906826301052
228,0.7958957025591502,0.10714630613230323,0.09135683244809271,0.005601158860453887
229,0.7956345373768592,0.10696349237009851,0.09189685145837358,0.005505118794668727
230,0.7952965037666603,0.10739810701178289,0.09184856094263087,0.005456828278926019
231,0.79480494399382,0.1078601776747779,0.09183082271147161,0.005504055619930475
232,0.7940239428461093,0.10827379803050782,0.09215099440046341,0.005551264722919482
233,0.7934163529298195,0.10840814750458538,0.09262477073076551,0.0055507288348296165
234,0.7924510087846317,0.10869775074814171,0.09334877883965634,0.005502461627570229
235,0.7911679536679537,0.10955598455598456,0.09377413127413127,0.005501930501930502
236,0.7907055303542129,0.10973844223530548,0.09405462793166683,0.005501399478814786
237,0.7900906985719799,0.10999614048629873,0.09431686607487456,0.0055962948668467774
238,0.7896488520162068,0.11002315261431603,0.09468454562994405,0.005643449739533089
239,0.7886359251398803,0.11040902951958326,0.09535983021416168,0.0055952151263746865
240,0.7886488571704118,0.11032886488571704,0.09533224033175812,0.005690037612113029
241,0.7881666505931141,0.11037708554344682,0.09581444690905584,0.005641816954383258
242,0.7878773266467355,0.1105699681743659,0.09595910888224515,0.005593596296653487
243,0.7879868877747782,0.11044157346702661,0.09588314693405323,0.005688391824141921
244,0.7879868877747782,0.11073081372927111,0.0956421133821828,0.005640185113767836
245,0.7887174541947927,0.11036644165863066,0.09541947926711668,0.005496624879459981
246,0.7897299903567985,0.10969141755062681,0.09513018322082932,0.00544840887174542
247,0.7906259041373325,0.10941267238885138,0.09460893046581155,0.005352493008004629
248,0.7903972232934825,0.10962205939066719,0.09453335904357886,0.0054473582722715
249,0.7908893709327549,0.10956857073993734,0.09414316702819957,0.0053988912991082185
250,0.7912951270063142,0.10931700968814768,0.09398949245674074,0.0053983708487974165
251,0.7914417887432537,0.10919429452582884,0.09391865844255975,0.005445258288357749
252,0.7900693507994606,0.10970911192448468,0.09453862454247737,0.005682912733577346
253,0.7909520138755058,0.10931778762767393,0.09428598959337059,0.005444208903449605
254,0.7912612005010117,0.10911455824260526,0.09418055689372772,0.005443684362655362
255,0.7916666666666666,0.10915221579961465,0.09373795761078998,0.005443159922928709
256,0.7925037336802042,0.10868622633328516,0.09346244640362288,0.0053475935828877
257,0.7928908582988151,0.10822656776803777,0.09348810326558135,0.005394470667565745
258,0.7935651671322609,0.10755225893459204,0.09353626818225605,0.005346305750891051
259,0.7934306217791264,0.10764340413235082,0.09362808842652796,0.005297885661994895
260,0.7936117936117936,0.1073854603266368,0.09389603507250566,0.00510671098906393
261,0.7936117936117936,0.10743363684540155,0.09389603507250566,0.005058534470299176
262,0.7939008527243822,0.10690369513898926,0.09418509418509419,0.0050103579515344224
263,0.7935934489402697,0.10679190751445086,0.09460500963391137,0.005009633911368015
264,0.7937776921595069,0.10681949528029282,0.09434598343286457,0.0050568291273357735
265,0.7937111763856118,0.10718929070159387,0.09404343429479463,0.0050560986179997115
266,0.7933856448274202,0.10778414287777403,0.09367929523901218,0.005150917055793579
267,0.7930121757543674,0.1079455219211704,0.09379662158910439,0.005245680735357813
268,0.792935854867427,0.10836822097107936,0.09345074827967856,0.0052451758818151195
269,0.7924346696183647,0.10900428317050868,0.09341161749843592,0.005149429712690698
270,0.7925790461523654,0.10861927907984022,0.09370037056643726,0.005101304201357139
271,0.7923783861810133,0.10859837367078863,0.09387480152047346,0.005148438627724582
272,0.7909751286861981,0.10915476018665513,0.09467455621301775,0.005195554914129023
273,0.7907670113007934,0.1095936523202693,0.09430151478720847,0.005337821591728781
274,0.7905467134682886,0.10963119680723181,0.09448478145886426,0.005337308265615233
275,0.7895774241622999,0.11004278640449978,0.09499543291187924,0.00538435652132109
276,0.789521749579428,0.10978130257149724,0.09526556116318192,0.005431386685892815
277,0.7900658748858008,0.10996778381497331,0.09477328460835698,0.005193056690868876
278,0.7906786590351594,0.11004761675725074,0.09427155980953297,0.005002164398056851
279,0.7905064204299523,0.11046986966767662,0.09402202664358197,0.005001683258789015
280,0.7912278170538162,0.11037368345116144,0.09344490934449093,0.004953590150531429
281,0.7911237197672741,0.1106890416887051,0.09318651728614705,0.0050007212578737316
282,0.7908474739220305,0.11080132673172138,0.09325578041628611,0.005095418929962025
283,0.7917307692307692,0.11072115384615384,0.09259615384615384,0.004951923076923077
284,0.791915016343011,0.11021918861757354,0.09286675639300135,0.004999038646414151
285,0.7929725052874447,0.109402038069602,0.09267448567583157,0.004950970967121707
286,0.7931564782775855,0.10957324106113034,0.0922722029988466,0.004998077662437524
287,0.7931365952129193,0.10943958473517254,0.09252138806113622,0.004902431990771893
288,0.7937911480609352,0.10942380700658369,0.09188331971742995,0.00490172521505118
289,0.7942137639369473,0.10933294886582084,0.09164744329104191,0.004805843906189927
290,0.7940031713997405,0.10974965162654365,0.09139397434049301,0.0048532026332228145
291,0.7939848179110214,0.10958969924089555,0.09157297972518497,0.00485250312289805
292,0.7945600461338844,0.10942380700658369,0.09135470229227738,0.004661444567254553
293,0.7951859325454022,0.10901316421639282,0.0910925338714327,0.004708369366772365
294,0.7956183338137792,0.10867685211876621,0.09104448928605746,0.004660324781397137
295,0.7953977709454266,0.10876249039200615,0.09117986164488855,0.004659877017678709
296,0.7961468242529067,0.10824445085038917,0.09104448928605746,0.00456423561064668
297,0.7960418868287059,0.1083677586703814,0.09097896051493899,0.004611393985973677
298,0.7961388848869039,0.10824568986217163,0.09095711472890554,0.004658310522018922
299,0.7963220819129015,0.10798482738752581,0.09098766024871562,0.004705430450857061
300,0.7965158132168738,0.10783702068435955,0.09075202764313481,0.004895138455631809
301,0.7953749460250443,0.10871755505445474,0.09091781413424171,0.004989684786259176
302,0.7948668745502518,0.10913888222595347,0.09100503717917965,0.004989206044615015
303,0.79475375245768,0.109288831343212,0.09082626001055004,0.005131156188558001
304,0.7943221598810722,0.10952860499688294,0.09106603366422097,0.005083201457823814
305,0.7944857348357708,0.10947015104291537,0.0909614001438504,0.005082713977463438
306,0.7951373903035535,0.10943269553541457,0.09044262216467655,0.0049872919963554405
307,0.795146050170272,0.10916590723775721,0.09084368554846756,0.004844357043503286
308,0.7954338337570147,0.10945369082449997,0.09031608230610581,0.004796393112379491
309,0.7957608018030978,0.10914496715100945,0.0902508032417398,0.00484342780415288
310,0.79612488609659,0.10891563953767205,0.09021150064745097,0.004747973718286893
311,0.7960680891872453,0.10875089906497243,0.09038599856149604,0.004795013186286262
312,0.7970840727063451,0.10843604623279458,0.089827826003549,0.0046520550573114
313,0.797659584672198,0.10810033091938037,0.089635988681598,0.004604095726823653
314,0.7971320320368328,0.10862788355474558,0.08968394801208575,0.004556136396335907
315,0.7981391779770755,0.1082442089108436,0.0891084360462328,0.004508177065848161
316,0.7985042427729038,0.10844239896447577,0.08840308739632773,0.004650270866292727
317,0.7986866701816613,0.10842160763073383,0.08819441115851027,0.00469731102909457
318,0.798274622573688,0.10831536065180924,0.08871315600287563,0.0046968607716271265
319,0.7988211050941678,0.10763406335362055,0.08884842095174199,0.004696410600469641
320,0.7990320571182136,0.10752791221428913,0.08874407015189995,0.004695960515597297
321,0.8000479271507309,0.10711718188353703,0.08828181164629763,0.00455307931943446
322,0.8006230529595015,0.10697340043134436,0.08789839444045051,0.00450515216870357
323,0.800507954763274,0.10671842054820778,0.08822119992332758,0.004552424765190723
324,0.7999808318957256,0.10719762315506996,0.08831704044470001,0.0045045045045045045
325,0.7997125059894585,0.1075227599425012,0.08826066123622424,0.004504072831816004
326,0.7991186895296485,0.1081042245425807,0.08813104703515662,0.004646038892614235
327,0.7988984674329502,0.10814176245210728,0.08831417624521073,0.0046455938697318
328,0.7990135044535964,0.10798774063786994,0.08835360597643904,0.004645148932094627
329,0.7993200536295729,0.10783374832407584,0.08820149396667305,0.004644704079678223
330,0.7991191114515511,0.1079088471849866,0.08828035235541938,0.004691689008042895
331,0.7993586368640214,0.10807447470444646,0.08778059637199062,0.0047862920595414735
332,0.7996172248803828,0.10751196172248804,0.08794258373205742,0.00492822966507177
333,0.7994928714955507,0.10745383216917041,0.08812553822600708,0.00492775810927184
334,0.799282468309017,0.10758191820138722,0.08820856254484573,0.00492705094475006
335,0.7990627390971691,0.10778500382555471,0.08813121652639633,0.005021040550879877
336,0.7993974751338944,0.10706771231828616,0.08856159143075747,0.004973221117061974
337,0.7989673471339103,0.10713773485681503,0.08887507768800497,0.005019840321269781
338,0.7995410431706268,0.10656403882009849,0.08892288569106468,0.004972032318210068
339,0.8004493952287612,0.10613376679256108,0.08849261366352727,0.004924224315150356
340,0.80033468802295,0.10604829070045423,0.08878795123117379,0.004829070045421946
341,0.799770565460542,0.10620907222408106,0.08909707948950815,0.004923282825868744
342,0.8009655370202189,0.10597007791214569,0.08818890110415373,0.004875483963481669
343,0.8004588252162692,0.10605553696888592,0.08861061989198489,0.00487501792286001
344,0.8007168458781362,0.10599761051373954,0.0884109916367981,0.004874551971326165
345,0.8019783055382999,0.10536627323553305,0.08778133511731256,0.00487408610885459
346,0.8018250441928241,0.10582389756820028,0.0874301275619894,0.004920930676986289
347,0.8013276660776542,0.10611777066717608,0.08749223936195616,0.005062323893213621
348,0.80183407364952,0.10555475951664517,0.08764388403305154,0.0049672828007833025
349,0.8021395482114714,0.10516261521562634,0.08773102822484359,0.004966808348058647
350,0.8018142754834089,0.10498925757937455,0.08813559322033898,0.005060873716877536
351,0.8013270323165783,0.10506468089168934,0.08850064442216812,0.0051076423695641795
352,0.800524934383202,0.10555953233118587,0.08871391076115485,0.00520162252445717
353,0.8008591885441527,0.10553699284009546,0.08859188544152745,0.005011933174224344
354,0.8012122947689958,0.10519282168766705,0.08858342878961435,0.005011454753722795
355,0.8023772017757411,0.10439639123585852,0.08835743949591866,0.004868967492481741
356,0.8021762993366105,0.1045196391924784,0.08838829761847945,0.004915763852431632
357,0.8020236731576937,0.10447689957999236,0.08867888507063765,0.004820542191676212
358,0.8022811873627947,0.10437148038560656,0.08852725016703254,0.004820082084566192
359,0.8020897943604179,0.10468056682093611,0.0883629944176726,0.004866644400973329
360,0.802986213805276,0.10437437389686591,0.08772599341697276,0.004913418880885369
361,0.8037017602442399,0.1038019367456948,0.08763058722511091,0.004865715784954444
362,0.8043696035872728,0.10375423364976387,0.0870581500739398,0.004818012689023518
363,0.804005722460658,0.10362422508345255,0.08745827372436815,0.004911778731521221
364,0.8043001525553013,0.10307017543859649,0.08762395118230358,0.005005720823798627
365,0.8041187967774229,0.10339896076655385,0.08752443152023645,0.004957810935786814
366,0.8045177277926039,0.10303088067098742,0.08739992375142966,0.005051467784979032
367,0.8047083492184521,0.10284025924513915,0.08744757910789172,0.005003812428516966
368,0.8044027254967361,0.10325439557821509,0.08733978176966693,0.005003097155381903
369,0.8052405907575035,0.10262029537875178,0.08713673177703668,0.0050023820867079564
370,0.8053346034770184,0.1023100738271017,0.08730650154798762,0.005048821147892356
371,0.8045517307051374,0.10279483883254772,0.0874636956625244,0.005189734799790506
372,0.8048188181515166,0.1024236941098043,0.08766249226227323,0.005094995476405886
373,0.8046179481075935,0.10259462032849322,0.08764579861937634,0.005141632944537015
374,0.804599342951007,0.10236632861972099,0.08798743036709042,0.005046898062181593
375,0.8041232204923107,0.10269961434080846,0.08817787935056896,0.0049992858163119555
376,0.8037712489881434,0.10347126327317747,0.08785295938288652,0.004904528355792581
377,0.8045911320664857,0.1032052197933038,0.08744106300900129,0.00476258513120922
378,0.8048211138106808,0.10280596446095946,0.08779953313324758,0.004573388595112191
379,0.8038580614432007,0.10340557275541795,0.0881162181471779,0.004620147654203381
380,0.8043053769586131,0.10344334904986427,0.08763156641424966,0.004619707577272944
381,0.8041438437723267,0.10392950702548226,0.08740176232436295,0.004524886877828055
382,0.8034481116349955,0.10430061437348193,0.08772681811687384,0.004524455874648759
383,0.8035909891889318,0.1038719817116731,0.08806019907605848,0.004476830023336667
384,0.8039719959994285,0.10339572319855217,0.08820307662999476,0.004429204172024575
385,0.803427755296358,0.1039752439895263,0.08802666031897168,0.004570340395144013
386,0.8031319910514542,0.10419344090627826,0.08805749916702366,0.004617068875243943
387,0.8035416765839958,0.10377493216546865,0.08816108916075593,0.0045223020897795976
388,0.803684486123673,0.10367972580568383,0.08816108916075593,0.00447469890988718
389,0.8031968031968032,0.10413396127681843,0.08791208791208792,0.0047571476142904716
390,0.8030728250011892,0.10417162155734196,0.08799885839318841,0.004756695048280454
391,0.80294887039239,0.10397146254458978,0.08832342449464922,0.0047562425683709865
392,0.8033387234852087,0.10344335584514411,0.08850946447255778,0.004708456197089318
393,0.8025483763609566,0.10383682784196263,0.08881281795274093,0.004801977844339847
394,0.8031001854405402,0.10327611620940516,0.08891636156150444,0.004707336788550235
395,0.8024245305443308,0.10320893748514381,0.089612550511053,0.004753981459472308
396,0.802138783269962,0.1033745247148289,0.08968631178707225,0.004800380228136882
397,0.8021581023910254,0.10381708418500737,0.08931881922327328,0.004705994200694015
398,0.8017679768071859,0.10417755810085072,0.08930183926619457,0.004752625825768737
399,0.8019387949059115,0.10430526515871508,0.08895647215358297,0.004799467781790534
400,0.8013490404712141,0.10417062511875357,0.08954018620558617,0.004940148204446134
401,0.801263477889137,0.10378568375053436,0.09001092480881584,0.004939913551512848
402,0.8003038647801728,0.10445351818440794,0.09011489887000285,0.00512771816541639
403,0.8004841925377385,0.10395898604386215,0.09038260704452672,0.005174214373872591
404,0.79994304428307,0.10446627746926765,0.09041720062651289,0.005173477621149556
405,0.799677358132473,0.10457392294553046,0.09048206490795217,0.0052666540140444106
406,0.7993263437544476,0.10489112386735613,0.09051662792352579,0.005265904454670525
407,0.7997533089805019,0.10489112386735613,0.09013710327814413,0.005218463873997818
408,0.7997533089805019,0.10512832677071968,0.0899473409554533,0.00517102329332511
409,0.7997248707366823,0.1052132251790712,0.0898913713770694,0.005170532707177079
410,0.7993550528761796,0.10513586569924598,0.09024517475221701,0.005263906672357377
411,0.7988906272223012,0.10520077750912625,0.0905513677523349,0.005357227516237614
412,0.7987391572261459,0.10560743233635114,0.09024979854955681,0.005403611887946153
413,0.7989096942403413,0.10514339890969424,0.0906375918464091,0.005309315003555345
414,0.7986917571218657,0.10527563160638953,0.0907237995923591,0.0053088116793856945
415,0.7980946964311105,0.10550263045641974,0.09109436466183231,0.005308308450637471
416,0.7985877446566514,0.10487654613525425,0.09122790389081087,0.005307805317283541
417,0.7984554887004311,0.10517837684180603,0.0909650826739944,0.005401051783768418
418,0.7984463076121453,0.10515844820235896,0.09094784709393207,0.00544739709156364
419,0.7984088648955817,0.10503385897618032,0.09101671638963868,0.005540559738599233
420,0.7984844896992659,0.10490172862893678,0.09116741652853422,0.005446365143263083
421,0.7983424106085721,0.10532796590101823,0.09093061804404452,0.005399005446365143
422,0.7982850916670614,0.10564214316168459,0.09086171775072244,0.005211047420531527
423,0.7985693306172722,0.10545265052821072,0.09081434459235398,0.005163674262163059
424,0.7984272111421669,0.10535790421147379,0.09109858354256478,0.00511630110379459
425,0.7990240204671436,0.10546264272516227,0.09049130620173403,0.005022030605960108
426,0.7988911529166469,0.10529308629104867,0.09093493816045112,0.004880822631853291
427,0.7992131582689482,0.10494383087642793,0.09115040053088116,0.004692610323742712
428,0.7993743779326035,0.10464950945542442,0.09128394710649794,0.004692165505474193
429,0.7993838862559242,0.10459715639810427,0.09137440758293838,0.004644549763033175
430,0.7988151658767773,0.10459715639810427,0.09199052132701421,0.0045971563981042655
431,0.798862828713575,0.10405117270788912,0.0923951670220327,0.004690831556503198
432,0.7985028663476572,0.10446771213341545,0.09233903444354953,0.004690387075377837
433,0.7983133557587531,0.1048941109584498,0.09214952385464538,0.004643009428151798
434,0.798237718508693,0.1050262921028945,0.09209341986830262,0.004642569520109906
435,0.7979912829259048,0.10507864316846693,0.09233465984460867,0.004595414061019518
436,0.7968831414902183,0.10553739756525034,0.09298469991947327,0.004594761025058027
437,0.7975085259568018,0.10548503220917015,0.09245926487305797,0.004547176960970065
438,0.7974701534963047,0.10574189880613985,0.0923820352472996,0.004405912450255827
439,0.7970636987923277,0.10575420317309969,0.09268292682926829,0.004499171205304286
440,0.7969882085523512,0.10531799024482644,0.09319505611592556,0.004498745086896813
441,0.7962507100927855,0.1056618064760462,0.09349555008521114,0.004591933345957205
442,0.7957493136419578,0.10593581368929282,0.0937233740414655,0.004591498627283915
443,0.7962612399432087,0.10577378135352579,0.09332702318977756,0.004637955513487932
444,0.7958353052531945,0.10634169427354473,0.09323237103644108,0.004590629436819688
445,0.7958159787959106,0.10639909125331314,0.09328852707307837,0.0044964028776978415
446,0.7955706984667802,0.10618966496308915,0.09369676320272573,0.004542873367404884
447,0.7959106399091254,0.10616243847027641,0.09352517985611511,0.00440174176448315
448,0.795854628052243,0.10600037857278062,0.09369676320272573,0.004448230172250615
449,0.7954007760007571,0.10617961578499101,0.09397179899687708,0.004447809217374846
450,0.7954201362604087,0.10602763058289175,0.09410484481453445,0.004447388342165026
451,0.7950804162724693,0.10596026490066225,0.09446546830652791,0.004493850520340586
452,0.7941649328541706,0.1066294685076603,0.09457159069415548,0.004634007944013618
453,0.7944875189107413,0.10660930408472012,0.09422276853252648,0.004680408472012103
454,0.7941482321799962,0.10696729060313859,0.09415768576290415,0.004726791453961051
455,0.7938646246927585,0.1070145585176782,0.0944412932501418,0.00467952353942144
456,0.7936477927970508,0.10709896965686738,0.09457415634748086,0.004679081198601002
457,0.7941593422171818,0.10707872601833475,0.09403648048388621,0.0047254512805972974
458,0.7938202778040253,0.10724747236133421,0.09416044599829916,0.0047718038363413024
459,0.7932174570187039,0.1074060079350085,0.09451161911959191,0.004864915926695636
460,0.7931067044381492,0.10722379603399433,0.09466477809254013,0.005004721435316336
461,0.7930953055634269,0.10758477377916313,0.09450269198073108,0.004817228676678946
462,0.793870419342652,0.10700793350963354,0.09430487344163203,0.004816773706082357
463,0.7932288223628293,0.10723392199452261,0.09472093682122958,0.004816318821418453
464,0.7935788479697828,0.10722379603399433,0.09438149197355997,0.004815864022662889
465,0.7931457703927492,0.10753398791540786,0.09445808157099699,0.004862160120845922
466,0.7936665250837699,0.10713105856812496,0.09429420925952145,0.004908207088583699
467,0.7944326492097192,0.10695918848785091,0.0936069827789573,0.005001179523472517
468,0.7943105156390056,0.10652450818512053,0.09416426852856537,0.005000707647308582
469,0.7938372970932427,0.10687995469988675,0.09442242355605888,0.004860324650811627
470,0.7936418093486156,0.10702325362011225,0.09433517286920429,0.004999764162067827
471,0.7942646920101877,0.10673521365908877,0.09404773134609942,0.004952362984624092
472,0.794378419166195,0.10677230711186568,0.09389737785323524,0.004951895868704018
473,0.79442689424301,0.10731293318874063,0.09321514451412137,0.005045028054127964
474,0.7935505162415728,0.10800999481401159,0.09339493658950544,0.005044552354910188
475,0.7938513768389287,0.10802527348170501,0.0931723877781969,0.00495096190116937
476,0.7938888102984863,0.10793605884849342,0.09331824397604564,0.004856886876974584
477,0.7947291499693555,0.1075385413228985,0.09282919240016972,0.004903116307576258
478,0.7946723243752947,0.1075907590759076,0.09292786421499293,0.004809052333804809
479,0.7941065535124942,0.10773220179160774,0.0933993399339934,0.004761904761904762
480,0.7940413897138547,0.10785838872389572,0.09333899024183284,0.004761231320416726
481,0.7942299533305048,0.10818837505303351,0.09286758120020742,0.004714090416254184
482,0.7935699806722293,0.10856550228633385,0.09319756752934522,0.004666949512091642
483,0.7933147894960162,0.10881146574890387,0.09330064589128283,0.004573098863797086
484,0.7929376267031257,0.10918862854179436,0.09334779124039413,0.004525953514685776
485,0.7925053028517558,0.10879094979967005,0.09413151072354466,0.00457223662502946
486,0.7933342761514166,0.10851836138217132,0.09366897657097063,0.004478385895441475
487,0.7934480320527928,0.10841385811925525,0.09366014612302616,0.00447796370492576
488,0.793109948630944,0.1086761864366841,0.09368961779537208,0.004524247136999859
489,0.7934203704576519,0.10878069472592733,0.09336852523919499,0.004430409577225809
490,0.7937308508131039,0.10874381333961819,0.09318878152250766,0.00433655432477021
491,0.7938168622461002,0.10872331401102785,0.09307695932890334,0.004382864413968613
492,0.7937614851811714,0.10837299156575414,0.09343636620647411,0.004429157046600386
493,0.7942493518736743,0.10841385811925525,0.09314164506245581,0.0041951449446146595
494,0.7944766482869127,0.10806352797021537,0.09321834205193459,0.004241481690937367
495,0.7952306894764126,0.10787501767284038,0.09269993873415336,0.004194354116593619
496,0.7953356890459364,0.10803297997644287,0.09234393404004712,0.004287396937573616
497,0.7956183745583039,0.10779740871613663,0.09234393404004712,0.004240282685512367
498,0.7955530431505559,0.10782928208027134,0.09237799133220276,0.004239683436970039
499,0.796024119087997,0.10759374411155079,0.0921895609572263,0.004192575843225928
500,0.7953838907206783,0.10796043334903438,0.09246349505416863,0.0041921808761187
501,0.7958558982811397,0.10736990817047327,0.09253590769955262,0.004238285848834471
502,0.7953389830508475,0.10753295668549906,0.0928436911487759,0.00428436911487759
503,0.7952085098371459,0.10759672408924033,0.09281747152405159,0.00437729454956227
504,0.7947945592318916,0.1075445945309926,0.0932837577069704,0.004377088530145432
505,0.7946655376799323,0.10795935647756139,0.09281211779094929,0.004562988051557061
506,0.793943383805135,0.10810683720492806,0.09324743722373742,0.004702341766199567
507,0.7936515400893487,0.10877027980249236,0.09292264284034799,0.004655537267810957
508,0.7927110275099929,0.10961674112391254,0.09306371972725135,0.004608511638843169
509,0.7927305214651807,0.10998260215357127,0.09267879813796022,0.004608078243287723
510,0.7930888575458392,0.11001410437235543,0.0922896097790315,0.00460742830277386
511,0.7933060687256146,0.1100926056503549,0.09199454707845627,0.004606778545574202
512,0.7930062041737168,0.11021808610641098,0.09216958074826095,0.004606128971611205
513,0.7934097959951114,0.11004042493184168,0.09203722854188211,0.004512550531164802
514,0.7940208705462066,0.10971138478894425,0.09180219986838395,0.004465544796465169
515,0.7939282861036703,0.11001456835377603,0.09154565534094647,0.004511490201607219
516,0.793853672289836,0.10995723885155773,0.09167802264931159,0.004511066209294676
517,0.7944838603580322,0.1095710191232439,0.09143447822205517,0.004510642296668703
518,0.7940527082256776,0.1098322920092075,0.09155822802649505,0.004556771738619815
519,0.7939587541692112,0.11002020012214027,0.09151125099826185,0.004509794710386621
520,0.7943538916811499,0.10982197378928085,0.09131476349288364,0.004509371036685612
521,0.794765775501574,0.1097119766950148,0.09119954893577033,0.00432269886764084
522,0.7942875933668436,0.10955042983980834,0.09179311316766102,0.004368863625687039
523,0.794072055991357,0.109540138099488,0.09201935271736578,0.0043684531917891865
524,0.793688066500728,0.1091438500915794,0.0927534870614756,0.004414596346217067
525,0.794083118102841,0.10913359943648744,0.0923691007278704,0.004414181732801127
526,0.7930613586216609,0.10961926670109384,0.09281254401201822,0.0045068306652269845
527,0.7933818352499413,0.10955174841586482,0.09251349448486271,0.004552921849331143
528,0.7934675489229903,0.10939039842320146,0.09254305692430428,0.004598995729503966
529,0.7929044065887653,0.10953118400675771,0.0930123422028251,0.004552067201651884
530,0.7937021915622507,0.10953118400675771,0.0922614857571918,0.004505138673799803
531,0.7934206203951382,0.10971889811816603,0.09240227134074804,0.004458210145947722
532,0.792915787004457,0.11015716631480178,0.09237626084916725,0.004550785831574009
533,0.7931422674609503,0.11018340447488156,0.09207748956330035,0.004596838500867771
534,0.7929660023446659,0.11033997655334114,0.09200468933177022,0.004689331770222743
535,0.7930597889800703,0.11005861664712778,0.09223915592028135,0.0046424384525205155
536,0.7929676511954993,0.1102203469292077,0.09212376933895922,0.0046882325363338025
537,0.7930339396212264,0.11021001312582036,0.09206825426589162,0.004687792987061692
538,0.7931099132880244,0.11014764471525662,0.09205530817904851,0.004687133817670494
539,0.7937936530258285,0.10968921389396709,0.09192331130173909,0.004593821778465288
540,0.7937661120224982,0.11005390203890321,0.09158659479728146,0.004593391141317084
541,0.7938516331599419,0.11045503538122686,0.09105393879750691,0.004639392661324336
542,0.7937013778236011,0.1107414003186803,0.09096447652076109,0.0045927453369575405
543,0.7930646672914714,0.11115276476101218,0.09119025304592315,0.004592314901593252
544,0.7929354445797807,0.11079359130516256,0.09158624566663544,0.00468471844842125
545,0.7933667494261488,0.11064786621070877,0.09134773036023797,0.004637654002904389
546,0.793993628185907,0.11019490254872563,0.09131371814092953,0.004497751124437781
547,0.7938366429374297,0.11015361558636193,0.09137317347321094,0.004636568002997377
548,0.7935943060498221,0.11017980895298746,0.09154336017980895,0.004682524817381532
549,0.7937459039415785,0.11047654713978092,0.09100271510158225,0.004774833817058328
550,0.7942787583688375,0.1104452455639309,0.09064094760990683,0.0046350484573247815
551,0.7935505007956567,0.1106898811195357,0.0910324815126837,0.004727136572123935
552,0.7931954324223137,0.11119430924747285,0.09088356420816174,0.004726694122051666
553,0.7934294271808312,0.11110071134406589,0.09078996630475478,0.004679895170348184
554,0.7929146387120929,0.11114751029576937,0.09130475477349308,0.004633096218644703
555,0.7927742418569824,0.11128790715087981,0.09135155372519656,0.0045862972669412205
556,0.7924934481467615,0.11161549981280419,0.09135155372519656,0.004539498315237739
557,0.7920254586297267,0.11166229876450767,0.09181954324223138,0.004492699363534257
558,0.7917368519558301,0.11210930189032378,0.09161519745461351,0.004538648699232641
559,0.7913820529615421,0.11219238326939272,0.0918873397585852,0.004538224010480023
