bt_pt-O,bt_pt-A,bt_pt-B,bt_pt-AB
1.0,0.0,0.0,0.0
1.0,0.0,0.0,0.0
1.0,0.0,0.0,0.0
1.0,0.0,0.0,0.0
1.0,0.0,0.0,0.0
1.0,0.0,0.0,0.0
1.0,0.0,0.0,0.0
1.0,0.0,0.0,0.0
1.0,0.0,0.0,0.0
1.0,0.0,0.0,0.0
1.0,0.0,0.0,0.0
1.0,0.0,0.0,0.0
1.0,0.0,0.0,0.0
1.0,0.0,0.0,0.0
1.0,0.0,0.0,0.0
1.0,0.0,0.0,0.0
1.0,0.0,0.0,0.0
1.0,0.0,0.0,0.0
1.0,0.0,0.0,0.0
1.0,0.0,0.0,0.0
1.0,0.0,0.0,0.0
1.0,0.0,0.0,0.0
1.0,0.0,0.0,0.0
1.0,0.0,0.0,0.0
1.0,0.0,0.0,0.0
1.0,0.0,0.0,0.0
1.0,0.0,0.0,0.0
1.0,0.0,0.0,0.0
1.0,0.0,0.0,0.0
1.0,0.0,0.0,0.0
1.0,0.0,0.0,0.0
1.0,0.0,0.0,0.0
1.0,0.0,0.0,0.0
1.0,0.0,0.0,0.0
1.0,0.0,0.0,0.0
1.0,0.0,0.0,0.0
1.0,0.0,0.0,0.0
1.0,0.0,0.0,0.0
1.0,0.0,0.0,0.0
1.0,0.0,0.0,0.0
1.0,0.0,0.0,0.0
1.0,0.0,0.0,0.0
1.0,0.0,0.0,0.0
1.0,0.0,0.0,0.0
1.0,0.0,0.0,0.0
1.0,0.0,0.0,0.0
1.0,0.0,0.0,0.0
1.0,0.0,0.0,0.0
1.0,0.0,0.0,0.0
1.0,0.0,0.0,0.0
1.0,0.0,0.0,0.0
1.0,0.0,0.0,0.0
1.0,0.0,0.0,0.0
1.0,0.0,0.0,0.0
1.0,0.0,0.0,0.0
1.0,0.0,0.0,0.0
1.0,0.0,0.0,0.0
1.0,0.0,0.0,0.0
1.0,0.0,0.0,0.0
1.0,0.0,0.0,0.0
1.0,0.0,0.0,0.0
1.0,0.0,0.0,0.0
1.0,0.0,0.0,0.0
1.0,0.0,0.0,0.0
1.0,0.0,0.0,0.0
1.0,0.0,0.0,0.0
1.0,0.0,0.0,0.0
1.0,0.0,0.0,0.0
1.0,0.0,0.0,0.0
1.0,0.0,0.0,0.0
1.0,0.0,0.0,0.0
1.0,0.0,0.0,0.0
1.0,0.0,0.0,0.0
1.0,0.0,0.0,0.0
1.0,0.0,0.0,0.0
1.0,0.0,0.0,0.0
1.0,0.0,0.0,0.0
1.0,0.0,0.0,0.0
1.0,0.0,0.0,0.0
1.0,0.0,0.0,0.0
1.0,0.0,0.0,0.0
1.0,0.0,0.0,0.0
1.0,0.0,0.0,0.0
1.0,0.0,0.0,0.0
1.0,0.0,0.0,0.0
1.0,0.0,0.0,0.0
1.0,0.0,0.0,0.0
1.0,0.0,0.0,0.0
1.0,0.0,0.0,0.0
1.0,0.0,0.0,0.0
1.0,0.0,0.0,0.0
1.0,0.0,0.0,0.0
1.0,0.0,0.0,0.0
1.0,0.0,0.0,0.0
1.0,0.0,0.0,0.0
1.0,0.0,0.0,0.0
1.0,0.0,0.0,0.0
1.0,0.0,0.0,0.0
1.0,0.0,0.0,0.0
1.0,0.0,0.0,0.0
0.9867385818199812,0.013261418180018804,0.0,0.0
0.97347978823413,0.02652021176587007,0.0,0.0
0.9602236184633651,0.03977638153663484,0.0,0.0
0.9469700717289141,0.053029928271085824,0.0,0.0
0.9336729646849342,0.05302205955089524,0.013304975764170541,0.0
0.9204253214638971,0.05301681503461919,0.02655786350148368,0.0
0.9071802986846009,0.053011571555731385,0.03980812975966769,0.0
0.8939431396786156,0.05295426452410383,0.05310259579728059,0.0
0.8939588688946015,0.05294641091556258,0.053094720189835874,0.0
0.8939251643517374,0.05298798873016657,0.05308684691809599,0.0
0.8938809806247529,0.053034796362198496,0.05308422301304864,0.0
0.8939408915686469,0.05302955421567659,0.05302955421567659,0.0
0.89390195690848,0.053073729986163276,0.05302431310535679,0.0
0.8938083708059495,0.05316993625537382,0.05302169293867668,0.0
0.8938188645684075,0.05311527249370028,0.053065862937892186,0.0
0.8938840035569607,0.05310740045450054,0.05300859598853868,0.0
0.8936916464950847,0.05320357654497851,0.05310477695993677,0.0
0.8934993084370678,0.05329974313376803,0.053200948429164195,0.0
0.8933175285227442,0.05339062577171927,0.05329184570553662,0.0
0.8932292952738407,0.0533359672082572,0.05343473751790212,0.0
0.8922522344575576,0.05426892499135845,0.0534788405510839,0.0
0.8911272404088283,0.05539920011850096,0.05347355947267072,0.0
0.8895087632683288,0.05697358676869908,0.053517649962972105,0.0
0.8876548694407423,0.058788686509699394,0.05350708327163236,4.936077792586011e-05
0.885296875771186,0.06085583140022704,0.05379793692315286,4.935590543408519e-05
0.8821120157907723,0.06326178139649642,0.05452751048605971,9.869232667160128e-05
0.8782857424668343,0.06549292301622528,0.05587611579622232,0.00034521872071805495
0.8740821053669114,0.06761618451530235,0.057661031984623724,0.0006406781331624858
0.8701285904320836,0.06936985761442578,0.05976252648174607,0.0007390254717445928
0.8659443486825905,0.07136173356316178,0.06180743659197242,0.0008864811622753016
0.8613612874649343,0.07323195039125942,0.06422560165362469,0.0011811604901816035
0.856391088378498,0.07613239561304283,0.06600108198495057,0.001475434023508582
0.8507741459818137,0.07903661833374294,0.06846891128041288,0.0017203244040304743
0.8461802996806681,0.08169982805207565,0.07020388111029231,0.001915991156963891
0.8401158509646065,0.08526827352609101,0.07235776348731039,0.0022581120219920476
0.8349276428746627,0.08780966396860436,0.07471179789060584,0.002550895266127054
0.8285714285714286,0.09090909090909091,0.07753001715265866,0.0029894633668218575
0.8231029246068682,0.0931759173075981,0.08058590114142948,0.0031352569441042474
0.8172959208657754,0.09612653640859899,0.08329660643455267,0.0032809362910729153
0.8112432115074123,0.0989774450804834,0.0861098879592935,0.003669455452810803
0.8058475529262211,0.10120764679998044,0.08898450105119053,0.00396029922260793
0.8015838099428069,0.10284988023659383,0.09155790194065601,0.004008407879943296
0.7983189170698334,0.10355275375067194,0.09402335923373895,0.004104969945755754
0.7948993550908735,0.10426030877467266,0.09663865546218488,0.004201680672268907
0.7922813873961896,0.1049829018075232,0.09853444064484612,0.004201270151441133
0.7901524032825322,0.10585189527159046,0.09979484173505275,0.004200859710824541
0.7880164078523293,0.10669987303447602,0.10098642445551323,0.004297294657681414
0.7867708079082255,0.10729802294361727,0.1015377105198926,0.004393458628264584
0.7854737150388051,0.10787328549812077,0.10225996973690633,0.004393029726167814
0.7840304553662941,0.10869246912977695,0.10288447459612475,0.004392600907804188
0.7824241241338928,0.10949546208646434,0.10364008978237534,0.004440323997267493
0.7806127427066055,0.11054737047516831,0.1043516440628354,0.00448824275539077
0.7788775659466576,0.1115607781949388,0.10488078404602857,0.004680871812375055
0.7766294544922732,0.11295276166333544,0.10568907522059182,0.004728708623799541
0.7740143281836347,0.1144792631219845,0.1066816121643355,0.004824796530045324
0.771952051456973,0.11572946106617289,0.1074943962576747,0.004824091219179418
0.7691520966249452,0.11727463108167341,0.1085569570934593,0.005016315199922077
0.7660289177742077,0.11937101406942213,0.1094396572708242,0.005160410885545981
0.7624470725653381,0.12152625687448289,0.1107704287730569,0.005256241787122208
0.7584277861555675,0.12370482074232622,0.11241912730456778,0.005448265797538552
0.7543629381167664,0.12614846142627972,0.11375236984103836,0.0057362306159156095
0.7505467269281236,0.1279098022063469,0.11571171696554405,0.005831753899985421
0.7461019089716812,0.1305192597270122,0.11735561276533735,0.006023218535969301
0.7425603184620613,0.13257925141997184,0.11859799019369872,0.006262439924268168
0.7389468575588449,0.13428779422470274,0.12040766804173744,0.006357680174714875
0.7349502789231143,0.13606597138006307,0.12243512005821004,0.00654862963861266
0.730409498425006,0.13796946934819482,0.12464259752847104,0.006978434698328083
0.7271450026645996,0.1397219126980282,0.12605978392519743,0.007073300712174798
0.7235319746332962,0.14101757273563442,0.12804376240499588,0.007406690226073486
0.7196438077723467,0.14305763925857815,0.12979722208778977,0.007501330881285389
0.7157711466847222,0.14470184262707356,0.13174058132224212,0.00778642936596218
0.712275782043224,0.14635207658463473,0.13349127302615674,0.007880868345984626
0.7091849060250278,0.14760593322703774,0.1350437261438856,0.008165434604048895
0.7067974298275279,0.14870283588579158,0.1363350886516257,0.008164645635054833
0.70417230056017,0.14999034189685145,0.13753138883523275,0.008305968707745798
0.7022786521193396,0.15018827845901322,0.1391329535579801,0.008400115863667085
0.7006756756756757,0.15053088803088804,0.1402992277992278,0.008494208494208495
0.6994451145958986,0.1510735826296743,0.14094089264173704,0.008540410132689987
0.6983598649300531,0.15190545103714423,0.14114809454896285,0.008586589483839845
0.696836724852927,0.15271482303018613,0.14172051306779823,0.00872793904908863
0.6963459313536444,0.15276706517547242,0.14206517547242575,0.008821827998457385
0.6964234069218163,0.15193290272823676,0.14282271281210837,0.00882097753783862
0.6983805668016194,0.14936379410063622,0.1434355118565645,0.008820127241179873
0.7007999228989977,0.14726291441788744,0.14307054741711642,0.008866615265998457
0.7029865125240847,0.14547206165703275,0.14253371868978806,0.009007707129094412
0.7056981840951785,0.14426087375367275,0.1410336688984153,0.00900727325273349
0.7086303217106531,0.14380658832594875,0.138508957811597,0.009054132151801194
0.7105035140078945,0.14335226725714836,0.13690189660152113,0.009242322133436025
0.7132544036962172,0.14375782077197036,0.13369910482240832,0.009288670709404177
0.7145125589452411,0.1437301510922914,0.1324222885189106,0.009335001443556925
0.7163267269578603,0.1424379449682509,0.13180681162208965,0.009428516451799115
0.7187920753991152,0.1402192729371033,0.13141950375072128,0.009569147913060204
0.7205536066125234,0.13811331635350088,0.13152962660387332,0.00980345043010236
0.722932078009415,0.13536362762993565,0.1317609760783937,0.009943318282255741
0.724687800192123,0.1355907780979827,0.1297790585975024,0.00994236311239193
0.7252472870450398,0.1366080860462883,0.12810909440122922,0.010035532507442619
0.7255664362519201,0.1381048387096774,0.12620007680491552,0.010128648233486944
0.7261036468330134,0.13929942418426103,0.12432821497120922,0.010268714011516316
0.7239013625023988,0.1409998080982537,0.12478411053540588,0.010314718863941662
0.7211031175059952,0.1422062350119904,0.1262829736211031,0.01040767386091127
0.7177643562458058,0.14389799635701275,0.1276962899050906,0.010641357492090883
0.7146554203009681,0.14535608166395092,0.12930125563117031,0.010687242403910668
0.712513174283798,0.14625850340136054,0.13040145635719078,0.010826865957650665
0.7097299367937177,0.14709825703888144,0.13215859030837004,0.011013215859030838
0.7077946950110121,0.1478502346069137,0.13334290912573016,0.011012161256343963
0.705820409726211,0.14833429063756462,0.13474057055332184,0.011104729082902547
0.7047846889952153,0.14827751196172248,0.13569377990430623,0.011244019138755982
0.7038082480145441,0.14840685101904125,0.1365419577073964,0.011242943259018276
0.7025540462980677,0.14898603405395064,0.13712454562846757,0.011335374019514061
0.701845830145371,0.148814078041316,0.13795906656465187,0.011381025248661056
0.7012235923907848,0.1486473568492496,0.13856227894082784,0.011566771819137749
0.7011087746128847,0.14877652456509272,0.13854903460141466,0.011565666220607914
0.7007452703993885,0.14843302121154214,0.13911714121918595,0.011704567169883433
0.7007832648772566,0.14810392587639698,0.13931607603400517,0.011796733212341199
0.7015859367536066,0.147558994936467,0.13919938855450464,0.011655679755421802
0.7013892204134243,0.1474674177686542,0.13925621807418723,0.011887143743734186
0.7022007924762496,0.14722872010311738,0.1387310832100062,0.01183940421062682
0.7027684964200477,0.14682577565632457,0.13852028639618139,0.0118854415274463
0.7051435121065953,0.14575672190649028,0.13754238502316252,0.01155738096375185
0.7063571667383102,0.14534078425753452,0.1368390886946554,0.011462960309499929
0.7064049290729331,0.14514973491904284,0.13703013803314706,0.011415197974877013
0.7071377417044641,0.14504655048937695,0.13626163762234422,0.011554070183814753
0.7084606569900688,0.14443277310924368,0.1356474407944996,0.01145912910618793
0.708705410438852,0.14488324339811853,0.1350938350604078,0.011317511102621651
0.7077305066131881,0.14520364799694407,0.13574941507902402,0.01131643031084372
0.7075232863625508,0.14564127059947457,0.13575352280869357,0.011081920229281108
0.7080208283571394,0.14508192805617923,0.13590980748101084,0.010987436105670472
0.7078120523350205,0.14497182695062555,0.1360901537579983,0.011125966956355648
0.7083154224578497,0.14424225056120743,0.13650475235229498,0.010937574628647848
0.7088885704733248,0.14457658690356784,0.13564503032908248,0.010889812294024932
0.7089284861223905,0.14469975636554722,0.13562317871303683,0.010748578799025462
0.7073799856699308,0.14530690231669452,0.13656556006687365,0.010747551946501075
0.7073438769171962,0.14568302355583163,0.13641358880022936,0.010559510726742797
0.7064132562914855,0.1459338140489948,0.1368607038823361,0.010792225777183516
0.7063655030800822,0.14598156726039827,0.13690845709373956,0.01074447256578005
0.70563803885998,0.14613071084164797,0.13739437628299994,0.01083687401537213
0.7046159721227744,0.14625996467611818,0.13828822378156475,0.010835839419542699
0.7031555831383969,0.1473719387024395,0.1387310832100062,0.010741394949157398
0.7023053792181757,0.14734380220514534,0.13956374397403465,0.010787074602644265
0.7016179067436644,0.1475683672982389,0.14002768100033408,0.010786044957762612
0.7013693401402739,0.14752612242950522,0.14022615582804523,0.010878381602175677
0.700567666841578,0.14830892524924869,0.14019939894099126,0.010924008968182035
0.700348099756807,0.14810929378665777,0.140479710075819,0.011062896380716227
0.700348099756807,0.14806160888846503,0.14057507987220447,0.011015211482523485
0.6997854588796186,0.14851013110846245,0.14064362336114422,0.011060786650774732
0.7000429123158346,0.1482382110332332,0.1407523959376341,0.01096648071329805
0.7006342091459635,0.14834771827762147,0.1401459157884698,0.010872156787945259
0.7009105210468608,0.1485436430376126,0.139581446345998,0.010964389569528532
0.7013395623778425,0.14840062926061878,0.13934309005100826,0.010916718310530581
0.7022646007151371,0.14812872467222885,0.13878426698450536,0.010822407628128725
0.7032181168057211,0.14784266984505365,0.13816448152562574,0.010774731823599523
0.7035130368463702,0.148005148005148,0.13766147099480433,0.010820344153677487
0.7038360733857517,0.14772456516559448,0.13752680486061472,0.010912556588039076
0.7048726995327549,0.14784971869934205,0.13669304853628303,0.010584533231620102
0.7051196491562589,0.14734483744875584,0.13690532939269712,0.010630184002288112
0.7051954242135366,0.14761677788369876,0.136558627264061,0.010629170638703528
0.7055486700352751,0.14753551339498522,0.1363809705405663,0.01053484602917342
0.7051422580183958,0.14797693370824,0.136300814945432,0.010579993327932136
0.7053916193926681,0.1475902178576536,0.13662582828812508,0.01039233446155313
0.7060366202555789,0.14776845317566278,0.13594316231165363,0.01025176425710471
0.7060029561817575,0.147713727173032,0.1360320411958232,0.010251275449387308
0.7057814212859254,0.14818168819408037,0.1356465373433106,0.010390353176683666
0.7053665046230102,0.14812696597083214,0.13616433133161757,0.010342198074540083
0.7050836152270237,0.14793463242650912,0.1365477154700081,0.010434036876459097
0.7052571374100377,0.14775272865926314,0.13679042943615652,0.010199704494542682
0.7047219707437937,0.1481393243436413,0.1368466193357793,0.010292085576785629
0.7035396122147587,0.14868276880567863,0.13743985517602783,0.010337763803534848
0.702223915424544,0.14905471689128053,0.13824467831801515,0.010476689366160294
0.7016708716142238,0.14895034988337222,0.13876326938639502,0.01061550911600895
0.7005759984766983,0.15023563574046747,0.13862045984671775,0.010567905936116532
0.7000523634978817,0.15018803256057506,0.1392393011853192,0.010520302756224115
0.6998429244609453,0.15012613641772574,0.1395116378694845,0.010519301251844448
0.6993289868176843,0.15119211916432684,0.13891400561557132,0.01056488840241755
0.6987011751272658,0.1512441124696703,0.13939768780627051,0.010657024596793378
0.698149997622105,0.15099633804156562,0.14005802064012934,0.010795643696200124
0.6973615402899929,0.15127169004040883,0.14043261231281198,0.010934157356786309
0.6968487095394268,0.15105280669233329,0.14111887447122012,0.01097960929701982
0.6971526358321053,0.15139991443646908,0.14056186718638589,0.010885582545039692
0.6978280499976237,0.15113350125944586,0.14010740934366236,0.010931039399268096
0.6981992683042714,0.15099539126716396,0.13978239178980378,0.011022948638760868
0.6980002849950125,0.1509048591649646,0.1399800503491189,0.01111480549090391
0.6973265587159884,0.15109929246402964,0.1403675388195071,0.011206610000474857
0.6968330088789706,0.1513698304923793,0.14059161483310384,0.01120554579554627
0.6961124032847582,0.15213366877106374,0.14045663834433,0.011297289599848104
0.6966633442498458,0.15159713322891452,0.14044330533010585,0.011296217191133894
0.6963142165931407,0.1522223803424885,0.13993643565295763,0.011526967411413121
0.6966174865980359,0.1519047393140092,0.14004459414583234,0.011433179942122491
0.6965039609126702,0.15217494426260614,0.13988899957307527,0.011432095251648403
0.696969696969697,0.15232133541992696,0.13918528003035047,0.011523687580025609
0.696004549978672,0.15327740651215696,0.13896393193990236,0.011754111569268685
0.6964311104791696,0.15308782406749136,0.13877434949523673,0.01170671595810228
0.6966435953351664,0.1524130084384185,0.13937612591258178,0.011567270313833318
0.6962457337883959,0.1528251801289344,0.13936291240045506,0.011566173682214638
0.6960231312508888,0.15262833578233873,0.13978290752239655,0.011565625444375978
0.6950855409696223,0.15297853182313634,0.1403251030756836,0.011610824131557746
0.6948196596995119,0.15304042845632496,0.14062277833072656,0.011517133513436657
0.6936996684036002,0.15352913311226907,0.14107058266224537,0.011700615821885363
0.6935430385143777,0.15401013785589085,0.14079302667108817,0.011653796958643233
0.6936522974893415,0.15423969682614874,0.14050213169114165,0.011605873993368073
0.6940167700980624,0.1536311525889431,0.14079302667108817,0.011559050641906297
0.6935025573025194,0.15391172570562606,0.1409357832922902,0.011649933699564312
0.6926937828495667,0.15431601875088782,0.14134191959846584,0.011648278801079597
0.6928358350300677,0.15441072020455515,0.1411525166911312,0.01160092807424594
0.6922712859103601,0.15481092337545554,0.14113303989777085,0.01178475081641346
0.6922239575938284,0.15518954990770978,0.14084906999858016,0.011737422499881679
0.693330808917499,0.15454158186207223,0.14048374118426657,0.011643868036162257
0.6933995741660752,0.1538679914833215,0.14095102909865154,0.011781405251951739
0.6932866537351564,0.1541846051946823,0.14074845058428348,0.011780290485877844
0.6938254080908446,0.1545303998107405,0.13995741660752306,0.011686775490891886
0.6935155843541597,0.1541881473773826,0.14047202383767676,0.011824244430780874
0.6933661166012578,0.15367156839566884,0.1410468580074708,0.01191545699560263
0.6941488103684783,0.15297289626791544,0.1411948346814247,0.011683458682181543
0.6933478322537941,0.15360975840385796,0.14117535813909507,0.011867051203252802
0.6929148745096185,0.15370799262655385,0.14141891572529186,0.011958217138535709
0.6923113274419923,0.1533481404470488,0.14233731865223762,0.012003213458721233
0.692191411970334,0.15371533846662572,0.1419528555907223,0.012140393972318012
0.6916536771999433,0.15393698927778565,0.14227008643899675,0.01213924708327429
0.6913411120034012,0.15399877178893664,0.14261420000944777,0.01204591619821437
0.6913813459268005,0.15433293978748525,0.14214876033057852,0.012136953955135773
0.6909022236910438,0.1541947972239271,0.14267503895000236,0.012227940135026675
0.6900457827913343,0.1549535092273564,0.14268183319960354,0.012318874781705763
0.6895787139689579,0.15488040760484975,0.14303910930792094,0.012501769118271453
0.6902684088872116,0.1542053870465588,0.14302561441577433,0.01250058965045521
0.6907537641006277,0.1538207391324869,0.1432482182470383,0.012177278519847077
0.6910772424857264,0.15349407823337893,0.14316047751616098,0.012268201764733639
0.6898683403331604,0.1544051720069841,0.14355150771553962,0.012174979944315984
0.6895673099608362,0.1550983815410749,0.14316047751616098,0.012173830981927996
0.6896502902449384,0.1551748548775308,0.143140308650715,0.0120345462268158
0.6897414118535297,0.15496413741034354,0.1432616081540204,0.012032842582106455
0.6893492520409608,0.15511301967816526,0.14359869756028504,0.011939030720588929
0.689030431705591,0.15522528898325078,0.14376032083038454,0.011983958480773767
0.6880188679245283,0.15556603773584907,0.14433962264150943,0.012075471698113207
0.6882105958390339,0.15544652545171486,0.14436005095060622,0.011982827758645091
0.687977369165488,0.15530410183875532,0.14450730787364452,0.01221122112211221
0.6884016973125884,0.15487977369165487,0.14455445544554454,0.012164073550212163
0.6892943006646868,0.15443360203648707,0.14406260312072786,0.012209494178098336
0.6883484162895928,0.1546474358974359,0.14479638009049775,0.012207767722473605
0.6886636813575301,0.1546547254301202,0.14456752297902428,0.012114070233325478
0.6886752438851972,0.1542014232527452,0.14496441868137047,0.01215891418068712
0.6883747231515951,0.15451675227369116,0.14495075632628057,0.012157768248433155
0.6883300367335405,0.1539041160403127,0.14538005086182537,0.012385796364321371
0.688512241054614,0.1534839924670433,0.14552730696798494,0.012476459510357816
0.689095018363311,0.15316884829079952,0.14535266974291364,0.012383463602975799
0.6895658724927017,0.152839250400226,0.1452584989170355,0.012336378190036726
0.688947467520241,0.15298437205799284,0.1456411221992092,0.012427038222556957
0.6886233179636774,0.1532417427307801,0.1455255481321163,0.012609391173426179
0.6897768991810224,0.15278170008472183,0.14506260001882706,0.012378800715428786
0.6899181022310081,0.15278170008472183,0.1449684646521698,0.01233173303210016
0.6896178463855421,0.1538027108433735,0.14424887048192772,0.012330572289156627
0.6890582368990498,0.15368331922099915,0.14474550757361934,0.012512936306331733
0.6888815727589126,0.15365440692314927,0.14490640579437494,0.012557614523563165
0.6881583897667419,0.15378103837471782,0.14550413844996238,0.012556433408577879
0.6875881523272215,0.1539257169722614,0.14583921015514809,0.012646920545369065
0.6868772325625118,0.15383530738860687,0.1465501034028953,0.012737356645986088
0.6866541353383459,0.1536654135338346,0.1468984962406015,0.012781954887218045
0.6866779406238256,0.15360766629086808,0.14679631717399474,0.012918075911311538
0.687235841081995,0.15347046116276886,0.1462853385930309,0.013008359162205316
0.6876291564907008,0.15315611497275972,0.14629907946646628,0.012915649070073266
0.6875058713010803,0.15298262094880224,0.14668858619069985,0.012822921559417567
0.686965912292234,0.1532068738848718,0.1468682505399568,0.012958963282937365
0.6874002441085344,0.15322504929114636,0.14637123274809877,0.013003473852220448
0.6865377393916635,0.15405557641757417,0.14640443109275253,0.013002253098009764
0.6868810138465149,0.15395447078150667,0.14620980990377846,0.012954705468199953
0.6867464227070138,0.15421064977715224,0.14590663851747596,0.013136288998357963
0.6862128817375803,0.1544776469484449,0.1461744147863208,0.013135056527653986
0.6854744148961118,0.15449556775010553,0.14685052295858544,0.013179494395197224
0.6853605927037419,0.1548813654693801,0.14653474631904717,0.013223295507830817
0.6853658536585366,0.15473733583489682,0.14685741088180113,0.013039399624765479
0.684911589512687,0.15430795928896393,0.14778856526429343,0.012991885934055626
0.6850175849941383,0.1545134818288394,0.14743259085580304,0.013036342321219226
0.6852641942894651,0.1538281213371466,0.1478269023395377,0.013080782033850626
0.6856740914419696,0.15362250879249706,0.14776084407971865,0.012942555685814771
0.6856097904065269,0.1534674356449571,0.14798143198762131,0.01294134196089464
0.6869108474417296,0.1528865544247995,0.14739952164329598,0.012803076490174928
0.6862579677540307,0.1532620922384702,0.14745031871016123,0.013029621297337833
0.6856928628333099,0.15328740803224145,0.14799193964103285,0.013027789493415811
0.6855348859003796,0.15289817721756244,0.14854036830514034,0.01302656857691767
0.6856754603814255,0.1528513190572138,0.1484935101447917,0.012979710416569045
0.6866245022253455,0.15207308503162334,0.1482782853127196,0.013024127430311548
0.685998032510423,0.1526209771864899,0.14835808310301213,0.013022907200074952
0.6874677910517686,0.15193253689388617,0.14766924338252518,0.012930428671820099
0.686735697886895,0.15269643442814976,0.14772993487326055,0.0128379328116947
0.6868705794182397,0.15293456367979766,0.14726685090636563,0.012928005995596983
0.6864077215011948,0.1527432881975355,0.14810476502834652,0.012744225272923206
0.6857410442519316,0.15312573167876375,0.14816202294544603,0.012971201123858581
0.6839050872841297,0.15364814901483595,0.1492488416717368,0.013197922029297515
0.6840799513176988,0.15409820718063943,0.14876187801338764,0.013059963488274118
0.684875719702289,0.15405139727566353,0.14805972943874923,0.013013153583298225
0.6854495249684093,0.15369495015678383,0.14779800627135303,0.013057518603453925
0.6838830409356725,0.15452631578947368,0.14839766081871344,0.01319298245614035
0.6838486365124655,0.1548248281023434,0.1480892464568034,0.01323728892838767
0.6842179097498247,0.15496843581949965,0.1474865559971943,0.013327098433481413
0.6850474720546279,0.1547635751368037,0.1469996726065198,0.013189280202048547
0.6850102861417617,0.15447914718533756,0.14723209276229662,0.013278473910604077
0.6833863126402393,0.15524495138369485,0.14804599850411368,0.013322737471952131
0.6831354585397775,0.15541740674955595,0.14812564270356174,0.013321492007104795
0.682570093457944,0.15570093457943926,0.1483177570093458,0.013411214953271028
0.6818691588785046,0.15612149532710282,0.14864485981308412,0.013364485981308412
0.6821538749182013,0.1560717958306067,0.14859306347574086,0.01318126577545106
0.6820625496704221,0.15590668972932542,0.14894114347155346,0.013089617128698985
0.6829724547537763,0.15568442220455503,0.1484824393209559,0.012860683720712716
0.6830419743853416,0.1556511171356455,0.14826586893521548,0.013041039543797326
0.6836691757445416,0.15550049090654075,0.14792650427789986,0.012903829071017813
0.6833200916016264,0.15506846754217882,0.14857222975183437,0.013039211104360425
0.6826635514018692,0.15565420560747664,0.1485981308411215,0.013084112149532711
0.6829142910552388,0.1552481540330872,0.1488456865127582,0.012991868398915786
0.6830864139832686,0.15497499649483573,0.14899284946487826,0.01294574005701734
0.6839005235602095,0.15449700822737472,0.14884068810770382,0.012761780104712041
0.6845352152170865,0.15497499649483573,0.14768425480207506,0.012805533486002711
0.6846998364868021,0.1544498948843728,0.14790936697033402,0.012940901658491006
0.6848029142536896,0.15439940220437137,0.1477676069493742,0.013030076592564917
0.685228440624124,0.15434924787442772,0.1475754461365972,0.012846865364850977
0.6859786011306827,0.1537634910993786,0.14754940896136057,0.012708498808578236
0.6870999392608513,0.15348315656683642,0.14675512778582442,0.012661776386487876
0.686673828763604,0.15409407258629548,0.14648045214629363,0.01275164650380681
0.6861664876978384,0.154208879966385,0.14669218917783278,0.012932443157943882
0.6856009334889148,0.15365227537922987,0.14772462077012835,0.013022170361726955
0.685571581944639,0.15352658357839705,0.14797180600289409,0.012930028474069925
0.6849474912485414,0.1542590431738623,0.14786464410735123,0.012928821470245041
0.6840140023337223,0.15463243873978996,0.14847141190198365,0.012882147024504085
0.6831396705399225,0.15525689486210276,0.1486770264594708,0.012926408138503896
0.6831521485559651,0.1556944898054402,0.14818270890682592,0.012970652731768768
0.6830246769603956,0.1560386248075757,0.14792181741848207,0.013014880813546672
0.6829313803237393,0.1562718663992163,0.14782852078182582,0.012968232495218548
0.6832454626043951,0.15611440302337518,0.14780945271310597,0.012830681659123782
0.6837463250734985,0.15609687806243874,0.1474637173923188,0.012693079471743899
0.6824012314007183,0.15653715191939924,0.14818788189747656,0.012873734782405897
0.6827402882059413,0.15688103343748544,0.14746070978874223,0.012917968567830994
0.6827869234715291,0.15692766870307326,0.14741407452315441,0.012871333302243156
0.6823501981813943,0.1566332478433201,0.14814642107717416,0.012870132898111447
0.6826344512337329,0.15663043985260505,0.1480479499976678,0.012687158915994217
0.6822146555343066,0.15756331918466346,0.1475815103316386,0.012640514949391297
0.6828084907860975,0.15717284814555632,0.1475157452764171,0.012502915791929088
0.682823287926852,0.1570255644709834,0.14769546557193505,0.012455682030229521
0.6832089552238806,0.15699626865671643,0.14729477611940298,0.0125
0.6827721294655349,0.15758791157541274,0.14714112489506576,0.012498834063986568
0.6829393388352684,0.15722478668345224,0.14729332773814519,0.012542546743134238
0.6832657248099967,0.1570849069799972,0.14715344803469016,0.012495920175315894
0.6833123513778151,0.15713153354781553,0.14710682146687182,0.012449293607497552
0.6825493029978088,0.15753648188726746,0.1474660823348408,0.012448132780082987
0.6822185970636215,0.15805173619202983,0.14719179678396643,0.012537869960382196
0.6818753786643054,0.15831663326653306,0.14727128675956563,0.012536701309595936
0.6824664429530202,0.15837061894108875,0.14671886651752425,0.012444071588366891
0.6834622914141885,0.15726671017059757,0.14691898946583387,0.012352008949380069
0.6840927109079886,0.15711420976542462,0.14676118080492467,0.01203189852166208
0.683687744823727,0.15710688304420817,0.14722066778586085,0.011984704346204066
0.6837491256703194,0.15677314059221265,0.1475402191653066,0.011937514572161342
0.6834374708570363,0.15699897416767697,0.14767322577636854,0.011890329198918213
0.683420365535248,0.15684446102200672,0.14784595300261097,0.011889220440134279
0.6831360119325067,0.15656753985270813,0.14831733010161274,0.01197911811317237
0.682983682983683,0.15655011655011655,0.1486247086247086,0.011841491841491842
0.682856343805351,0.15680059662533793,0.14845716416519064,0.011885895404120444
0.6829916123019572,0.15680335507921714,0.14822926374650514,0.011975768872320597
0.682987049287245,0.15671294139569553,0.14823441721792602,0.012065592099133514
0.683215350223547,0.15699515648286141,0.14763412816691504,0.012155365126676603
0.6832789939450395,0.15663716814159293,0.1480204937121565,0.012063344201210992
0.6834311260128527,0.15618887957530037,0.14827232932849027,0.012107665083356617
0.6837571016112508,0.15604917574741548,0.14813262550060538,0.012061097140728323
0.6839728068541628,0.155894952505122,0.1480722667163345,0.012059973924380704
0.6832743527658782,0.15608120692866456,0.14863102998696218,0.012013410318495064
0.6827406442003351,0.1569074660212251,0.14820331409420964,0.012148575684230124
0.6823047565856837,0.15712557013869496,0.14842222842781347,0.012147444847807875
0.682601005399367,0.15714019735617205,0.14820331409420964,0.01205548315025135
0.6835195530726257,0.15702979515828677,0.14753258845437617,0.011918063314711359
0.682635009310987,0.15768156424581006,0.1478119180633147,0.011871508379888268
0.6830438224747357,0.15726726586876544,0.14804638383085736,0.011642527825641503
0.6823217277974306,0.15741947495810835,0.1484360454291566,0.011822751815304412
0.682939314966493,0.15673864482501862,0.14845495160089353,0.011867088607594937
0.6826681551772258,0.15675876825751234,0.14852544422737,0.012047632337891898
0.6838604651162791,0.15623255813953488,0.14786046511627907,0.012046511627906977
0.6833124099130515,0.15613521179150974,0.14841679453201284,0.01213558376342586
0.6840563537452923,0.15567024689635933,0.14818431208443764,0.01208908727391082
0.6844845217067955,0.15548015245886398,0.1478572092590871,0.012178116575253323
0.6841518375691121,0.15527575152162804,0.1482600009292385,0.012312409980021373
0.6832698913749884,0.1549995357905487,0.149057654813852,0.0126729180206109
0.6835090326475642,0.1552500812706079,0.14884131333302372,0.01239957274880416
0.6835407765186698,0.15460709641463868,0.14954486345903772,0.012307263607653725
0.6839440806279318,0.15419627513817286,0.1496446983419256,0.012214945891969718
0.6831205015091711,0.15426050615277456,0.15035987926631067,0.012259113071743674
0.6834919897840724,0.15402832598096122,0.15026700719758532,0.012212677037381008
0.6829959138187222,0.15462481426448738,0.1502135958395245,0.012165676077265973
0.6820417633410673,0.15494199535962877,0.1505800464037123,0.012436194895591647
0.6821514757750139,0.15528123259699275,0.15022275849266753,0.012344533135325785
0.6821345707656613,0.15480278422273783,0.15071925754060325,0.01234338747099768
0.6822781284812477,0.15493873004084663,0.15062198291867807,0.012161158559227628
0.6832064611956925,0.15438173041217973,0.15029706646862234,0.012114741923505385
0.682927961381359,0.15479948013367992,0.15020423319717788,0.012068325287783142
0.6825522041763341,0.15503480278422274,0.15025522041763342,0.012157772621809745
0.6826280623608018,0.15520601336302894,0.1500092798812175,0.012156644394951744
0.682577233509602,0.15511643009555617,0.1500603024399295,0.01224603395491233
0.6822989145560813,0.15516281658780964,0.15033862139345022,0.012199647462658874
0.6811016320474778,0.15578635014836795,0.15073256676557864,0.012379451038575668
0.6812111657238246,0.15561532041175924,0.15088565334322546,0.012287860521190764
0.681274346132443,0.15600074197736968,0.15052865887590428,0.012196253014283065
0.6816453348172881,0.15562975329252457,0.1505750324615099,0.012149879428677426
0.6809457579972183,0.15623551228558183,0.15057950857672694,0.01223922114047288
0.680461581240152,0.15608490128834923,0.15107980350356845,0.0123737139679303
0.6803020476234597,0.1558880756045585,0.15130176966552394,0.012508107106457889
0.6804539138490042,0.15595182955071793,0.1510421491431218,0.01255210745715609
0.68088753010932,0.155780989438577,0.15087085417824717,0.012460626273855847
0.6810372771474879,0.15522111599907387,0.15119240564945588,0.012549201203982403
0.6810165254825719,0.15474702587603573,0.15155302504281812,0.012683423598574273
0.6808904521682788,0.15467209700560003,0.15171009395103438,0.012727356875086778
0.6804867891351627,0.1546434686039517,0.15209846837258803,0.012771273888297626
0.6802721088435374,0.1544263964089037,0.152621592854829,0.012679901892729882
0.6805369127516778,0.15450127285350612,0.1524184216616524,0.012543392733163619
0.6807201036653091,0.15461865975564607,0.1521195853387634,0.012541651240281377
0.6809977786005184,0.15485005553498704,0.15165679378008146,0.01249537208441318
0.6815826006478483,0.15414160111059694,0.15178158260064784,0.012494215640906987
0.6818434203220433,0.15357208957986304,0.15209143068665557,0.01249305941143809
0.6816898801536254,0.1531164684651335,0.15279255934477812,0.012401092036462913
0.6811158401184307,0.15312731310140637,0.15331236121391562,0.012444485566247224
0.6814249363867685,0.15299560490400185,0.1532269257460097,0.012352532963219986
0.6815805302364317,0.15268588349604406,0.1534724471382964,0.01226113912922778
0.6814544108803257,0.15265763056853401,0.15358282832955544,0.012305130221584864
0.6815805302364317,0.15291722574376532,0.15333364178966363,0.012168602230139268
0.681214421252372,0.1536539084555931,0.15314481418058962,0.011986856111445366
0.680533061866642,0.15413446855767896,0.15330155939105086,0.012030910184628199
0.6802183062763054,0.15401692798667962,0.15355441468942232,0.012210351047592619
0.6805086705202312,0.15375722543352602,0.15347976878612718,0.012254335260115608
0.6805549132947977,0.15366473988439305,0.15357225433526012,0.012208092485549132
0.6808913958111794,0.15335891626982293,0.15349761893753758,0.012252068981460076
0.6802903509177494,0.15345138471496603,0.15405242960839613,0.012205834758888529
0.6803866253526337,0.15367895296674838,0.15391018822550062,0.012024233455117236
0.6797153024911032,0.15385681933724638,0.15413412210565236,0.012293756065998059
0.6800388223875768,0.15404168784951702,0.15367195082497573,0.012247538937930397
0.6792662076613835,0.15447530151102074,0.1539670070699136,0.012291483757682178
0.6784476784476784,0.1552783552783553,0.15393855393855393,0.012335412335412336
0.678612663372281,0.15572899829122985,0.15318893455872165,0.012469403777767516
0.6786885245901639,0.15548372200415608,0.15335950126991457,0.012468252135765412
0.6784411506672208,0.155654061042619,0.1534376875836912,0.01246710070646904
0.6784708435292488,0.15591670898933468,0.15314649799159702,0.012465949489819475
0.6790858725761773,0.15526315789473685,0.15323176361957525,0.012419205909510619
0.679006646971935,0.15504985228951257,0.1534804283604136,0.012463072378138847
0.6790824333056402,0.15475860795716792,0.15369703683190253,0.012461921905289393
0.6783110290724504,0.15477618827872636,0.15440701430549147,0.012505768343331796
0.6782813365331364,0.15506738046889423,0.15423666235923944,0.012414620638729924
0.6776619302454328,0.1553792212585348,0.15441040782432183,0.012548440671710648
0.675998524121391,0.15621252651969375,0.1551517387694862,0.012637210589429019
0.675643272157152,0.15590703679793416,0.15576869869962187,0.012680992345291893
0.674981556621173,0.15607709332349687,0.15626152711176688,0.01267982294356326
0.6740884156179413,0.15659429308993686,0.1565481952703637,0.01276909602175817
0.673825874544868,0.15647324514909897,0.15688804903903766,0.012812831266995436
0.6732408644762914,0.1569052117413944,0.1569973733929312,0.012856550389382979
0.6730724918198996,0.15678141849854832,0.15738052444813125,0.012765565233420895
0.6723335636950012,0.15696844045150887,0.15784381478921908,0.012854181064270906
0.6717174043199926,0.15750932621010455,0.15778565836135033,0.01298761110855248
0.672795134089024,0.15749700488434246,0.1569901391576813,0.01271772186895217
0.671872120877096,0.15791413303851115,0.1574074074074074,0.012806338676985444
0.6719786293294031,0.1581613854089904,0.15700994841562269,0.012850036845983787
0.6717008932682568,0.15871627221659454,0.15664425821898886,0.012938576296159868
0.6714404125990053,0.15877693866273715,0.15693497881746177,0.012847669920795727
0.6704257767548907,0.15903337169159953,0.15756041426927503,0.012980437284234753
0.6701951399116347,0.15882731958762886,0.15799889543446244,0.012978645066273933
0.6699493787390705,0.15959502991256327,0.15747814081914405,0.012977450529222273
0.6686758074905678,0.16025582037360817,0.15804729916260238,0.01302107297322168
0.6687062937062938,0.16019506808980494,0.15807876334192122,0.013019874861980125
0.6687206842637726,0.1601673871056746,0.15791409914467028,0.01319782948588246
0.6685677490571245,0.1601508600864686,0.15821911507680986,0.013062275779597093
0.6688897065587343,0.16005887222886578,0.15803513936160427,0.013016281850795695
0.6691047934492593,0.15962830067163492,0.15838623608427638,0.012880669794829332
0.6689214062212405,0.15930425179458862,0.1590741763298362,0.012700165654334622
0.668521755128323,0.1594609511544476,0.15913899365283782,0.0128783000643915
0.6692279377933192,0.15910554890954265,0.1590135271924174,0.012652986104720714
0.6691670501610677,0.1587206626783249,0.15959502991256327,0.01251725724804418
0.6692442235110007,0.15884194053208137,0.15953235754395656,0.012381478412961429
0.6693370165745857,0.1589318600368324,0.1595303867403315,0.01220073664825046
0.6690147329650092,0.15930018416206262,0.1595303867403315,0.012154696132596685
0.6696749240261535,0.15903858550511096,0.15922276452712036,0.01206372594161525
0.6690763422046229,0.15931485403812506,0.15959112257113914,0.012017681186112902
0.6678632242625063,0.15951033181462562,0.16043076073450227,0.012195683188365778
0.6675410741405495,0.15974043904459478,0.16056882507248377,0.012149661742371946
0.6681393529384694,0.16015463205853928,0.1596023747066133,0.012103640296378112
0.6667586333747183,0.16080378902837172,0.15997608865590657,0.012461488941003357
0.6663140951942975,0.16123246723384685,0.16008277765003448,0.012370659921821108
0.6664826824893059,0.16149211167839567,0.15979025803780875,0.012234947794489673
0.666896551724138,0.1609655172413793,0.15977011494252874,0.012367816091954023
0.6659310344827586,0.16179310344827585,0.15995402298850575,0.01232183908045977
0.6653487195990989,0.1621074893108363,0.16026849340260219,0.012275297687462645
0.665042966775424,0.16263039382381325,0.15987316759340103,0.012453471807361794
0.6644924207625172,0.1628847037207166,0.1600367478180983,0.012586127698667892
0.6651504709395819,0.16278428669882838,0.1596600045945325,0.012405237767057202
0.6652119987137672,0.1631218705498645,0.15921723551839773,0.012448895217970508
0.665732788315804,0.16267854682404814,0.15909612823221422,0.01249253662793368
0.6647380263580842,0.16287826606052258,0.1598475455756073,0.01253616200578592
0.663329506314581,0.1637198622273249,0.16050516647531574,0.012445464982778416
0.6630694342395298,0.1643093313739897,0.16022226304188097,0.012398971344599559
0.6629935720844812,0.1642791551882461,0.16028466483011938,0.012442607897153351
0.6633449669360764,0.1642174871418075,0.16013041880969875,0.01230712711241734
0.6635912971633159,0.1637290002754062,0.160194620398421,0.01248508216285688
