btrf_pt-O+,btrf_pt-A+,btrf_pt-B+,btrf_pt-AB+,btrf_pt-O-,btrf_pt-A-,btrf_pt-B-,btrf_pt-AB-
1.0,0.0,0.0,0.0,0.0,0.0,0.0,0.0
1.0,0.0,0.0,0.0,0.0,0.0,0.0,0.0
1.0,0.0,0.0,0.0,0.0,0.0,0.0,0.0
1.0,0.0,0.0,0.0,0.0,0.0,0.0,0.0
1.0,0.0,0.0,0.0,0.0,0.0,0.0,0.0
1.0,0.0,0.0,0.0,0.0,0.0,0.0,0.0
1.0,0.0,0.0,0.0,0.0,0.0,0.0,0.0
1.0,0.0,0.0,0.0,0.0,0.0,0.0,0.0
1.0,0.0,0.0,0.0,0.0,0.0,0.0,0.0
1.0,0.0,0.0,0.0,0.0,0.0,0.0,0.0
1.0,0.0,0.0,0.0,0.0,0.0,0.0,0.0
1.0,0.0,0.0,0.0,0.0,0.0,0.0,0.0
1.0,0.0,0.0,0.0,0.0,0.0,0.0,0.0
1.0,0.0,0.0,0.0,0.0,0.0,0.0,0.0
1.0,0.0,0.0,0.0,0.0,0.0,0.0,0.0
1.0,0.0,0.0,0.0,0.0,0.0,0.0,0.0
1.0,0.0,0.0,0.0,0.0,0.0,0.0,0.0
1.0,0.0,0.0,0.0,0.0,0.0,0.0,0.0
1.0,0.0,0.0,0.0,0.0,0.0,0.0,0.0
1.0,0.0,0.0,0.0,0.0,0.0,0.0,0.0
1.0,0.0,0.0,0.0,0.0,0.0,0.0,0.0
1.0,0.0,0.0,0.0,0.0,0.0,0.0,0.0
1.0,0.0,0.0,0.0,0.0,0.0,0.0,0.0
1.0,0.0,0.0,0.0,0.0,0.0,0.0,0.0
1.0,0.0,0.0,0.0,0.0,0.0,0.0,0.0
1.0,0.0,0.0,0.0,0.0,0.0,0.0,0.0
1.0,0.0,0.0,0.0,0.0,0.0,0.0,0.0
1.0,0.0,0.0,0.0,0.0,0.0,0.0,0.0
1.0,0.0,0.0,0.0,0.0,0.0,0.0,0.0
1.0,0.0,0.0,0.0,0.0,0.0,0.0,0.0
1.0,0.0,0.0,0.0,0.0,0.0,0.0,0.0
1.0,0.0,0.0,0.0,0.0,0.0,0.0,0.0
1.0,0.0,0.0,0.0,0.0,0.0,0.0,0.0
1.0,0.0,0.0,0.0,0.0,0.0,0.0,0.0
1.0,0.0,0.0,0.0,0.0,0.0,0.0,0.0
1.0,0.0,0.0,0.0,0.0,0.0,0.0,0.0
1.0,0.0,0.0,0.0,0.0,0.0,0.0,0.0
1.0,0.0,0.0,0.0,0.0,0.0,0.0,0.0
1.0,0.0,0.0,0.0,0.0,0.0,0.0,0.0
1.0,0.0,0.0,0.0,0.0,0.0,0.0,0.0
1.0,0.0,0.0,0.0,0.0,0.0,0.0,0.0
1.0,0.0,0.0,0.0,0.0,0.0,0.0,0.0
1.0,0.0,0.0,0.0,0.0,0.0,0.0,0.0
1.0,0.0,0.0,0.0,0.0,0.0,0.0,0.0
1.0,0.0,0.0,0.0,0.0,0.0,0.0,0.0
1.0,0.0,0.0,0.0,0.0,0.0,0.0,0.0
1.0,0.0,0.0,0.0,0.0,0.0,0.0,0.0
1.0,0.0,0.0,0.0,0.0,0.0,0.0,0.0
1.0,0.0,0.0,0.0,0.0,0.0,0.0,0.0
1.0,0.0,0.0,0.0,0.0,0.0,0.0,0.0
1.0,0.0,0.0,0.0,0.0,0.0,0.0,0.0
1.0,0.0,0.0,0.0,0.0,0.0,0.0,0.0
1.0,0.0,0.0,0.0,0.0,0.0,0.0,0.0
1.0,0.0,0.0,0.0,0.0,0.0,0.0,0.0
1.0,0.0,0.0,0.0,0.0,0.0,0.0,0.0
1.0,0.0,0.0,0.0,0.0,0.0,0.0,0.0
1.0,0.0,0.0,0.0,0.0,0.0,0.0,0.0
1.0,0.0,0.0,0.0,0.0,0.0,0.0,0.0
1.0,0.0,0.0,0.0,0.0,0.0,0.0,0.0
1.0,0.0,0.0,0.0,0.0,0.0,0.0,0.0
1.0,0.0,0.0,0.0,0.0,0.0,0.0,0.0
1.0,0.0,0.0,0.0,0.0,0.0,0.0,0.0
1.0,0.0,0.0,0.0,0.0,0.0,0.0,0.0
1.0,0.0,0.0,0.0,0.0,0.0,0.0,0.0
1.0,0.0,0.0,0.0,0.0,0.0,0.0,0.0
1.0,0.0,0.0,0.0,0.0,0.0,0.0,0.0
1.0,0.0,0.0,0.0,0.0,0.0,0.0,0.0
1.0,0.0,0.0,0.0,0.0,0.0,0.0,0.0
1.0,0.0,0.0,0.0,0.0,0.0,0.0,0.0
1.0,0.0,0.0,0.0,0.0,0.0,0.0,0.0
1.0,0.0,0.0,0.0,0.0,0.0,0.0,0.0
1.0,0.0,0.0,0.0,0.0,0.0,0.0,0.0
1.0,0.0,0.0,0.0,0.0,0.0,0.0,0.0
1.0,0.0,0.0,0.0,0.0,0.0,0.0,0.0
1.0,0.0,0.0,0.0,0.0,0.0,0.0,0.0
1.0,0.0,0.0,0.0,0.0,0.0,0.0,0.0
1.0,0.0,0.0,0.0,0.0,0.0,0.0,0.0
1.0,0.0,0.0,0.0,0.0,0.0,0.0,0.0
1.0,0.0,0.0,0.0,0.0,0.0,0.0,0.0
1.0,0.0,0.0,0.0,0.0,0.0,0.0,0.0
1.0,0.0,0.0,0.0,0.0,0.0,0.0,0.0
1.0,0.0,0.0,0.0,0.0,0.0,0.0,0.0
1.0,0.0,0.0,0.0,0.0,0.0,0.0,0.0
1.0,0.0,0.0,0.0,0.0,0.0,0.0,0.0
1.0,0.0,0.0,0.0,0.0,0.0,0.0,0.0
1.0,0.0,0.0,0.0,0.0,0.0,0.0,0.0
1.0,0.0,0.0,0.0,0.0,0.0,0.0,0.0
1.0,0.0,0.0,0.0,0.0,0.0,0.0,0.0
1.0,0.0,0.0,0.0,0.0,0.0,0.0,0.0
1.0,0.0,0.0,0.0,0.0,0.0,0.0,0.0
1.0,0.0,0.0,0.0,0.0,0.0,0.0,0.0
1.0,0.0,0.0,0.0,0.0,0.0,0.0,0.0
1.0,0.0,0.0,0.0,0.0,0.0,0.0,0.0
1.0,0.0,0.0,0.0,0.0,0.0,0.0,0.0
1.0,0.0,0.0,0.0,0.0,0.0,0.0,0.0
1.0,0.0,0.0,0.0,0.0,0.0,0.0,0.0
1.0,0.0,0.0,0.0,0.0,0.0,0.0,0.0
1.0,0.0,0.0,0.0,0.0,0.0,0.0,0.0
1.0,0.0,0.0,0.0,0.0,0.0,0.0,0.0
1.0,0.0,0.0,0.0,0.0,0.0,0.0,0.0
0.9867385818199812,0.013261418180018804,0.0,0.0,0.0,0.0,0.0,0.0
0.97347978823413,0.02652021176587007,0.0,0.0,0.0,0.0,0.0,0.0
0.9602236184633651,0.03977638153663484,0.0,0.0,0.0,0.0,0.0,0.0
0.9469700717289141,0.053029928271085824,0.0,0.0,0.0,0.0,0.0,0.0
0.9336729646849342,0.05302205955089524,0.013304975764170541,0.0,0.0,0.0,0.0,0.0
0.9204253214638971,0.05301681503461919,0.02655786350148368,0.0,0.0,0.0,0.0,0.0
0.9071802986846009,0.053011571555731385,0.03980812975966769,0.0,0.0,0.0,0.0,0.0
0.8939431396786156,0.05295426452410383,0.05310259579728059,0.0,0.0,0.0,0.0,0.0
0.8939588688946015,0.05294641091556258,0.053094720189835874,0.0,0.0,0.0,0.0,0.0
0.8939251643517374,0.05298798873016657,0.05308684691809599,0.0,0.0,0.0,0.0,0.0
0.8938809806247529,0.053034796362198496,0.05308422301304864,0.0,0.0,0.0,0.0,0.0
0.8939408915686469,0.05302955421567659,0.05302955421567659,0.0,0.0,0.0,0.0,0.0
0.89390195690848,0.053073729986163276,0.05302431310535679,0.0,0.0,0.0,0.0,0.0
0.8938083708059495,0.05316993625537382,0.05302169293867668,0.0,0.0,0.0,0.0,0.0
0.8938188645684075,0.05311527249370028,0.053065862937892186,0.0,0.0,0.0,0.0,0.0
0.8938840035569607,0.05310740045450054,0.05300859598853868,0.0,0.0,0.0,0.0,0.0
0.8936916464950847,0.05320357654497851,0.05310477695993677,0.0,0.0,0.0,0.0,0.0
0.8934993084370678,0.05329974313376803,0.053200948429164195,0.0,0.0,0.0,0.0,0.0
0.8933175285227442,0.05339062577171927,0.05329184570553662,0.0,0.0,0.0,0.0,0.0
0.8932292952738407,0.0533359672082572,0.05343473751790212,0.0,0.0,0.0,0.0,0.0
0.8922522344575576,0.05426892499135845,0.0534788405510839,0.0,0.0,0.0,0.0,0.0
0.8911272404088283,0.05539920011850096,0.05347355947267072,0.0,0.0,0.0,0.0,0.0
0.8895087632683288,0.05697358676869908,0.053517649962972105,0.0,0.0,0.0,0.0,0.0
0.8876548694407423,0.058788686509699394,0.05350708327163236,4.936077792586011e-05,0.0,0.0,0.0,0.0
0.885296875771186,0.06085583140022704,0.05379793692315286,4.935590543408519e-05,0.0,0.0,0.0,0.0
0.8821120157907723,0.06326178139649642,0.05452751048605971,9.869232667160128e-05,0.0,0.0,0.0,0.0
0.8782857424668343,0.06549292301622528,0.05587611579622232,0.00034521872071805495,0.0,0.0,0.0,0.0
0.8740821053669114,0.06761618451530235,0.057661031984623724,0.0006406781331624858,0.0,0.0,0.0,0.0
0.8701285904320836,0.06936985761442578,0.05976252648174607,0.0007390254717445928,0.0,0.0,0.0,0.0
0.8659443486825905,0.07136173356316178,0.06180743659197242,0.0008864811622753016,0.0,0.0,0.0,0.0
0.8613612874649343,0.07323195039125942,0.06422560165362469,0.0011811604901816035,0.0,0.0,0.0,0.0
0.856391088378498,0.07613239561304283,0.06600108198495057,0.001475434023508582,0.0,0.0,0.0,0.0
0.8507741459818137,0.07903661833374294,0.06846891128041288,0.0017203244040304743,0.0,0.0,0.0,0.0
0.8461802996806681,0.08169982805207565,0.07020388111029231,0.001915991156963891,0.0,0.0,0.0,0.0
0.8401158509646065,0.08526827352609101,0.07235776348731039,0.0022581120219920476,0.0,0.0,0.0,0.0
0.8349276428746627,0.08780966396860436,0.07471179789060584,0.002550895266127054,0.0,0.0,0.0,0.0
0.8285714285714286,0.09090909090909091,0.07753001715265866,0.0029894633668218575,0.0,0.0,0.0,0.0
0.8231029246068682,0.0931759173075981,0.08058590114142948,0.0031352569441042474,0.0,0.0,0.0,0.0
0.8172959208657754,0.09612653640859899,0.08329660643455267,0.0032809362910729153,0.0,0.0,0.0,0.0
0.8112432115074123,0.0989774450804834,0.0861098879592935,0.003669455452810803,0.0,0.0,0.0,0.0
0.8058475529262211,0.10120764679998044,0.08898450105119053,0.00396029922260793,0.0,0.0,0.0,0.0
0.8015838099428069,0.10284988023659383,0.09155790194065601,0.004008407879943296,0.0,0.0,0.0,0.0
0.7983189170698334,0.10355275375067194,0.09402335923373895,0.004104969945755754,0.0,0.0,0.0,0.0
0.7948993550908735,0.10426030877467266,0.09663865546218488,0.004201680672268907,0.0,0.0,0.0,0.0
0.7922813873961896,0.1049829018075232,0.09853444064484612,0.004201270151441133,0.0,0.0,0.0,0.0
0.7901524032825322,0.10585189527159046,0.09979484173505275,0.004200859710824541,0.0,0.0,0.0,0.0
0.7880164078523293,0.10669987303447602,0.10098642445551323,0.004297294657681414,0.0,0.0,0.0,0.0
0.7867708079082255,0.10729802294361727,0.1015377105198926,0.004393458628264584,0.0,0.0,0.0,0.0
0.7854737150388051,0.10787328549812077,0.10225996973690633,0.004393029726167814,0.0,0.0,0.0,0.0
0.7840304553662941,0.10869246912977695,0.10288447459612475,0.004392600907804188,0.0,0.0,0.0,0.0
0.7824241241338928,0.10949546208646434,0.10364008978237534,0.004440323997267493,0.0,0.0,0.0,0.0
0.7806127427066055,0.11054737047516831,0.1043516440628354,0.00448824275539077,0.0,0.0,0.0,0.0
0.7788775659466576,0.1115607781949388,0.10488078404602857,0.004680871812375055,0.0,0.0,0.0,0.0
0.7766294544922732,0.11295276166333544,0.10568907522059182,0.004728708623799541,0.0,0.0,0.0,0.0
0.7740143281836347,0.1144792631219845,0.1066816121643355,0.004824796530045324,0.0,0.0,0.0,0.0
0.771952051456973,0.11572946106617289,0.1074943962576747,0.004824091219179418,0.0,0.0,0.0,0.0
0.7691520966249452,0.11727463108167341,0.1085569570934593,0.005016315199922077,0.0,0.0,0.0,0.0
0.7660289177742077,0.11937101406942213,0.1094396572708242,0.005160410885545981,0.0,0.0,0.0,0.0
0.7624470725653381,0.12152625687448289,0.1107704287730569,0.005256241787122208,0.0,0.0,0.0,0.0
0.7584277861555675,0.12370482074232622,0.11241912730456778,0.005448265797538552,0.0,0.0,0.0,0.0
0.7543629381167664,0.12614846142627972,0.11375236984103836,0.0057362306159156095,0.0,0.0,0.0,0.0
0.7505467269281236,0.1279098022063469,0.11571171696554405,0.005831753899985421,0.0,0.0,0.0,0.0
0.7461019089716812,0.1305192597270122,0.11735561276533735,0.006023218535969301,0.0,0.0,0.0,0.0
0.7425603184620613,0.13257925141997184,0.11859799019369872,0.006262439924268168,0.0,0.0,0.0,0.0
0.7389468575588449,0.13428779422470274,0.12040766804173744,0.006357680174714875,0.0,0.0,0.0,0.0
0.7349502789231143,0.13606597138006307,0.12243512005821004,0.00654862963861266,0.0,0.0,0.0,0.0
0.730409498425006,0.13796946934819482,0.12464259752847104,0.006978434698328083,0.0,0.0,0.0,0.0
0.7271450026645996,0.1397219126980282,0.12605978392519743,0.007073300712174798,0.0,0.0,0.0,0.0
0.7235319746332962,0.14101757273563442,0.12804376240499588,0.007406690226073486,0.0,0.0,0.0,0.0
0.7196438077723467,0.14305763925857815,0.12979722208778977,0.007501330881285389,0.0,0.0,0.0,0.0
0.7157711466847222,0.14470184262707356,0.13174058132224212,0.00778642936596218,0.0,0.0,0.0,0.0
0.712275782043224,0.14635207658463473,0.13349127302615674,0.007880868345984626,0.0,0.0,0.0,0.0
0.7091849060250278,0.14760593322703774,0.1350437261438856,0.008165434604048895,0.0,0.0,0.0,0.0
0.7067974298275279,0.14870283588579158,0.1363350886516257,0.008164645635054833,0.0,0.0,0.0,0.0
0.70417230056017,0.14999034189685145,0.13753138883523275,0.008305968707745798,0.0,0.0,0.0,0.0
0.7022786521193396,0.15018827845901322,0.1391329535579801,0.008400115863667085,0.0,0.0,0.0,0.0
0.7006756756756757,0.15053088803088804,0.1402992277992278,0.008494208494208495,0.0,0.0,0.0,0.0
0.6994451145958986,0.1510735826296743,0.14094089264173704,0.008540410132689987,0.0,0.0,0.0,0.0
0.6983598649300531,0.15190545103714423,0.14114809454896285,0.008586589483839845,0.0,0.0,0.0,0.0
0.696836724852927,0.15271482303018613,0.14172051306779823,0.00872793904908863,0.0,0.0,0.0,0.0
0.6963459313536444,0.15276706517547242,0.14206517547242575,0.008821827998457385,0.0,0.0,0.0,0.0
0.6964234069218163,0.15193290272823676,0.14282271281210837,0.00882097753783862,0.0,0.0,0.0,0.0
0.6983805668016194,0.14936379410063622,0.1434355118565645,0.008820127241179873,0.0,0.0,0.0,0.0
0.7007999228989977,0.14726291441788744,0.14307054741711642,0.008866615265998457,0.0,0.0,0.0,0.0
0.7029865125240847,0.14547206165703275,0.14253371868978806,0.009007707129094412,0.0,0.0,0.0,0.0
0.7056981840951785,0.14426087375367275,0.1410336688984153,0.00900727325273349,0.0,0.0,0.0,0.0
0.7086303217106531,0.14380658832594875,0.138508957811597,0.009054132151801194,0.0,0.0,0.0,0.0
0.7105035140078945,0.14335226725714836,0.13690189660152113,0.009242322133436025,0.0,0.0,0.0,0.0
0.7132544036962172,0.14375782077197036,0.13369910482240832,0.009288670709404177,0.0,0.0,0.0,0.0
0.7145125589452411,0.1437301510922914,0.1324222885189106,0.009335001443556925,0.0,0.0,0.0,0.0
0.7163267269578603,0.1424379449682509,0.13180681162208965,0.009428516451799115,0.0,0.0,0.0,0.0
0.7187920753991152,0.1402192729371033,0.13141950375072128,0.009569147913060204,0.0,0.0,0.0,0.0
0.7205536066125234,0.13811331635350088,0.13152962660387332,0.00980345043010236,0.0,0.0,0.0,0.0
0.722932078009415,0.13536362762993565,0.1317609760783937,0.009943318282255741,0.0,0.0,0.0,0.0
0.724687800192123,0.1355907780979827,0.1297790585975024,0.00994236311239193,0.0,0.0,0.0,0.0
0.7252472870450398,0.1366080860462883,0.12810909440122922,0.010035532507442619,0.0,0.0,0.0,0.0
0.7255664362519201,0.1381048387096774,0.12620007680491552,0.010128648233486944,0.0,0.0,0.0,0.0
0.7261036468330134,0.13929942418426103,0.12432821497120922,0.010268714011516316,0.0,0.0,0.0,0.0
0.7239013625023988,0.1409998080982537,0.12478411053540588,0.010314718863941662,0.0,0.0,0.0,0.0
0.7211031175059952,0.1422062350119904,0.1262829736211031,0.01040767386091127,0.0,0.0,0.0,0.0
0.7177643562458058,0.14389799635701275,0.1276962899050906,0.010641357492090883,0.0,0.0,0.0,0.0
0.7146554203009681,0.14535608166395092,0.12930125563117031,0.010687242403910668,0.0,0.0,0.0,0.0
0.712513174283798,0.14625850340136054,0.13040145635719078,0.010826865957650665,0.0,0.0,0.0,0.0
0.7097299367937177,0.14709825703888144,0.13215859030837004,0.011013215859030838,0.0,0.0,0.0,0.0
0.7077946950110121,0.1478502346069137,0.13334290912573016,0.011012161256343963,0.0,0.0,0.0,0.0
0.705820409726211,0.14833429063756462,0.13474057055332184,0.011104729082902547,0.0,0.0,0.0,0.0
0.7047846889952153,0.14827751196172248,0.13569377990430623,0.011244019138755982,0.0,0.0,0.0,0.0
0.7038082480145441,0.14840685101904125,0.1365419577073964,0.011242943259018276,0.0,0.0,0.0,0.0
0.7025540462980677,0.14898603405395064,0.13712454562846757,0.011335374019514061,0.0,0.0,0.0,0.0
0.701845830145371,0.148814078041316,0.13795906656465187,0.011381025248661056,0.0,0.0,0.0,0.0
0.7012235923907848,0.1486473568492496,0.13856227894082784,0.011566771819137749,0.0,0.0,0.0,0.0
0.7011087746128847,0.14877652456509272,0.13854903460141466,0.011565666220607914,0.0,0.0,0.0,0.0
0.7007452703993885,0.14843302121154214,0.13911714121918595,0.011704567169883433,0.0,0.0,0.0,0.0
0.7007832648772566,0.14810392587639698,0.13931607603400517,0.011796733212341199,0.0,0.0,0.0,0.0
0.7015859367536066,0.147558994936467,0.13919938855450464,0.011655679755421802,0.0,0.0,0.0,0.0
0.7013892204134243,0.1474674177686542,0.13925621807418723,0.011887143743734186,0.0,0.0,0.0,0.0
0.7022007924762496,0.14722872010311738,0.1387310832100062,0.01183940421062682,0.0,0.0,0.0,0.0
0.7027684964200477,0.14682577565632457,0.13852028639618139,0.0118854415274463,0.0,0.0,0.0,0.0
0.7051435121065953,0.14575672190649028,0.13754238502316252,0.01155738096375185,0.0,0.0,0.0,0.0
0.7063571667383102,0.14534078425753452,0.1368390886946554,0.011462960309499929,0.0,0.0,0.0,0.0
0.7064049290729331,0.14514973491904284,0.13703013803314706,0.011415197974877013,0.0,0.0,0.0,0.0
0.7071377417044641,0.14504655048937695,0.13626163762234422,0.011554070183814753,0.0,0.0,0.0,0.0
0.7084606569900688,0.14443277310924368,0.1356474407944996,0.01145912910618793,0.0,0.0,0.0,0.0
0.708705410438852,0.14488324339811853,0.1350938350604078,0.011317511102621651,0.0,0.0,0.0,0.0
0.7077305066131881,0.14520364799694407,0.13574941507902402,0.01131643031084372,0.0,0.0,0.0,0.0
0.7075232863625508,0.14564127059947457,0.13575352280869357,0.011081920229281108,0.0,0.0,0.0,0.0
0.7080208283571394,0.14508192805617923,0.13590980748101084,0.010987436105670472,0.0,0.0,0.0,0.0
0.7078120523350205,0.14497182695062555,0.1360901537579983,0.011125966956355648,0.0,0.0,0.0,0.0
0.7082815932753844,0.14423536154360492,0.13649823287802082,0.01093705224949852,4.776005349125991e-05,0.0,0.0,0.0
0.7087870105062082,0.14455587392550143,0.1356255969436485,0.010888252148997135,0.00014326647564469913,0.0,0.0,0.0
0.7087591938102971,0.14466520202502628,0.13559079186168688,0.01074601203553348,0.00019104021396503963,0.0,4.776005349125991e-05,0.0
0.7072110792741165,0.14527220630372492,0.13653295128939827,0.010744985673352435,0.00019102196752626553,0.0,4.775549188156638e-05,0.0
0.7071073748567062,0.14563431410011463,0.13636797860145206,0.010555980129919755,0.00028658769583492547,0.0,4.776461597248758e-05,0.0
0.7060423825887744,0.14585719740358916,0.13678885070637647,0.010786559755631921,0.000429553264604811,0.0,9.545628102329134e-05,0.0
0.7058262155842916,0.14587011499737557,0.1368039318604762,0.010736269504222932,0.000620317793577325,4.771675335210192e-05,9.543350670420384e-05,0.0
0.7049313239221671,0.14598435711560473,0.13725677222434185,0.01082602060282335,0.0008107592521938192,4.769172071728348e-05,0.00014307516215185043,0.0
0.7037090007627765,0.14607170099160946,0.13811022120518687,0.01082189168573608,0.0010011441647597254,0.00014302059496567506,0.00014302059496567506,0.0
0.7018822968787229,0.14710507505360973,0.1384798665713605,0.010721944245889922,0.0014295925661186562,0.0002382654276864427,0.0001429592566118656,0.0
0.7004998809807189,0.14696500833134968,0.13920495120209475,0.010759343013568198,0.0019995239228755056,0.00038086169959533443,0.00019043084979766722,0.0
0.6994480921115235,0.14711199923874774,0.13959463317156723,0.010752688172043012,0.002426491578646874,0.0004757826624797792,0.0001903130649919117,0.0
0.6987356212567735,0.14697214564122066,0.13969959121589504,0.010837532084798936,0.0028995151630383117,0.0006654624964350223,0.0001901321418385778,0.0
0.6975065305153171,0.1476608881500831,0.1395867964853954,0.010876276418902873,0.003229636665875089,0.0009023984801709808,0.00023747328425552126,0.0
0.6966937052321996,0.14733646411460558,0.1397466913334282,0.011005170532707177,0.003984630710118116,0.000996157677529529,0.0002371803994117926,0.0
0.6960003791109848,0.14714245095251635,0.1397023978769785,0.010946829684390105,0.004786276182352384,0.0011373329542223485,0.0002843332385555871,0.0
0.6947836788791063,0.14744864148442677,0.13963836031430465,0.010981728675565653,0.005443529300388147,0.0012307109722616682,0.00047335037394679544,0.0
0.6942500472857953,0.1470115377340647,0.1395876678645735,0.01087573292982788,0.0063362965765084165,0.001418573860412332,0.0005201437488178551,0.0
0.6942121426884007,0.14698795180722893,0.13886132766359555,0.010772501771793055,0.007181667847862037,0.001417434443656981,0.0005669737774627923,0.0
0.6938650306748466,0.1470504955167532,0.13817838603114677,0.010854176498348278,0.007645115620575744,0.001510146295422369,0.0008494572911750826,4.719207173194903e-05
0.6937986323980193,0.14680499882103276,0.137844847913228,0.010799339778354162,0.00825277057297807,0.001603395425607168,0.0008488564017920301,4.715868898844612e-05
0.6942873303167421,0.14644607843137256,0.13720776772247362,0.01069947209653092,0.008814102564102564,0.0016496983408748115,0.0008484162895927602,4.71342383107089e-05
0.6949352179034158,0.1461012956419317,0.13653710247349823,0.010647820965842167,0.009093050647820965,0.0017432273262661955,0.000895170789163722,4.7114252061248525e-05
0.694933609567756,0.14620020717581694,0.13598267256803842,0.010688388737169225,0.009322911761936153,0.001789245691684716,0.000988793671720501,9.417082587814295e-05
0.6949607114289748,0.1458617606926081,0.1357925939867313,0.010774949418905565,0.009551592716322402,0.0019291394156119137,0.0010351479791088317,9.410436173716651e-05
0.6957831325301205,0.14594314759036145,0.13493034638554216,0.010448042168674699,0.009836219879518071,0.0019295933734939758,0.0010353915662650603,9.412650602409639e-05
0.695963112825821,0.14543144819798626,0.13512750541074622,0.010492142655500141,0.009927543050719865,0.0019290486496659452,0.0010350992754305072,9.409993413004611e-05
0.6960060215458437,0.1456931834219316,0.13477913158018534,0.01049066189960954,0.009973185303664676,0.0019287764030672249,0.0010349531918897304,9.408665380815732e-05
0.6961900282220131,0.14557855126999059,0.1345719661335842,0.010395108184383819,0.01011288805268109,0.0019285042333019756,0.0011288805268109125,9.407337723424271e-05
0.6957257723233178,0.14600084638171815,0.13448065077349886,0.010438707857243617,0.010203601824422814,0.001927869469130578,0.0011285089575398504,9.404241312832088e-05
0.6958709556057185,0.1455981941309255,0.13478179082016553,0.010252069224981189,0.01034612490594432,0.0019281414597441685,0.001128668171557562,9.405568096313017e-05
0.6963412340105343,0.1457392776523702,0.13407637321294205,0.010110985703536494,0.010534236267870579,0.0019751693002257337,0.001128668171557562,9.405568096313017e-05
0.6962430055955235,0.14567169793576903,0.13415150232754972,0.010109559411294494,0.010532750270371937,0.0020219118822588987,0.001175530164104011,9.404241312832088e-05
0.6958646616541353,0.14609962406015037,0.1337406015037594,0.01024436090225564,0.010761278195488722,0.0020206766917293235,0.001174812030075188,9.398496240601504e-05
0.6953253464881372,0.1460183227625088,0.13422598073760864,0.01019497298567066,0.010899694620624853,0.00202020202020202,0.0012215175005872681,9.396288466055907e-05
0.6949845026768103,0.14581572273879967,0.13459190382267305,0.01028458720766413,0.010942049403587865,0.002019348173194327,0.001267962806424345,9.392317084624777e-05
0.6949558519631787,0.14559458951718957,0.13479241029494646,0.010050723276347925,0.011177907195190682,0.0020665038512117226,0.0012680819086981026,9.393199323689649e-05
0.694301004600507,0.1459487372077739,0.1348230213125528,0.010139892967796452,0.011313491690921041,0.0021124777016242606,0.0012674866209745565,9.388789784996713e-05
0.6929104302538357,0.14643644723877447,0.13536339323417632,0.010181579317787267,0.011495331487824332,0.0021583071364894664,0.0013606718903955333,9.383944071693333e-05
0.6914564381506143,0.14676920191315765,0.13612491794054207,0.01031604614086092,0.01167588858670168,0.0021569914658163742,0.0014067335646628528,9.378223764419019e-05
0.690624560745912,0.14660544440800263,0.13657873775945276,0.010448390573021599,0.011994564962751253,0.00224898093051586,0.0014056130815724125,9.370753877149416e-05
0.6893531312942058,0.1478289381235655,0.13639983137383485,0.010398613518197574,0.01208487516979718,0.0023420300716661202,0.0014988992458663168,9.36812028666448e-05
0.6884831460674158,0.1477059925093633,0.136938202247191,0.010346441947565543,0.01245318352059925,0.0024344569288389513,0.001544943820224719,9.363295880149813e-05
0.6879562043795621,0.14757626801422422,0.1371420550252667,0.010340632603406326,0.012680142242186037,0.002573460602657683,0.0016376567471457983,9.358038555118848e-05
0.6871317684466474,0.14855512952398767,0.13649116244271953,0.010380622837370242,0.012858879640886561,0.002712054615168802,0.0017768633685588703,9.351912466099317e-05
0.6862937520444881,0.14855834384784336,0.13692228608813495,0.01046777886817141,0.013037992429552782,0.0027104070283658116,0.0018692462264591804,0.00014019346698443852
0.685404799701186,0.1482397983004949,0.1375011672425063,0.010598561957232234,0.013353254272107573,0.0027546923148753385,0.002007657110841348,0.00014006910075637315
0.6845076994867009,0.14848343443770415,0.13784414372375176,0.010732617825478302,0.013392440503966402,0.0028931404573028464,0.002006532897806813,0.0001399906672888474
0.6836558638377244,0.14819305199347166,0.13844719048729306,0.010771741664723711,0.013849382140359058,0.0029377477267428305,0.0020051294007927254,0.00013989274889251573
0.6836021254777663,0.14845716416519064,0.13782977533327118,0.010674000186445418,0.014263074484944533,0.003029738044187564,0.0020042882446163887,0.0001398340635778876
0.6838207898658718,0.14809985096870343,0.13729508196721313,0.010711624441132639,0.014809985096870343,0.003027198211624441,0.00209575260804769,0.00013971684053651267
0.6839018941685671,0.14790338344115048,0.13691999813840927,0.010797226229813375,0.015078884907153162,0.003164704239772886,0.002094289570437939,0.00013961930469586262
0.6834883720930233,0.14776744186046512,0.13706976744186047,0.010883720930232559,0.015302325581395349,0.0032558139534883722,0.0020930232558139536,0.00013953488372093022
0.682451900734269,0.14787619667255322,0.13737336183660193,0.010967562041081885,0.015614834092387769,0.0032995631564271773,0.002277163305139883,0.0001394181615391765
0.6816535067347886,0.14807245703669297,0.1375290292614956,0.01096144914073386,0.015977705527171388,0.003344170924291686,0.0023223409196470044,0.00013934045517882026
0.6805420205113927,0.14873079957306604,0.13731495661051557,0.011044596036939068,0.01642767645830433,0.0034340340619054247,0.0023666991507726577,0.00013921759710427398
0.6807030561610166,0.14812410147011085,0.13722580345962992,0.011037425219125353,0.016880767982191718,0.003524555952325743,0.002365162546955433,0.00013912720864443724
0.6801501251042535,0.14868872208321748,0.13668798072467797,0.011259382819015847,0.017190251135205264,0.0035214530627374666,0.002363080344731721,0.00013900472616068947
0.6803817996478547,0.1483643777221759,0.13678065054211844,0.011166713001575387,0.017236586043925493,0.0035214530627374666,0.0024094152534519507,0.00013900472616068947
0.680051873465796,0.14858042702978091,0.1365846880644713,0.011162058265017831,0.0174609791116669,0.0036126163679310822,0.002408410911954055,0.00013894678338196472
0.6803536709563929,0.1486899361170262,0.13586704934728266,0.011248958429775021,0.017683547819646327,0.0036107767799277843,0.0024071845199518565,0.00013887602999722247
0.6792950319178462,0.14959755759089646,0.13562771764270515,0.0114719215468591,0.017809233046535294,0.0036543621056526966,0.0024054029049865853,0.00013877324451845685
0.6795856072518731,0.14938488576449913,0.13541763019147166,0.011423550087873463,0.017990935158634723,0.003653686060493941,0.002404957913236518,0.00013874757191749144
0.6796004254728761,0.14868427137769968,0.13596633214632567,0.011284280627110023,0.018082597234426304,0.0036535170882856217,0.002589834898025251,0.0001387411552513527
0.6790254727012158,0.1490453515787527,0.13591604641486754,0.011280107253478803,0.018307059313022976,0.0036521658730525636,0.0026351070223290646,0.0001386898432804771
0.6787150450658654,0.148832909637162,0.136306910099376,0.01127802172405824,0.018349896001848855,0.0036977120406748326,0.0026808412294892533,0.00013866420152530622
0.6775221729490022,0.1491130820399113,0.13677937915742794,0.011317442719881745,0.018662232076866223,0.0037416851441241686,0.0027254249815225427,0.0001385809312638581
0.6771362586605081,0.14914549653579676,0.13704387990762124,0.011224018475750577,0.018706697459584296,0.003833718244803695,0.002771362586605081,0.00013856812933025404
0.6759913216082721,0.14960993398882888,0.13746941790149103,0.011401929557309698,0.018741633199464525,0.0038314176245210726,0.002815861145732355,0.00013848497438027975
0.6758378727725972,0.15007847844151048,0.13719878127596713,0.011356292124457575,0.01865017080601976,0.0038777582864001478,0.0028621549256762995,0.00013849136737143384
0.6758515646635281,0.1502815471245269,0.1368965198929198,0.011308040247392227,0.01869288285793409,0.003923197636850365,0.0029077817779008587,0.00013846579894765993
0.6759250715142567,0.14962628033588632,0.137122819968626,0.01125772815354803,0.019008950816646674,0.004014026021961797,0.0029067084986619915,0.00013841469041247579
0.6751498386353159,0.14983863531581373,0.1372060857538036,0.011341632088520055,0.019363762102351315,0.0040571692023974185,0.002904564315352697,0.00013831258644536652
0.67420960457185,0.15019817494699972,0.13757028297538942,0.01133745045626325,0.01944879712415891,0.004147847727901189,0.002949580606507512,0.00013826159093003964
0.6742857142857143,0.15027649769585252,0.13737327188940093,0.01129032258064516,0.019400921658986176,0.004285714285714286,0.0029493087557603687,0.00013824884792626728
0.6734346224677716,0.15059852670349907,0.137292817679558,0.011464088397790055,0.019613259668508288,0.004373848987108656,0.0030386740331491712,0.00018416206261510129
0.6733575802219051,0.1509599005570646,0.13701026656231297,0.01141752221352608,0.01961235670549238,0.004419686018139128,0.0030385341374706506,0.00018415358408913033
0.6743083367858951,0.15030152373060812,0.13662937899921743,0.011324402706808451,0.019794687658242417,0.004419279105095981,0.003038254384753487,0.00018413662937899922
0.6741030358785649,0.14958601655933762,0.13702851885924563,0.011453541858325667,0.020055197792088315,0.0044158233670653175,0.003173873045078197,0.0001839926402943882
0.6738710567460683,0.14986664214108342,0.13680676906097672,0.011450381679389313,0.020187620711855054,0.00446059045341672,0.0031729973328428218,0.00018394187436769982
0.6742068965517242,0.1501609195402299,0.136,0.01135632183908046,0.020367816091954025,0.004505747126436781,0.003218390804597701,0.0001839080459770115
0.6738201369422361,0.1498092918523965,0.13648269840540417,0.011488442626717521,0.02049538164606406,0.004457515739166399,0.003262717705987776,0.00018381508202748036
0.6734019103600294,0.1492468772961058,0.13698567229977957,0.011572373254959589,0.020756796473181485,0.004546289493019839,0.0033063923585598823,0.0001836884643644379
0.6741237539620561,0.14855987872662962,0.13712159492856815,0.011346410032615186,0.020671597225412282,0.0046396251550369794,0.0033533924387891038,0.00018374753089255363
0.6732005141388174,0.14914616232096953,0.13707308116048475,0.011522218141755417,0.020795078957032684,0.004636430407638634,0.0034428938670583915,0.0001836210062431142
0.6726313374627209,0.14920853406744666,0.13727919247533837,0.011608167010782289,0.021013994035329202,0.0046799724707501725,0.0033952741454462035,0.00018352833218628124
0.6719258817593909,0.14883272944090262,0.1381461266798147,0.011649772967022886,0.02118974453056919,0.004678255285969821,0.0033940283447232034,0.00018346099160665964
0.6716322134115598,0.1491497456112206,0.13773662740065087,0.011779804739423385,0.021313654489618188,0.0047210890589906955,0.0034835220241096394,0.0001833432644268231
0.6711123332875017,0.14936523213712818,0.13804482331912554,0.011778724964480498,0.021265869196571797,0.004720656308721757,0.003529034327879371,0.00018332645859113616
0.6708994223892912,0.14944531035115063,0.138397359493903,0.011689740533602274,0.021179059319702945,0.00467589621344091,0.0035298432199504905,0.00018336847895846704
0.6710055917132642,0.14978458153817947,0.13795948299569163,0.011779264827206893,0.020991841598679988,0.0046292052433770286,0.003620863507195893,0.00022916857640480336
0.6704847429671035,0.1496380463667186,0.1384587189590397,0.011866581141757537,0.02107578117841107,0.004627508476129387,0.003619536332814075,0.00022908457802620728
0.6697512483393651,0.15039626185349764,0.13848550093911768,0.011956571533281415,0.02088964221906638,0.004626872509047597,0.0036648495121169087,0.0002290530945073068
0.6693685029994962,0.15034116407931492,0.1388469112057517,0.012135366579658378,0.02079040161194303,0.004670971287264734,0.003617713055822686,0.00022896918074827129
0.6700705192783222,0.1496931953475593,0.13884055316420918,0.012134810880117227,0.020560490887443904,0.004808132612876637,0.0036633391336202948,0.00022895869585126842
0.6708686683474674,0.1493926197570479,0.13912445564978226,0.011826724730689893,0.020215448086179234,0.004538161815264726,0.0037588815035526015,0.000275040110016044
0.6713421342134214,0.1491107444077741,0.13907224055738907,0.011917858452511918,0.019985331866519986,0.004446277961129446,0.0038503850385038503,0.000275027502750275
0.6705655703866795,0.15008485849272968,0.13953488372093023,0.011834319526627219,0.01935691023347553,0.004449337186367598,0.0038989037200128436,0.0002752167331773772
0.6703669724770642,0.15077981651376146,0.1391743119266055,0.011834862385321101,0.019128440366972477,0.004403669724770643,0.003990825688073394,0.00032110091743119265
0.6704441181868233,0.15085336759038356,0.13915397320609285,0.011699394384290695,0.019131950816663607,0.004450357863828225,0.003945678106074509,0.000321159845843274
0.6708430859608059,0.15071825232915692,0.13933636238468952,0.011703152967093488,0.018816834182385608,0.004405892881729313,0.003855156271513149,0.00032126302262609573
0.6706146995363357,0.15089748886746546,0.13969609328375338,0.011614561814258826,0.01863838773355369,0.004361199100215765,0.0038562181517697285,0.0003213515126474774
0.67040029379361,0.15102827763496143,0.13987330150569224,0.011659933896437753,0.018545721630554537,0.004315093646713184,0.0038560411311053984,0.00032133676092544985
0.669481801074035,0.1513746729701198,0.1404507274980493,0.011750126222059025,0.018359572221967227,0.004406297333272135,0.0038555101666131178,0.0003212925138844265
0.6695121391527835,0.15122309422185506,0.14043783560512185,0.011657258249575473,0.018541465877277525,0.004451787599247327,0.003855156271513149,0.00032126302262609573
0.669511355815554,0.1511355815554026,0.14062858453773802,0.011883459509061712,0.018398715301674695,0.004312915806377609,0.003808212892865336,0.0003211745813259922
0.6698013670351851,0.1506949860085325,0.14064865360796366,0.011835405293820817,0.018624707555392448,0.004266250745447039,0.0038533877700811965,0.0002752419835772283
0.6707339449541284,0.15027522935779816,0.1401834862385321,0.011880733944954128,0.0186697247706422,0.004220183486238532,0.003761467889908257,0.00027522935779816516
0.6698468030455922,0.15049078066232455,0.140904504173929,0.011879644069351436,0.01866801210898083,0.004128061645720576,0.0038069901843867534,0.00027520410971470507
0.6701834862385321,0.1505045871559633,0.1406880733944954,0.011788990825688073,0.018944954128440366,0.00408256880733945,0.0035779816513761466,0.00022935779816513763
0.6700752017608217,0.15003668378576668,0.14104915627292736,0.011830520909757888,0.01916727806309611,0.003989361702127659,0.003622523844460748,0.0002292736610418195
0.6697230882083257,0.15033009352649918,0.14102328993214744,0.01182835136622043,0.019255455712451863,0.0039886301118650285,0.0036218595268659452,0.0002292316156244269
0.6696907216494845,0.14973654066437572,0.14144329896907218,0.012050400916380297,0.019381443298969073,0.003802978235967927,0.0036197021764032074,0.000274914089347079
0.6699651823346161,0.1493494594099322,0.14160711013377314,0.012140370166758292,0.019195528678761224,0.003756642844053509,0.003710830126443101,0.0002748763056624519
0.6704998396481422,0.14903559811242956,0.141430338571494,0.012049296742566546,0.019150593301873825,0.003848444586979429,0.0037110001374444494,0.0002748888990699592
0.6708043239281788,0.14868083547086844,0.14130633931843167,0.01200073286918285,0.019192011725906927,0.003984976181751558,0.0037559545621106633,0.00027482594356907294
0.670115837186942,0.14880271049860355,0.14166018039467057,0.012087358637425027,0.019275674190742182,0.003983334096424157,0.003754406849503228,0.00032049814568929993
0.6696865705788149,0.14902768245252804,0.14152367879203845,0.012262640128117135,0.019309082589796384,0.004072294669412034,0.0037977579501258293,0.00032029283916723864
0.6709243235819256,0.14860596071968135,0.14109783454653665,0.012040470631323536,0.019136565490088357,0.004120313143798929,0.003754063086572357,0.00032046880007325
0.6710923908067027,0.14861276439886456,0.14101272777218204,0.01199523853127003,0.019000091566706345,0.004120501785550774,0.0038458016665140556,0.0003204834722095046
0.670955629836531,0.14964055130729428,0.140345253903567,0.011996886304317963,0.018865332661751912,0.004029488529694583,0.003846329960163011,0.00032052749668025094
0.6704810729161899,0.1495399826063075,0.14084313635739462,0.012175584748478052,0.01881265162264842,0.00398224012450222,0.003844921499519385,0.0003204101249599487
0.6703432494279176,0.14951945080091533,0.14100686498855836,0.012219679633867277,0.018901601830663615,0.0038901601830663617,0.0037986270022883294,0.0003203661327231121
0.6697944797912757,0.14967730123129033,0.14162127523229734,0.01222135762347233,0.018675332997665585,0.003844921499519385,0.003844921499519385,0.0003204101249599487
0.6691832532601235,0.1498055364905056,0.14193548387096774,0.01230839624799817,0.018714253031342942,0.0038892701898878973,0.0038435140700068633,0.00032029283916723864
0.6683129830337953,0.149677596378104,0.14258928979741162,0.01239310376366214,0.01888690721178031,0.0038871358668312985,0.003932866877029314,0.0003201170713861069
0.6680076803511018,0.14949254823077626,0.14290939014354942,0.012434854164761817,0.018835146749565695,0.003885891926488068,0.004114473804516778,0.00032001462924019383
0.6681292563645505,0.1494583847525024,0.14283102518396637,0.01256913021618904,0.018785136432195256,0.0037935920288861467,0.004113533525298231,0.00031994149641208463
0.6688299817184643,0.1493601462522852,0.14236745886654478,0.012659963436928701,0.018555758683729433,0.003747714808043876,0.004159049360146252,0.000319926873857404
0.6692110796233659,0.14905384404424535,0.14238047353505806,0.012569704726208978,0.018557454977603072,0.003839473443642015,0.004068013529573087,0.00031995612030350125
0.66912,0.14889142857142856,0.14276571428571427,0.01248,0.018468571428571428,0.003931428571428572,0.004022857142857143,0.00032
0.6687845682680441,0.14915207752434062,0.14298121314622664,0.012615989395255291,0.01837546281482836,0.003839648946382045,0.0039310691593911415,0.0003199707455318371
0.6694861009509876,0.14923189465983908,0.14255669348939284,0.012664594001463058,0.018105340160936356,0.0037490855888807607,0.0038862472567666425,0.0003200438917337235
0.6688617551561714,0.15008917546988612,0.14263502080760965,0.01266748982485023,0.01792655599762199,0.003658480815841222,0.003841404856633283,0.0003201170713861069
0.6692276032377555,0.1499977134494901,0.14245209676681758,0.012621758814652216,0.018109480038414047,0.0035670187954451914,0.0037042118260392372,0.0003201170713861069
0.6691045390135759,0.1502491200804498,0.14215843122914476,0.012798829821273484,0.018192622388810167,0.0034739680943456598,0.0037025186268684006,0.0003199707455318371
0.6685557586837294,0.15050274223034735,0.14241316270566728,0.012797074954296161,0.018281535648994516,0.003473491773308958,0.003656307129798903,0.000319926873857404
0.6678090015992689,0.150514050719671,0.14306602695910442,0.012839844642449166,0.018368745716244004,0.0034726981951108066,0.003609778387023075,0.00031985378112862694
0.6679157336745419,0.15093908513457935,0.14280491705890416,0.012886715715395512,0.018187634236622036,0.003381620435954851,0.0035644107297902483,0.00031988301421194534
0.6681298582533151,0.1508459076360311,0.14316415180612713,0.012711476909007773,0.017924096936442615,0.0033836305441243713,0.0035208047553726566,0.0003200731595793324
0.6676267544461207,0.15041375211447905,0.1440588853838065,0.012664014995656746,0.018058793946875144,0.003383166460933571,0.003474603392310154,0.0003200292598180405
0.6678553467745623,0.1506423444429205,0.14373885612398848,0.012709733461345038,0.017875920084121977,0.003383166460933571,0.003474603392310154,0.0003200292598180405
0.6681294569391114,0.14998171512159444,0.14413055403181568,0.012753702687877125,0.01782775644541964,0.0033827025050283416,0.003474126897056135,0.0003199853720972756
0.6686482531552954,0.14980793854033292,0.14409182366928847,0.012621181635266142,0.01774282055972197,0.0033839400036583134,0.0033839400036583134,0.0003201024327784891
0.6684954052941984,0.14963653819777809,0.14428747771224798,0.012618296529968454,0.017875920084121977,0.003383166460933571,0.003383166460933571,0.0003200292598180405
0.6696996022129761,0.14905582735128708,0.1437062777193544,0.012482282474509625,0.017923277399295872,0.003474921128434914,0.0033834758355813636,0.0002743358785606511
0.6691650290206115,0.14944472373291898,0.14377770668616607,0.012705086604816965,0.017823682647045383,0.003427631278277958,0.0033819295279009184,0.0002742105022622366
0.6684941520467836,0.14944261695906433,0.1442799707602339,0.012701023391812866,0.017955043859649123,0.003426535087719298,0.003426535087719298,0.00027412280701754384
0.6684638581741753,0.1490907429406927,0.14484145115599012,0.012702184044594719,0.01781961071004295,0.0034725395229827285,0.003335465594443937,0.00027414785707758385
0.6684787574234811,0.14901781635449976,0.1447693010507081,0.012654179990863408,0.01795340338053906,0.003471904979442668,0.0033805390589310186,0.00027409776153494746
0.6694377198191203,0.14826656922303932,0.1445667564975106,0.012698122687617046,0.01795094322386151,0.0034714292239528617,0.003334399123007354,0.00027406020189101537
0.6689812699862951,0.14883508451347646,0.14467793513019644,0.012699862951119233,0.01777067153951576,0.003471904979442668,0.0032891731384193696,0.00027409776153494746
0.6704130116959064,0.14816337719298245,0.1440058479532164,0.012609649122807017,0.017726608187134504,0.003517909356725146,0.003289473684210526,0.00027412280701754384
0.6695445616920196,0.1488739664702389,0.14403179388789913,0.012516559316614134,0.017815540633136905,0.003563108126627381,0.003334703759535882,0.0003197661139280983
