,bt_pt-O,bt_pt-A,bt_pt-B,bt_pt-AB
0,1.0,0.0,0.0,0.0
1,1.0,0.0,0.0,0.0
2,1.0,0.0,0.0,0.0
3,1.0,0.0,0.0,0.0
4,1.0,0.0,0.0,0.0
5,1.0,0.0,0.0,0.0
6,1.0,0.0,0.0,0.0
7,1.0,0.0,0.0,0.0
8,1.0,0.0,0.0,0.0
9,1.0,0.0,0.0,0.0
10,1.0,0.0,0.0,0.0
11,1.0,0.0,0.0,0.0
12,1.0,0.0,0.0,0.0
13,1.0,0.0,0.0,0.0
14,1.0,0.0,0.0,0.0
15,1.0,0.0,0.0,0.0
16,1.0,0.0,0.0,0.0
17,1.0,0.0,0.0,0.0
18,1.0,0.0,0.0,0.0
19,1.0,0.0,0.0,0.0
20,1.0,0.0,0.0,0.0
21,1.0,0.0,0.0,0.0
22,1.0,0.0,0.0,0.0
23,1.0,0.0,0.0,0.0
24,1.0,0.0,0.0,0.0
25,1.0,0.0,0.0,0.0
26,1.0,0.0,0.0,0.0
27,1.0,0.0,0.0,0.0
28,1.0,0.0,0.0,0.0
29,1.0,0.0,0.0,0.0
30,1.0,0.0,0.0,0.0
31,1.0,0.0,0.0,0.0
32,1.0,0.0,0.0,0.0
33,1.0,0.0,0.0,0.0
34,1.0,0.0,0.0,0.0
35,1.0,0.0,0.0,0.0
36,1.0,0.0,0.0,0.0
37,1.0,0.0,0.0,0.0
38,1.0,0.0,0.0,0.0
39,1.0,0.0,0.0,0.0
40,1.0,0.0,0.0,0.0
41,1.0,0.0,0.0,0.0
42,1.0,0.0,0.0,0.0
43,1.0,0.0,0.0,0.0
44,1.0,0.0,0.0,0.0
45,1.0,0.0,0.0,0.0
46,1.0,0.0,0.0,0.0
47,1.0,0.0,0.0,0.0
48,1.0,0.0,0.0,0.0
49,1.0,0.0,0.0,0.0
50,1.0,0.0,0.0,0.0
51,1.0,0.0,0.0,0.0
52,1.0,0.0,0.0,0.0
53,1.0,0.0,0.0,0.0
54,1.0,0.0,0.0,0.0
55,1.0,0.0,0.0,0.0
56,1.0,0.0,0.0,0.0
57,1.0,0.0,0.0,0.0
58,1.0,0.0,0.0,0.0
59,1.0,0.0,0.0,0.0
60,1.0,0.0,0.0,0.0
61,1.0,0.0,0.0,0.0
62,1.0,0.0,0.0,0.0
63,1.0,0.0,0.0,0.0
64,1.0,0.0,0.0,0.0
65,1.0,0.0,0.0,0.0
66,1.0,0.0,0.0,0.0
67,1.0,0.0,0.0,0.0
68,1.0,0.0,0.0,0.0
69,1.0,0.0,0.0,0.0
70,1.0,0.0,0.0,0.0
71,1.0,0.0,0.0,0.0
72,1.0,0.0,0.0,0.0
73,1.0,0.0,0.0,0.0
74,1.0,0.0,0.0,0.0
75,1.0,0.0,0.0,0.0
76,1.0,0.0,0.0,0.0
77,1.0,0.0,0.0,0.0
78,1.0,0.0,0.0,0.0
79,1.0,0.0,0.0,0.0
80,1.0,0.0,0.0,0.0
81,1.0,0.0,0.0,0.0
82,1.0,0.0,0.0,0.0
83,1.0,0.0,0.0,0.0
84,1.0,0.0,0.0,0.0
85,1.0,0.0,0.0,0.0
86,1.0,0.0,0.0,0.0
87,1.0,0.0,0.0,0.0
88,1.0,0.0,0.0,0.0
89,1.0,0.0,0.0,0.0
90,1.0,0.0,0.0,0.0
91,1.0,0.0,0.0,0.0
92,1.0,0.0,0.0,0.0
93,1.0,0.0,0.0,0.0
94,1.0,0.0,0.0,0.0
95,1.0,0.0,0.0,0.0
96,1.0,0.0,0.0,0.0
97,1.0,0.0,0.0,0.0
98,1.0,0.0,0.0,0.0
99,1.0,0.0,0.0,0.0
100,0.9867385818199812,0.013261418180018804,0.0,0.0
101,0.97347978823413,0.02652021176587007,0.0,0.0
102,0.9602236184633651,0.03977638153663484,0.0,0.0
103,0.9468763911559579,0.03981797497155859,0.013256170549537517,4.946332294603551e-05
104,0.9336267866857906,0.03981403630248776,0.026509718581532223,4.945843018942579e-05
105,0.9203798031749172,0.03981009841254142,0.039760644874140744,4.9453538400672565e-05
106,0.9203837404806646,0.03980812975966769,0.03975867866679854,4.945109286915241e-05
107,0.920342167721519,0.039853639240506326,0.039754746835443035,4.944620253164557e-05
108,0.9202966625463536,0.03985166872682324,0.03980222496909765,4.9443757725587144e-05
109,0.9204034211697236,0.0397488505462995,0.03979828941513818,4.943886883868097e-05
110,0.9204112907212418,0.03974492065846062,0.03979435463937911,4.943398091848337e-05
111,0.9203163618388532,0.0398418190805734,0.039792387543252594,4.9431537320810677e-05
112,0.9202253855278766,0.039936733886911824,0.03978845393436141,4.9426650850138396e-05
113,0.9200850054363942,0.040031629929821094,0.03983394286843926,4.942176534545814e-05
114,0.9199446530934967,0.0401265072148646,0.03987942281083218,4.94168808064835e-05
115,0.9197549164937247,0.04017195375037059,0.040023717758671806,4.941199723292816e-05
116,0.9195652173913044,0.04031620553359684,0.040069169960474306,4.940711462450593e-05
117,0.9195277379835005,0.0402608309045102,0.04016203131946846,4.939979252087141e-05
118,0.9194408772103132,0.040304257631137014,0.04020547268596266,4.9392472587177715e-05
119,0.9190991257964143,0.04049982713488418,0.040351657035610215,4.939003309132217e-05
120,0.9185679012345679,0.04098765432098765,0.04039506172839506,4.938271604938271e-05
121,0.9174031103431252,0.04206368797827697,0.040434460627005675,9.874105159219946e-05
122,0.9152885422323147,0.04423162363627388,0.04038110282865182,9.87313027595399e-05
123,0.9126486699896362,0.04609386566648571,0.04106006020826136,0.00019740413561664116
124,0.9101988454137268,0.047416983273301426,0.04213746484432822,0.0002467064686436078
125,0.9070685147733438,0.048685443693582596,0.04390075469836729,0.00034528683470625956
126,0.9040291956403808,0.049859446663707646,0.04571682201509099,0.0003945356808206342
127,0.9003204338180922,0.05151589844712842,0.04762139511954646,0.0005422726152329307
128,0.8974813938587411,0.05278722460446547,0.04913992803982454,0.0005914534969688008
129,0.8943582163094358,0.054496181325449616,0.05045577728504558,0.0006898250800689825
130,0.890842815624846,0.056647455790355156,0.051721590069454704,0.0007881385153440717
131,0.8869244028564393,0.05890174833784782,0.05333661659689731,0.0008372322088155626
132,0.8830190537147359,0.06114913101275171,0.05489636157747033,0.0009354536950420954
133,0.8789921755819103,0.06348112789724915,0.056394862457556226,0.0011318340632842873
134,0.8746987951807229,0.0658962380132776,0.05797885419227932,0.0014261126137201869
135,0.8698088170246228,0.06806900280139579,0.06045117216297243,0.001671008011008994
136,0.8660639709133788,0.07021077973763082,0.06195646833390655,0.0017687810150837713
137,0.8609788424721417,0.07275047862156987,0.06411074566786118,0.0021599332384271757
138,0.8566661759654546,0.07497914519848864,0.06604838313950635,0.0023062956965503706
139,0.8513798343218469,0.07749620116660948,0.06832998382432234,0.0027939806872212146
140,0.8480082316625018,0.07849478171394973,0.0705571071586065,0.0029398794649419372
141,0.8448199853049229,0.07964731814842028,0.0724957139358315,0.0030369826108253735
142,0.842337267962972,0.0800803252191801,0.07454572170250282,0.0030366851153450555
143,0.8398217521179179,0.08079917731746732,0.07629401106703883,0.003085059497576025
144,0.8385564587209872,0.08128488884536285,0.07707374400156694,0.0030849084320830476
145,0.8382784958871915,0.08137485311398356,0.077262044653349,0.0030846063454759106
146,0.8370704004699893,0.08219915793596397,0.07764613727602075,0.003084304318026045
147,0.8359604464460544,0.08292539651458782,0.07803015468964167,0.003084002349716076
148,0.8347038668624571,0.08355359765051396,0.07865883504650024,0.0030837004405286344
149,0.8332109822346204,0.084471198551363,0.0792345715264523,0.003083247687564234
150,0.8316206694069289,0.08514386376981797,0.08015267175572519,0.003082795067527892
151,0.8295332224288091,0.08640767198356003,0.08097661219297388,0.0030824933946570114
152,0.8278054984835144,0.0873202230701497,0.08174346932785442,0.0031308091184815575
153,0.8254340914649059,0.08853020298361458,0.08285644411836635,0.0031792614331132307
154,0.8237394238763632,0.08954858903506627,0.08353303663129065,0.0031789504572797968
155,0.8215822413455897,0.0908957559162918,0.08424603950713867,0.0032759632309798553
156,0.8189061048927122,0.09247763820323573,0.08524365804780293,0.0033725988562490834
157,0.8168401505155647,0.09363240971509554,0.08610663148120999,0.003420808288129795
158,0.8144022668425424,0.0950217401924862,0.08705847867506962,0.003517514289901803
159,0.8113216762723454,0.09675686236202012,0.08835596366122887,0.0035654977044055876
160,0.8086540339910139,0.09874975581168197,0.08903106075405352,0.003565149443250635
161,0.8057996485061512,0.10051747705526265,0.08997266158953329,0.003710212849052919
162,0.8029282576866764,0.10224499755978526,0.09102000976085896,0.003806734992679356
163,0.8000292711484047,0.10352229485803494,0.09249682895892282,0.003951605034637526
164,0.7978048780487805,0.10473170731707317,0.09351219512195122,0.003951219512195122
165,0.7955033164260632,0.10593055013655872,0.09456691377292235,0.003999219664455716
166,0.7931168957784928,0.1072925806766111,0.09539826459978551,0.004192258945110656
167,0.790651199064145,0.1094267888477286,0.09573016182491714,0.004191850263209202
168,0.7878935568768886,0.11087825324105663,0.09703674822107418,0.0041914416609806025
169,0.7855750487329435,0.11228070175438597,0.097953216374269,0.00419103313840156
170,0.7828543594739406,0.11373599610326351,0.09902581587920117,0.00438382854359474
171,0.7805258033106134,0.11484907497565726,0.10004868549172347,0.004576436222005842
172,0.7783294392523364,0.11618964174454828,0.10085669781931464,0.004624221183800623
173,0.7764476885644769,0.11698296836982969,0.10184914841849148,0.004720194647201946
174,0.7744430392061484,0.11815351687907384,0.10253915750559393,0.004864286409183773
175,0.7729527329313363,0.11904298774557479,0.10304415483368995,0.00496012448939895
176,0.7714674705825149,0.11990664203053583,0.10366624525916561,0.0049596421277837205
177,0.7697394010112797,0.12086736678335278,0.1044340723453909,0.004959159859976663
178,0.7686175384017111,0.12162162162162163,0.10475403461014972,0.005006805366517597
179,0.7671785401885509,0.12250947613956653,0.10520944698221402,0.005102536689668578
180,0.7674260455627337,0.12216447272550639,0.10516345266430271,0.005246029047457133
181,0.7679343338675992,0.12137549176744863,0.10544465491281753,0.005245519452134635
182,0.7694362161899675,0.12018647113096684,0.10508425193026756,0.005293060748798135
183,0.7713037144938092,0.11944646758922069,0.10395727118232581,0.005292546734644331
184,0.7738459298092326,0.11848939371875152,0.10227658851512063,0.005388087956895296
185,0.7775674626286158,0.11769559308872064,0.09934964084643759,0.005387303436225976
186,0.780112588566437,0.11695622634184218,0.0975444045423663,0.0053867805493545565
187,0.7817246566700635,0.11670791478623768,0.09622943659921386,0.005337991944484884
188,0.7828829265925962,0.11639415845907525,0.0953374411721896,0.005385473776138955
189,0.7837182223947216,0.11653405783039006,0.09436250727731418,0.005385212497574229
190,0.7851219630473789,0.11478589787110227,0.09456379419038843,0.005528344891130401
191,0.7882255952669609,0.11134280587750352,0.09495174821783618,0.005479850637699433
192,0.7905939393939394,0.10826666666666666,0.09561212121212122,0.005527272727272727
193,0.7913536567634372,0.10764309601124412,0.09533271943003926,0.005670527795279406
194,0.7927325581395349,0.10765503875968992,0.0938468992248062,0.005765503875968993
195,0.7925807545159572,0.1086251150176764,0.09288585403651509,0.005908276429851324
196,0.7913620297293371,0.10962087832276182,0.09306154069626689,0.005955551251634145
197,0.7892368000774331,0.1106809272612883,0.0939360209069351,0.006146251754343512
198,0.786422799632264,0.11254657182948662,0.09483718004548314,0.006193448492766246
199,0.7844389606619248,0.11428847921807712,0.09512749794358155,0.00614506217641651
200,0.7819923557017756,0.11558372441821085,0.09627945231989937,0.0061444675601141805
201,0.7806801141585643,0.11643206114255308,0.09669617375320466,0.006191650945677938
202,0.7784439823993037,0.11759586093515788,0.09762584014312654,0.0063343165224118755
203,0.7767248464922883,0.11797128076197844,0.0989701687376106,0.006333704008122613
204,0.7759996132089155,0.118116327418653,0.09959870424986704,0.006285355122564425
205,0.774689418475371,0.11910861893943056,0.09986948325035046,0.0063324793348479725
206,0.7732347397419168,0.11971388526412449,0.10067178966700498,0.006379585326953748
207,0.7715873399371829,0.1206088427156318,0.10137714423773858,0.006426673109446726
208,0.7718289441894177,0.12070548441652573,0.10108721913505678,0.006378352258999759
209,0.7702748393952568,0.1221079070666087,0.10109645945032121,0.006520794087813361
210,0.7703936247283265,0.12156483941077034,0.10152137164936006,0.006520164211543105
211,0.7707800048297513,0.12161313692344844,0.10113499154793529,0.006471866698865008
212,0.7715306960343912,0.12128677003332851,0.10080664637975173,0.006375887552528619
213,0.7726416461382408,0.12085205042747428,0.10017871806018451,0.0063275853741003715
214,0.773151055504565,0.12105695377034927,0.09956040770977248,0.0062315830153132695
215,0.7746159049183496,0.12068798917769832,0.09860856121364384,0.006087544690308242
216,0.7745675910716011,0.12034979225045898,0.09904338583438013,0.006039230843559764
217,0.7758554030543205,0.11980475546104775,0.09849217088729945,0.005847670597332303
218,0.7768219601778465,0.11941813261163735,0.09796056446936013,0.005799342741156002
219,0.7776650236783609,0.11916497535517541,0.09737121871073741,0.0057987822557262975
220,0.7779388317147413,0.11880948929796589,0.0974054210755182,0.005846257911774654
221,0.7783522589997584,0.11862768784730611,0.09726987194974632,0.0057501812031891765
222,0.7776543329146942,0.1190706211960197,0.0974301999806782,0.005844845908607864
223,0.7784110118328906,0.11832890606133784,0.09741608307172181,0.005843999034049746
224,0.7781426570724875,0.11841406287728787,0.09759984546288694,0.005843434587337615
225,0.7787384080370943,0.11828632148377125,0.0972275888717156,0.005747681607418857
226,0.778121226756822,0.11871528616276261,0.09741608307172181,0.005747404008693552
227,0.7785238141242392,0.11839435803304028,0.09747850449231958,0.005603323350400927
228,0.7782661192948563,0.1188118811881188,0.09731948804636562,0.005602511470659261
229,0.7769999517211413,0.11949017525225704,0.09776468884275576,0.005745184183845894
230,0.7772035740159382,0.11992272397971504,0.09736778555904371,0.005505916445303067
231,0.7764847899565427,0.12052148720424916,0.09744084983099952,0.005552873008208595
232,0.7759486337742589,0.12098097904798687,0.09747030993530945,0.005600077242444723
233,0.7745703803823132,0.1216451052326704,0.0981849777949411,0.005599536590075304
234,0.7740129356115455,0.12216430157351095,0.09822376677285452,0.005598996042089004
235,0.772951057051839,0.12308137851143933,0.09841683560189207,0.0055507288348296165
236,0.7726833976833977,0.12326254826254826,0.098503861003861,0.00555019305019305
237,0.7713720571208028,0.12417985333847935,0.09875530683133925,0.005692782709378618
238,0.7714644028554891,0.12420412888288636,0.09859154929577464,0.005739918965849894
239,0.7715608720818059,0.12444530194867837,0.09830214161682423,0.005691684352691491
240,0.7709559178161474,0.12486736760875856,0.09848557924182502,0.005691135333269027
241,0.7710041477765989,0.12438506800424423,0.09896787884633934,0.005642905372817595
242,0.7707770921712302,0.12432510605476282,0.09906478981874277,0.005833011955264172
243,0.7705360586193598,0.12495179328962591,0.09872734284612418,0.005784805244890089
244,0.7702650602409639,0.12525301204819278,0.09860240963855421,0.005879518072289157
245,0.769390114654591,0.12554195972637056,0.09904615088158782,0.006021774737450621
246,0.769345668304905,0.12561433940445216,0.09916160740098294,0.0058783848896598245
247,0.7700501253132832,0.12502409870830924,0.09923848081742818,0.0056872951609793715
248,0.7701647875108413,0.12493977064662234,0.09911342391828082,0.005782017924255565
249,0.7701166040281392,0.12484340368121807,0.09930615784908933,0.0057338344415534355
250,0.7698015031798034,0.12516862593948738,0.09929658893813836,0.005733281942570823
251,0.7698940269749518,0.12461464354527939,0.09971098265895954,0.005780346820809248
252,0.7702273165093431,0.12415719514544404,0.09978809477942593,0.005827393565786939
253,0.7703607378509849,0.12411501228146221,0.0997447382362857,0.005779511631267158
254,0.7703125752540577,0.1242595000722439,0.09969657563935848,0.005731349034339931
255,0.7701824483704809,0.12439223992682809,0.09950416405911519,0.005921147643575796
256,0.770978768475278,0.12373020076067594,0.09946560107842665,0.005825429685619373
257,0.7714230695166571,0.12348353552859619,0.0992682457153861,0.005825149239360678
258,0.7709195955705345,0.12344727973038036,0.0999037072701011,0.005729417428984112
259,0.7710228640192539,0.1236101083032491,0.09959085439229844,0.005776173285198556
260,0.7704933814681107,0.12404332129963899,0.0997352587244284,0.005728038507821901
261,0.7701746787931283,0.12400750685722535,0.09999518791203503,0.00582262643761128
262,0.7702858792954086,0.12364038887284629,0.10034652035807104,0.0057272114736740785
263,0.7700231035810551,0.12360415864458991,0.10074123989218328,0.005631497882171737
264,0.7693047871060861,0.12350252585999519,0.10137118114024538,0.005821505893673322
265,0.7686312244407024,0.12388741881164302,0.10170796247293722,0.005773394274717345
266,0.768135462766981,0.12406195882239754,0.1019819126419088,0.0058206657687127185
267,0.7678288050012022,0.12397210867997115,0.10228420293339745,0.0059148833854291896
268,0.7669342820056728,0.12480169222633528,0.1022546992933032,0.006009326474688717
269,0.7663991542121198,0.12489788072468644,0.10255178047960017,0.0061511845835936375
270,0.7665433226007977,0.12475371233600846,0.1025998366091595,0.006103128454034312
271,0.7662743214028345,0.12462166706701898,0.10290655777083833,0.006197453759308191
272,0.7651438727962723,0.1250420329538358,0.10361723591295575,0.006196858336936158
273,0.7647313067281372,0.1252941458963646,0.10368342697978197,0.006291120395716276
274,0.7647087075548725,0.12540223812496998,0.103693386484799,0.0061956678353585325
275,0.7649968781518659,0.12545026655780223,0.10340521588780559,0.006147639402526295
276,0.7655281740884854,0.1251861459384157,0.1032809722822693,0.00600470769082961
277,0.7654771624801883,0.12521012439364104,0.10326113058930887,0.006051582536861822
278,0.7655732193458528,0.1253061812593055,0.10311704529081216,0.006003554104029586
279,0.7655447255965814,0.12507802371921065,0.10327939693666875,0.006097853747539252
280,0.7659799260433174,0.12457378859914518,0.10349133170052346,0.005954953657013879
281,0.7658583433373349,0.12475390156062426,0.10343337334933973,0.00595438175270108
282,0.7647736546493207,0.12500600067207526,0.1041716672267294,0.00604867745187461
283,0.7640028797696184,0.12526997840172785,0.10463162946964243,0.006095512359011279
284,0.7645760353183934,0.12495801142089352,0.104323623974279,0.00614232928643409
285,0.7644039337970736,0.12501798992564164,0.10434156872151595,0.006236507555768769
286,0.7645196873051652,0.12502997458155485,0.10411970648889741,0.006330631624382524
287,0.7649513212795549,0.12517385257301808,0.10359215385353221,0.006282672293894777
288,0.7648525533445217,0.12510189403020858,0.10371613521937185,0.006329417405897866
289,0.7642744139220481,0.1251737858957764,0.10417565559231028,0.006376144589865286
290,0.7640180197450398,0.12527556790951788,0.10423655707850091,0.006469855266941436
291,0.7635222536290902,0.12542519043740719,0.1044890528433862,0.006563503090116419
292,0.7633646292393179,0.12574247940218433,0.10433033148112665,0.0065625598773711435
293,0.7627759950189186,0.12634704727237894,0.1042674457588965,0.006609511949806025
294,0.7624155931229347,0.1266222882045879,0.1043532397873665,0.006608878885110866
295,0.7611775969363331,0.12695069411201532,0.1051220679751077,0.006749640976543801
296,0.7606125867432401,0.12744675759751137,0.10509691313711414,0.006843742522134482
297,0.7615605552896123,0.12690282431785543,0.10488271900430828,0.0066539013882240304
298,0.7613668995883985,0.1266870872020676,0.10524552503110941,0.006700488178424428
299,0.7606334625137553,0.1270274149562222,0.10554518922539591,0.0067939333046265725
300,0.7612211694899034,0.12690209589434395,0.10522538041917887,0.006651354196573834
301,0.7611826053676506,0.12711094101325168,0.10500885040424819,0.006697603214849543
302,0.7612875454371533,0.12688922900325234,0.10507939544671896,0.006743830112875455
303,0.7600286875448243,0.1277551996174994,0.10537891465455415,0.006837198183122161
304,0.7594416292188546,0.1281193230710393,0.10560283009847977,0.006836217611626351
305,0.7603519173759204,0.12771349335373433,0.10524050875011953,0.006694080520225686
306,0.7600152978296204,0.1283583516588584,0.10488574433502247,0.006740606176498709
307,0.7602065206998757,0.12802371163591164,0.10507696720527775,0.006692800458934889
308,0.7601587149823119,0.1278802944832202,0.10531599579309685,0.006644994741371068
309,0.7600152978296204,0.12816712878860312,0.10522038435796921,0.006597189023807248
310,0.7592008412197687,0.1284772010324061,0.1056782334384858,0.006643724309339451
311,0.7596328520891099,0.12792810020078402,0.10593747012142653,0.0065015775886796065
312,0.7599196863944928,0.1281193230710393,0.10550721866335214,0.006453771871115785
313,0.760279212086441,0.127653471026965,0.10570854847963282,0.006358768406961178
314,0.7599923503537961,0.12813157391470645,0.10556511761331039,0.006310958118187034
315,0.7603788023722977,0.12794145781519037,0.10560550985268796,0.006074229959823991
316,0.7598240749593651,0.1278802944832202,0.10603308155655417,0.006262549000860503
317,0.7590557201567428,0.12830928032113162,0.10623148236643411,0.006403517155691484
318,0.7585037263519969,0.12817695394611123,0.10682209057901777,0.006497229122874069
319,0.7590752770347726,0.12738823079862438,0.10699273977837218,0.006543752388230799
320,0.7588100467959126,0.12759048801451628,0.10696208576067233,0.006637379428898863
321,0.7591690544412607,0.12750716332378223,0.10678127984718243,0.006542502387774594
322,0.7591673032849503,0.12733957219251338,0.10690412528647823,0.006588999236058059
323,0.7593087645598625,0.1277448921138056,0.10631086499904525,0.006635478327286615
324,0.7591885441527446,0.1276849642004773,0.10649164677804296,0.006634844868735084
325,0.759451976322322,0.12707657055566163,0.1069314493030361,0.006540003818980332
326,0.7596314508044111,0.12732133479734567,0.10660237742874874,0.0064448369694944385
327,0.7592610273057093,0.1275062058430399,0.10683597479472981,0.006396792056520909
328,0.7589843936429151,0.1276189567126426,0.10695365818737174,0.006442991457070587
329,0.7588395285584769,0.12778546547692896,0.1068855275087083,0.006489478455885861
330,0.7583623610249559,0.12816719950374578,0.10702867776876461,0.006441761702533759
331,0.7581106870229007,0.1278148854961832,0.10763358778625955,0.006440839694656489
332,0.7572750691727889,0.12899532487358076,0.10728938078427631,0.006440225169354069
333,0.7563442091203969,0.12946002671245946,0.10775615340583858,0.006439610761305095
334,0.7564279921766923,0.12946620235653294,0.10771359061203072,0.006392214854744073
335,0.7569772434521254,0.1290491865846095,0.10767616048852631,0.006297409474738801
336,0.7569179389312977,0.12862595419847328,0.10825381679389313,0.006202290076335878
337,0.7575381679389313,0.1284828244274809,0.10782442748091603,0.006154580152671756
338,0.7572750691727889,0.1287090926438317,0.10786184524377444,0.006153992939604999
339,0.7578706353749285,0.12874451440564777,0.10723144438084335,0.006153405838580424
340,0.7577752337340202,0.12869681358519366,0.1074222476626598,0.0061057050181263115
341,0.7582522419385613,0.1284583094829231,0.10723144438084335,0.0060580041976722
342,0.7584199980917852,0.12880450338708138,0.10681232706802786,0.00596317145310562
343,0.7570815450643776,0.12923223652837387,0.10758226037195995,0.006103958035288507
344,0.7573185849146562,0.12915991227233717,0.10737103080003814,0.006150472012968437
345,0.756411478691963,0.1296119744494232,0.10777957860615883,0.0061969682524549525
346,0.7560998856271445,0.1299561570720549,0.10765345024780786,0.006290507052992757
347,0.7560278280758601,0.1304202801867912,0.10726198417992948,0.006289907557419232
348,0.7562660821500048,0.13075383589059372,0.1067378252168112,0.006242256742590298
349,0.7567194052611513,0.1302420892108273,0.1068909645444148,0.006147540983606557
350,0.7560987230798552,0.13007432818753573,0.10763293310463122,0.0061940156279778925
351,0.7560266793711291,0.1299190090519295,0.10786088613625536,0.006193425440686041
352,0.7558117378048781,0.13028772865853658,0.10770769817073171,0.006192835365853659
353,0.7563137329648337,0.13061088344610694,0.10707138092061375,0.00600400266844563
354,0.7563882532418001,0.13124523264683446,0.10664569031273836,0.005720823798627002
355,0.7567670606176135,0.13114754098360656,0.10622378955394586,0.005861608844834159
356,0.7566485559050615,0.13096940234486704,0.10661519397578877,0.005766847774282718
357,0.7564322469982847,0.13069372975033353,0.10701353154183343,0.005860491709548313
358,0.7563485635332793,0.1302587069417314,0.10758016103673353,0.005812568488255753
359,0.7561207964180242,0.13046584738496714,0.1075545393922073,0.005858816804801372
360,0.7560487711945132,0.13050104781863212,0.10759192227090875,0.0058582587159458945
361,0.7558233696946601,0.1304244271900157,0.10798837707807364,0.005763826037250512
362,0.7559175120255275,0.130161451635948,0.10811068247844931,0.005810353860075249
363,0.7559163849340508,0.12989857625827342,0.10832817484881672,0.005856863958859102
364,0.7553313023610053,0.12995049504950495,0.10876808834729627,0.0059501142421934505
365,0.7556158385684371,0.13006853226727585,0.10831905577765087,0.005996573386636208
366,0.7551991624232618,0.12987198400989863,0.10898015514205492,0.005948698424784657
367,0.7556739782081172,0.12946662225817196,0.10886425274777561,0.005995146785935195
368,0.7552224601475137,0.12966928384487272,0.10920770877944326,0.005900547228170355
369,0.7548669617782855,0.1302775001189966,0.10914370031891095,0.0057118377838069395
370,0.7552234543810386,0.12988434629479798,0.10918090524011233,0.005711294084051211
371,0.7553768557289684,0.13032927293490673,0.10853635325466311,0.005757518081461743
372,0.7553884950278346,0.13051339391920827,0.10838844744730457,0.005709663605652567
373,0.7561613854791132,0.1299838233894757,0.1081929774479018,0.005661813683509373
374,0.7560291109736955,0.12995290871902201,0.10830994624934595,0.005708034057936546
375,0.7560047562425684,0.1300356718192628,0.10825208085612366,0.005707491082045184
376,0.7561474435196195,0.12984542211652794,0.10834720570749108,0.0056599286563614746
377,0.7562657535549532,0.12988062966661912,0.10819422647072811,0.005659390307699625
378,0.756123079849717,0.12997574547010987,0.10828934227421887,0.005611832405954249
379,0.7565742546007894,0.129963383898426,0.10785106281801322,0.005611298682771411
380,0.7560268175550378,0.13056915981170653,0.1077932575721554,0.00561076506110028
381,0.7565742546007894,0.13072423795710686,0.10718531551666746,0.005516191925436302
382,0.7561706377514624,0.1312122509154896,0.10719551053407524,0.0054216007989727494
383,0.7568582703370893,0.13003375647791565,0.10759283031426806,0.005515142870726953
384,0.755883052056097,0.1307820299500832,0.10782029950083195,0.005514618492987878
385,0.7558819335519749,0.1310898806977518,0.10746708493749703,0.005561100812776273
386,0.7557868719996198,0.13132753457863966,0.10737202338514187,0.005513570036598698
387,0.7558089807555238,0.13090995485863627,0.10767403183654074,0.005607032549299121
388,0.7552600332462598,0.13141771550700546,0.10752790311090002,0.005794348135834719
389,0.7548316634218148,0.13167766750557955,0.10764993589439195,0.0058407331782135904
390,0.7547107124210926,0.13194741088803455,0.107314063315772,0.006027813375100859
391,0.7533096085409252,0.132858837485172,0.10771055753262158,0.0061209964412811384
392,0.7528340369017692,0.13361476070767916,0.10729023383768914,0.006260968552862496
393,0.7532843253497747,0.13331752430637894,0.10713777566990752,0.006260374673938819
394,0.7534493385804372,0.13299511640036035,0.1072021241287753,0.006353420890427197
395,0.7533304887877494,0.13307732423078747,0.10723936851088038,0.006352818470582658
396,0.7531174434592954,0.13346925228770565,0.10715471054004078,0.006258593712958134
397,0.7538286472903134,0.13342183869897112,0.10653833388649186,0.006211180124223602
398,0.7528558562828839,0.13404749490448878,0.10679243494335687,0.006304213869270513
399,0.7533175355450237,0.13398104265402844,0.10639810426540285,0.006303317535545023
400,0.7530448793896024,0.13383251978579214,0.10686697312923558,0.006255627695369887
401,0.7524991708911736,0.13417349694414174,0.10697872743639551,0.006348604728289194
402,0.7520958651068063,0.13432482356841757,0.10713778240894235,0.0064415289158338464
403,0.7517757363386685,0.13457713798655177,0.10715976891751113,0.006487356757268681
404,0.7517878285578973,0.1348804167653327,0.1069381955955482,0.00639355908122188
405,0.7515863244625438,0.1353347854910503,0.10663888625816839,0.006440003788237523
406,0.7518829046468666,0.13504807920041684,0.10681635166500876,0.00625266448770783
407,0.75153984648915,0.13541173126125272,0.1069364161849711,0.006112006064626173
408,0.7507461979438101,0.1359264698915052,0.10726299331975174,0.00606433884493296
409,0.7511725967688445,0.13554744871369687,0.10726299331975174,0.0060169611977069215
410,0.7514445391683243,0.1355025101828171,0.10694326039594582,0.006109690252912759
411,0.751278409090909,0.13579545454545455,0.10672348484848485,0.006202651515151515
412,0.7515033855769686,0.13561248165159334,0.1067758890098963,0.00610824376154174
413,0.7508640689361299,0.13607310259930874,0.1069551631078074,0.0061076653567539415
414,0.7506272189349112,0.13581065088757396,0.10740828402366864,0.006153846153846154
415,0.7500118298395874,0.13585387782141675,0.10784081767851228,0.006293474660483604
416,0.7501301159214573,0.13588833688194937,0.10768866808611308,0.006292879110480246
417,0.7499172067937739,0.13606472063206698,0.10772578890097932,0.0062922836731797325
418,0.7493733150451686,0.1360734049094263,0.10816818805278343,0.006385091992621671
419,0.7492552839377749,0.1363657856163412,0.1079010827935127,0.006477847652371271
420,0.7488536988891515,0.13651619002599857,0.10805956038761522,0.006570550697234697
421,0.7479332986914828,0.13694553356322925,0.10827152912277387,0.006849638622514053
422,0.7473669295801256,0.1373447314976621,0.10839276436971615,0.006895574552496103
423,0.7474375324736668,0.13716876859855462,0.10859194180718908,0.006801757120589486
424,0.7479332986914828,0.13689829467617742,0.10846048467098116,0.00670792196135859
425,0.7473440672364134,0.13730582180461778,0.10845648991925964,0.006893621039709146
426,0.7472034738282909,0.13739557275687922,0.10836833907584839,0.007032614338981451
427,0.7470863020808758,0.1373094889822111,0.10847921483508706,0.007124994101826074
428,0.7462616161139677,0.13788386244634182,0.1086371998679183,0.007217321571772253
429,0.7448503417393354,0.13853405609238748,0.10907376855998115,0.007541833608296017
430,0.7442868585968053,0.1387645478961504,0.10926824671347124,0.0076803467935730105
431,0.7433457389174165,0.13930371696424365,0.10962453479059688,0.007726009327742969
432,0.7429338609383833,0.1395326926700584,0.10985490861126813,0.007678537780290183
433,0.7430993876589731,0.13914272256241167,0.11008007536504946,0.007677814413565709
434,0.7431693989071039,0.1390145091388732,0.11023176936122103,0.0075843225928019595
435,0.7428867533446392,0.1391087243263614,0.11046730732994159,0.007537214999057848
436,0.7419339644858932,0.13941877443361123,0.1111111111111111,0.007536149969384391
437,0.7411698219836111,0.1399642083451069,0.11128379014787605,0.007582179523405858
438,0.7405489383738996,0.1402476342921708,0.1114825102396309,0.007720917094298762
439,0.7400818862064097,0.1401948326980093,0.11186408772177514,0.007859193373805827
440,0.7403624382207579,0.14055071781595668,0.11136738056013179,0.007719463403153683
441,0.7401148559593297,0.14046318960647713,0.11179627188853324,0.007625682545659951
442,0.7398794953869328,0.14093391075127096,0.1116079834306157,0.007578610431180569
443,0.7397402108433735,0.14076618975903615,0.11186935240963855,0.0076242469879518075
444,0.7402212285243587,0.14073899741115556,0.11155566015533067,0.0074841139091550955
445,0.739553924336533,0.14125729343120647,0.11161302465650291,0.007575757575757576
446,0.7407076315046579,0.1406323515573539,0.11108497224051943,0.007575044697468712
447,0.7404759665130279,0.14081459881478695,0.11099614335434108,0.007713291317844041
448,0.7407912687585266,0.1416945006350849,0.1099872983017359,0.007526932304652585
449,0.7399708413676339,0.14217184781075107,0.11023844236467102,0.007618868456943987
450,0.739527011142978,0.14269594245145517,0.11006629366683907,0.007710752738727726
451,0.7396680614979547,0.14302505994640086,0.10964314260190888,0.0076637359537354835
452,0.7400930757297983,0.14266911107977248,0.10952851031824379,0.0077093028721854
453,0.740209675144563,0.1425414884114522,0.10963283343519345,0.007616003008791312
454,0.7406101631175669,0.14238706341371693,0.109387486485216,0.007615286983500212
455,0.7390160236830976,0.14327334241811945,0.10995723885155773,0.007753395047225224
456,0.7392019551628519,0.14334727640174838,0.10983691309865112,0.007613855336748602
457,0.7389465770802989,0.14387069492082882,0.10947704740872997,0.007705680590142367
458,0.7395573932246394,0.1437767232063149,0.10900718883616031,0.007658694732885401
459,0.7397961580010333,0.14367573152975435,0.10873138884974871,0.007796721619463623
460,0.7389282862912694,0.14474240360681914,0.10853332080965576,0.007795989292255671
461,0.7393734441782913,0.14466206378281904,0.10826170682447983,0.007702785214409844
462,0.7397022215959795,0.14442722277018458,0.10821473862195294,0.007655817011882955
463,0.7387873949185179,0.14507115014323957,0.10848635701873856,0.007655097919504063
464,0.7383669061370146,0.14518476780767245,0.10874771094520355,0.007700615110109405
465,0.7377341659232828,0.14549978872247524,0.10906615334053242,0.007699892013709564
466,0.7374747617035263,0.14645255200262947,0.10846598112410198,0.007606705169742217
467,0.7380728775356874,0.14622464312546957,0.10818933132982719,0.007513148009015778
468,0.7375264022529923,0.14663224595165453,0.10819056559493077,0.007650786200422436
469,0.7364493875827115,0.1473555774555352,0.10849875639401192,0.00769627856774133
470,0.7364297443115178,0.14759558996012198,0.10818672296504808,0.0077879427633122215
471,0.7364544729558569,0.14776938593610733,0.10798892902378383,0.0077872120842520055
472,0.7362570356472795,0.1472326454033771,0.10872420262664165,0.007786116322701688
473,0.7369383735109277,0.14689053559703594,0.10838570490573117,0.007785385986305225
474,0.7371283878833349,0.14695676638844604,0.1080840288849292,0.007830816843289881
475,0.7375972990715558,0.1471912219825565,0.10742755322141986,0.007783925724467786
476,0.7383966244725738,0.146741678387248,0.1070323488045007,0.00782934833567745
477,0.738080727579579,0.14729736064882096,0.10683981060428484,0.007782101167315175
478,0.737557409316712,0.146920986034305,0.10764832692848439,0.007873277720498641
479,0.7366694780245525,0.14717458532471184,0.10823727860556649,0.00791865804516915
480,0.7356095733220926,0.14706571120790596,0.10926888670319891,0.008055828766802492
481,0.7356741573033708,0.1473314606741573,0.10880149812734083,0.008192883895131085
482,0.7355019892347296,0.14729698104376315,0.1089632576644044,0.008237772057102738
483,0.7352707192662268,0.14764378305021292,0.10880247086901586,0.008283026814544434
484,0.7356945679127872,0.14738221120104805,0.10859495625321668,0.008328264632948112
485,0.7353725270099621,0.1473270660867125,0.10883494691548572,0.008465459987839671
486,0.735232215518451,0.14774800056124596,0.10860109442963378,0.008418689490669286
487,0.7348552182251953,0.14772886747438835,0.10913598727604434,0.008279927024371988
488,0.7345554880044896,0.14782771360426508,0.10924566244212693,0.00837113594911846
489,0.7347673602992751,0.14814122048164602,0.10872106616787468,0.008370353051204114
490,0.735394546049862,0.14794892183918798,0.10847092941671733,0.008185602694232658
491,0.7356063794958141,0.14835601702446097,0.10785276647490763,0.00818483700481736
492,0.7358155199027082,0.14818279620188035,0.10790963094625568,0.008092052949155713
493,0.7356063794958141,0.14821570553294983,0.10808661896075955,0.008091296010476591
494,0.7357493570259528,0.14832826747720365,0.10778583119008651,0.008136544306757072
495,0.7356832312654855,0.1481931653499135,0.10789584404656163,0.008227759338039362
496,0.7358261275999065,0.14830567889693855,0.10759523253096517,0.008272960972189764
497,0.7357106136374258,0.1484787587044913,0.10753843996821984,0.008272187689863065
498,0.7350866538982576,0.14878310832905126,0.10767505955995703,0.008455178212734152
499,0.7348063717475593,0.1488298220208343,0.10795534171065539,0.00840846452095109
500,0.7348806799607714,0.14855461635455097,0.10806519404100313,0.008499509643674403
501,0.7351114017469289,0.14853566257181558,0.10799196599560933,0.008360969685646223
502,0.7353861969066866,0.14887154805850195,0.10761179384140929,0.008130461193402178
503,0.7359936451567684,0.14812391944301667,0.10779870099528059,0.008083734404934349
504,0.7360059807494627,0.1485375198579572,0.1074198673021213,0.008036632090458835
505,0.7360112097150864,0.14894908921064923,0.10686595049042504,0.008173750583839328
506,0.7363653343294733,0.14895405304445275,0.10641576391483003,0.00826484871124393
507,0.7359133560524719,0.14915270062088604,0.10662434060034545,0.008309602726296625
508,0.7358719492276821,0.1493303467263988,0.10635120630920715,0.008446497736711932
509,0.7354519576275141,0.1492370152596948,0.10691119510943115,0.008399832003359933
510,0.7356439800345198,0.1491346736950133,0.1066847040164202,0.00853664225404674
511,0.7354327035222766,0.14947515745276416,0.10664800559832051,0.008444133426638675
512,0.7354766459801223,0.14996967010405488,0.106247958564696,0.008305725351126872
513,0.7352803956331063,0.15018195390501074,0.10623308761780349,0.0083045628440795
514,0.7352707934878948,0.15044082660820077,0.10598497924149834,0.00830340066240612
515,0.7350622696954149,0.15028686039460795,0.1063482438546574,0.008302626055319744
516,0.7343065012592109,0.15063893293536051,0.10675310138979573,0.00830146441563287
517,0.7343997761402854,0.15059229549482325,0.10675310138979573,0.008254826975095607
518,0.7345892007833629,0.1506108365196307,0.10650004662874196,0.008299916068264478
519,0.7345178138407014,0.1508580488714792,0.1064167132997575,0.00820742398806193
520,0.7347043462040664,0.1505316172355904,0.10660324566312256,0.008160790897220669
521,0.7344959432994498,0.15084398022941342,0.10650004662874196,0.008160029842394853
522,0.7335664335664336,0.15128205128205127,0.10694638694638695,0.008205128205128205
523,0.7341477060798209,0.15064341663558373,0.10709623274897426,0.008112644535621038
524,0.7345235875442849,0.1508950214432221,0.10642364348312512,0.008157747529367891
525,0.7342220564929617,0.15134706814580032,0.10627388831919456,0.008156987042043443
526,0.7341565703634669,0.1515843429636533,0.1060111835973905,0.008247903075489282
527,0.7343429636533085,0.15088536812674744,0.10657036346691519,0.00820130475302889
528,0.7338333954528513,0.15109019754006708,0.10683004099888185,0.008246366008199776
529,0.7338551859099804,0.15161681110800485,0.10637405647190383,0.008153946510110893
530,0.7341595229221021,0.1512765560939247,0.1064107342527022,0.008153186731270965
531,0.7337619979498649,0.1517099990681204,0.10646724443201938,0.00806075854999534
532,0.7341872380065207,0.15137401024685607,0.10624126688402422,0.008197484862598975
533,0.7336096107282548,0.1517973551871857,0.10630471223691562,0.008288321847643882
534,0.7337988826815642,0.15167597765363128,0.10619180633147114,0.008333333333333333
535,0.7338889923635686,0.15207673682249953,0.10583907617805922,0.008195194635872602
536,0.7338176399366676,0.15195119679612554,0.10612834124988357,0.008102822017323274
537,0.7341406613879833,0.15216581276199348,0.10572892408011178,0.007964601769911504
538,0.7340039117071808,0.15185806091086895,0.10612834124988357,0.008009686132066686
539,0.734102969928312,0.15175495763895355,0.10599571734475374,0.008146355087980634
540,0.7335661080074488,0.15283985102420858,0.10554003724394787,0.008054003724394786
541,0.7332650591192627,0.15315147565403595,0.10553021133972629,0.008053253886975142
542,0.7324710370818406,0.15325920066998558,0.10603452286791049,0.008235239380263342
543,0.7322882262641299,0.153184165232358,0.10624738335581708,0.008280225147695027
544,0.731962599432479,0.1533702377075871,0.10643345583104619,0.008233707028887751
545,0.7316244882768888,0.1533308522515817,0.10690360997394864,0.008141049497580946
546,0.7316619377645472,0.15349551141913578,0.10670263733196893,0.008139913484348109
547,0.7319137065278036,0.1536637530221313,0.10610005579319323,0.008322484656871862
548,0.7322673607883239,0.15348145393697127,0.10583805893836572,0.008413126336339128
549,0.7323295692179005,0.15321343928621217,0.1059993494121474,0.00845764208373995
550,0.731664266802917,0.15314227321287566,0.10655395048539179,0.008639509498815551
551,0.7313550664066129,0.15315315315315314,0.10680783876660166,0.008683941673632395
552,0.7302228412256268,0.15338904363974,0.10761374187558032,0.008774373259052925
553,0.7309906229690837,0.1529570142048092,0.10727880419645344,0.0087735586296537
554,0.7313903842583999,0.15272879153517727,0.10701689251902728,0.008863931687395582
555,0.731554524361949,0.15290023201856148,0.10668213457076565,0.008863109048723897
