,bt_pt-O,bt_pt-A,bt_pt-B,bt_pt-AB
0,1.0,0.0,0.0,0.0
1,1.0,0.0,0.0,0.0
2,1.0,0.0,0.0,0.0
3,1.0,0.0,0.0,0.0
4,1.0,0.0,0.0,0.0
5,1.0,0.0,0.0,0.0
6,1.0,0.0,0.0,0.0
7,1.0,0.0,0.0,0.0
8,1.0,0.0,0.0,0.0
9,1.0,0.0,0.0,0.0
10,1.0,0.0,0.0,0.0
11,1.0,0.0,0.0,0.0
12,1.0,0.0,0.0,0.0
13,1.0,0.0,0.0,0.0
14,1.0,0.0,0.0,0.0
15,1.0,0.0,0.0,0.0
16,1.0,0.0,0.0,0.0
17,1.0,0.0,0.0,0.0
18,1.0,0.0,0.0,0.0
19,1.0,0.0,0.0,0.0
20,1.0,0.0,0.0,0.0
21,1.0,0.0,0.0,0.0
22,1.0,0.0,0.0,0.0
23,1.0,0.0,0.0,0.0
24,1.0,0.0,0.0,0.0
25,1.0,0.0,0.0,0.0
26,1.0,0.0,0.0,0.0
27,1.0,0.0,0.0,0.0
28,1.0,0.0,0.0,0.0
29,1.0,0.0,0.0,0.0
30,1.0,0.0,0.0,0.0
31,1.0,0.0,0.0,0.0
32,1.0,0.0,0.0,0.0
33,1.0,0.0,0.0,0.0
34,1.0,0.0,0.0,0.0
35,1.0,0.0,0.0,0.0
36,1.0,0.0,0.0,0.0
37,1.0,0.0,0.0,0.0
38,1.0,0.0,0.0,0.0
39,1.0,0.0,0.0,0.0
40,1.0,0.0,0.0,0.0
41,1.0,0.0,0.0,0.0
42,1.0,0.0,0.0,0.0
43,1.0,0.0,0.0,0.0
44,1.0,0.0,0.0,0.0
45,1.0,0.0,0.0,0.0
46,1.0,0.0,0.0,0.0
47,1.0,0.0,0.0,0.0
48,1.0,0.0,0.0,0.0
49,1.0,0.0,0.0,0.0
50,1.0,0.0,0.0,0.0
51,1.0,0.0,0.0,0.0
52,1.0,0.0,0.0,0.0
53,1.0,0.0,0.0,0.0
54,1.0,0.0,0.0,0.0
55,1.0,0.0,0.0,0.0
56,1.0,0.0,0.0,0.0
57,1.0,0.0,0.0,0.0
58,1.0,0.0,0.0,0.0
59,1.0,0.0,0.0,0.0
60,1.0,0.0,0.0,0.0
61,1.0,0.0,0.0,0.0
62,1.0,0.0,0.0,0.0
63,1.0,0.0,0.0,0.0
64,1.0,0.0,0.0,0.0
65,1.0,0.0,0.0,0.0
66,1.0,0.0,0.0,0.0
67,1.0,0.0,0.0,0.0
68,1.0,0.0,0.0,0.0
69,1.0,0.0,0.0,0.0
70,1.0,0.0,0.0,0.0
71,1.0,0.0,0.0,0.0
72,1.0,0.0,0.0,0.0
73,1.0,0.0,0.0,0.0
74,1.0,0.0,0.0,0.0
75,1.0,0.0,0.0,0.0
76,1.0,0.0,0.0,0.0
77,1.0,0.0,0.0,0.0
78,1.0,0.0,0.0,0.0
79,1.0,0.0,0.0,0.0
80,1.0,0.0,0.0,0.0
81,1.0,0.0,0.0,0.0
82,1.0,0.0,0.0,0.0
83,1.0,0.0,0.0,0.0
84,1.0,0.0,0.0,0.0
85,1.0,0.0,0.0,0.0
86,1.0,0.0,0.0,0.0
87,1.0,0.0,0.0,0.0
88,1.0,0.0,0.0,0.0
89,1.0,0.0,0.0,0.0
90,1.0,0.0,0.0,0.0
91,1.0,0.0,0.0,0.0
92,1.0,0.0,0.0,0.0
93,1.0,0.0,0.0,0.0
94,1.0,0.0,0.0,0.0
95,1.0,0.0,0.0,0.0
96,1.0,0.0,0.0,0.0
97,1.0,0.0,0.0,0.0
98,1.0,0.0,0.0,0.0
99,1.0,0.0,0.0,0.0
100,0.9867359564464242,0.013264043553575848,0.0,0.0
101,0.9734745385262533,0.026525461473746723,0.0,0.0
102,0.9602157454599436,0.03978425454005641,0.0,0.0
103,0.9470090544752857,0.03973083964177923,0.013260105882935035,0.0
104,0.9337555038836393,0.039726908425270865,0.026517587691089892,0.0
105,0.9205045758100421,0.03972297798664358,0.03977244620331437,0.0
106,0.9205085081123863,0.039721013058963195,0.03977047882865058,0.0
107,0.920512440025721,0.03971904832566652,0.03976851164861255,0.0
108,0.9205242334322453,0.03971315529179031,0.039762611275964393,0.0
109,0.920532093759272,0.03970922757392938,0.03975867866679854,0.0
110,0.9205399525316456,0.039705300632911396,0.039754746835443035,0.0
111,0.9205517377762397,0.03969941167746082,0.0397488505462995,0.0
112,0.9205101586830787,0.03969548667754214,0.03979435463937911,0.0
113,0.9205180169047501,0.03969156245366023,0.03979042064158964,0.0
114,0.9204309577938123,0.039735099337748346,0.03983394286843926,0.0
115,0.9204921678114345,0.03972920887483323,0.039778623313732275,0.0
116,0.9203023864815455,0.039774692425515096,0.03992292109293937,0.0
117,0.9203102613507238,0.039770762314114916,0.0399189763351613,0.0
118,0.9202232760324046,0.03986366330764671,0.039913060659948624,0.0
119,0.9200869264582408,0.039907146737788314,0.040005926803970956,0.0
120,0.9195021976393896,0.04039705664477258,0.04010074571583782,0.0
121,0.9187694434842724,0.04103501061675967,0.040195545898967955,0.0
122,0.9175430800375253,0.04221596800474004,0.04024095195773466,0.0
123,0.9155353704892136,0.04368860147109641,0.040726662388310214,4.936565137976995e-05
124,0.9126486699896362,0.044909440852785865,0.04229383605586537,0.00014805310171248087
125,0.908557336621455,0.04680641183723798,0.04424167694204686,0.00039457459926017265
126,0.9051728388973815,0.04872035110212535,0.04566300113417821,0.00044380886631490704
127,0.9019772200581825,0.05063852867215621,0.04694048616932104,0.0004437651003402199
128,0.8994429930497363,0.05185586829003796,0.04815891950510179,0.000542219155123971
129,0.8956393200295639,0.05370780980537078,0.049963045084996306,0.0006898250800689825
130,0.8918386445352904,0.055607545682904005,0.05171649509924642,0.0008373146825592277
131,0.8883143743536711,0.057320135913724334,0.05347909587826858,0.0008863938543359433
132,0.8835916359163591,0.0603690036900369,0.05476014760147602,0.0012792127921279213
133,0.8791738382099827,0.06299483648881239,0.0563560363904598,0.0014752889107450208
134,0.8751904083337428,0.06491081519335659,0.05808068399587244,0.0018180924770281558
135,0.8701094693436748,0.0674488243090668,0.06018359432526631,0.0022581120219920476
136,0.8658291210678707,0.06973548608725524,0.062079795848260295,0.0023555969966138294
137,0.8608972787447904,0.07183133120862957,0.06452561902427066,0.0027457710223093897
138,0.8562607204116638,0.07409948542024014,0.06669933839745161,0.00294045577064445
139,0.852173060904503,0.07614287814199618,0.06869518349747661,0.002988877456024303
140,0.8482147230249302,0.07763138561003086,0.07101924866532791,0.003134642699711025
141,0.845291150399138,0.07860326166805426,0.07297125226504726,0.0031343356677604193
142,0.8430047500122423,0.07874247098574996,0.07511875030605748,0.003134028695950247
143,0.840734394124847,0.079265605875153,0.07681762545899633,0.003182374541003672
144,0.8392481276616575,0.07959273581673111,0.07792843506779579,0.003230701453815654
145,0.8387665198237886,0.07983357807146353,0.07816935878609887,0.0032305433186490457
146,0.837370919590858,0.08065384427152156,0.07869622669211569,0.003279009445504821
147,0.8366038659163201,0.08128211402006362,0.07883533153902618,0.003278688524590164
148,0.8354944463473113,0.0819102608014875,0.079316925184714,0.0032783676664872533
149,0.8341568416417984,0.08267697275084389,0.07983953818306345,0.0033266474242943105
150,0.8332436530841852,0.08330479870860441,0.08012522623881035,0.003326321968399941
151,0.83165411327399,0.0840262153966546,0.08099383742541329,0.003325833903942091
152,0.8306924882629108,0.08450704225352113,0.08147496087636932,0.003325508607198748
153,0.8287781743509509,0.08546423507553905,0.08238400234684398,0.003373588226666015
154,0.8265864867507577,0.08653564095042535,0.08350444900752908,0.0033734232912877677
155,0.8242827117649933,0.08763869201818271,0.08465711911628135,0.0034214771005425487
156,0.8216607203948976,0.08899858266946875,0.08591955427398465,0.0034211426616489907
157,0.8188880203244089,0.09106898573382842,0.08652530779753762,0.0035176861442251317
158,0.816578741695975,0.09237006643220008,0.08748534583821806,0.003565846033606878
159,0.8135560113292314,0.0941498193182928,0.08863170231467916,0.00366246703779666
160,0.8101142243483355,0.09626086107585669,0.08981743629795959,0.0038074782778482865
161,0.8071330991412958,0.0976775956284153,0.09118852459016394,0.0040007806401249025
162,0.803247513165594,0.09952213770236006,0.09298810220401794,0.0042422469280280865
163,0.7996490201813395,0.10158915862337915,0.0944233206590621,0.0043385005362191675
164,0.7957424006235386,0.10376071706936867,0.09586905689789556,0.004627825409197194
165,0.7928801012954125,0.10528878932502192,0.09710723677802668,0.004723872601538911
166,0.7904576436222006,0.10657254138266796,0.09814995131450828,0.004819863680623174
167,0.7872578604107856,0.10795288620656089,0.0998734546870437,0.004915798695609851
168,0.7839416058394161,0.10968369829683698,0.10141119221411192,0.004963503649635037
169,0.7815996886250851,0.111024618079206,0.10236450325970614,0.005011190036002725
170,0.7780317028104639,0.11280754643586502,0.10390936497131187,0.005251385782359234
171,0.7753207620528771,0.1140649300155521,0.10517107309486781,0.005443234836702955
172,0.7721795743853853,0.11568360703527354,0.10659799825089884,0.005538820328442328
173,0.7700602292597629,0.11657276083155237,0.10773265980182631,0.005634350106858364
174,0.7684537684537684,0.11727855477855478,0.10858585858585859,0.005681818181818182
175,0.7654141178755219,0.11860374793669289,0.11020487425963686,0.005777259928148364
176,0.7638578778759344,0.11930880497039123,0.11100863993787011,0.0058246772158042906
177,0.7620341614906833,0.12009899068322981,0.11194681677018634,0.005920031055900621
178,0.760648103230814,0.12074318424371785,0.11259338313767342,0.006015329387794702
179,0.7586825766395033,0.121604578967792,0.11369809856422196,0.006014745828482732
180,0.7575522474906657,0.12161179265868205,0.11472627648741696,0.006109683363235223
181,0.7563990692262944,0.12182470428543726,0.1156195462478185,0.006156680240449874
182,0.7558894813378575,0.12157052835676199,0.11638390693165293,0.0061560833737275816
183,0.7557784561709551,0.12157774870378446,0.11639288656296942,0.006250908562291031
184,0.7558505741557247,0.12112989970444304,0.11676922331508309,0.006250302824749261
185,0.7567331912420073,0.12037395853516761,0.11654718077891882,0.00634566944390622
186,0.7566598856921437,0.12026542671703962,0.11672963285866511,0.006345054732151506
187,0.7567070217917675,0.12067796610169491,0.1162227602905569,0.006392251815980629
188,0.7559924458863978,0.12130163188223331,0.11631397995254467,0.00639194227882427
189,0.7548174687711824,0.12234918175656047,0.11639391885349085,0.006439430618766341
190,0.7565709860109395,0.12018974780967133,0.11670458395856527,0.006534682220823854
191,0.7586156824782188,0.1181026137463698,0.11674733785091965,0.006534365924491772
192,0.760644474550029,0.11515386104122315,0.11752467582736598,0.006676988581381846
193,0.7623953949596092,0.11420693658395008,0.11662555023460552,0.006772118221835244
194,0.7658977706852362,0.11301320179892645,0.11422215774457178,0.006866869771265535
195,0.7688626806515539,0.11257189811010682,0.11150853110348494,0.007056890134854271
196,0.7704830917874396,0.11289855072463768,0.1093719806763285,0.007246376811594203
197,0.7723102182731312,0.11299980683793703,0.10730152598029746,0.0073884489086343446
198,0.7729137506636421,0.11356725710700323,0.10594140643853468,0.00757758579082002
199,0.7731506056072962,0.1140278917145201,0.10519712396853738,0.007624378709646286
200,0.7728741619640187,0.11455168089519124,0.10476052669657068,0.007813630444219361
201,0.7717123981289482,0.11525292954622172,0.10517432608381154,0.00786034624101847
202,0.7716117834241357,0.11576105298683767,0.10472011956993395,0.007907044019092618
203,0.7702057930502675,0.11687310231818401,0.10487252397705914,0.008048580654489374
204,0.7688045101912977,0.11800703512745145,0.10509323953163398,0.008095215149616922
205,0.7674519439225321,0.1188032952738835,0.1056029291323409,0.008141831671243436
206,0.7649920524059535,0.1199845864842734,0.10683493088001542,0.008188430229757718
207,0.7627510475364832,0.12127341906275586,0.1077878919231325,0.008187641477628474
208,0.7607743053883566,0.12255019983627871,0.10844127702605094,0.008234217749313814
209,0.7593760531510279,0.12339319243175581,0.10894997833517886,0.008280776082037457
210,0.7587020364931876,0.12368205671368736,0.10938327475807616,0.008232632035048867
211,0.7574969915764139,0.12418772563176896,0.1100361010830325,0.008279181708784597
212,0.7564121072133199,0.12453683653337183,0.110678023194264,0.00837303305904432
213,0.7556400019240944,0.12448891240559912,0.11135696762711049,0.00851411804319592
214,0.7551108759440088,0.12496993602385877,0.11145317235076242,0.008466015681369956
215,0.7556154105141648,0.12452503487085759,0.11139435332595835,0.008465201289019288
216,0.7562160342422931,0.12374356754677054,0.11157601115760112,0.008464387053335257
217,0.7563202922233971,0.12390656541382293,0.1110737287320965,0.008699413630683456
218,0.7562475970780469,0.12360630526720492,0.1114475201845444,0.008698577470203767
219,0.7565346915241207,0.12334230251777821,0.11137805112435134,0.00874495483374976
220,0.7578072451234746,0.12285000480445854,0.11059863553377534,0.008744114538291535
221,0.757564114878494,0.12285083085198348,0.11070022092018057,0.008884833349342041
222,0.7581752701080432,0.1221608643457383,0.11078031212484994,0.008883553421368547
223,0.758738236988669,0.12180718263875552,0.11057230651046668,0.0088822738621087
224,0.7596869448312287,0.1218610457579104,0.1096653382628319,0.008786671148029002
225,0.7600710616027272,0.12190906035434772,0.10928122149133336,0.008738656551591685
226,0.7608142493638677,0.12156128474722742,0.10888664842287196,0.008737817466032935
227,0.7608946054904973,0.12152044538299098,0.1087060856210405,0.0088788635054713
228,0.7613974469718783,0.1212208465303772,0.10850369517228141,0.008878011325463096
229,0.7616030717542597,0.1210943124550036,0.10856731461483081,0.008735301175905928
230,0.7622132642288127,0.12107687877915346,0.10797581341779441,0.00873404357423937
231,0.7625491889816681,0.12136481428160092,0.1073999424128995,0.008686054323831462
232,0.7620830333573314,0.12195824334053276,0.1074154067674586,0.008543316534677227
233,0.762782658793029,0.12175332469153584,0.10711027893801911,0.008353737577416103
234,0.7626662824761081,0.12284493108581857,0.10632473706958652,0.00816404936848677
235,0.7625954565102541,0.12309687334902263,0.10623889342490754,0.008068776715815762
236,0.7625978767353605,0.12321660181582361,0.10625930729692079,0.007926214151895086
237,0.7628657921291625,0.1234443323242516,0.10595358224016145,0.007736293306424487
238,0.762145019460862,0.1237806929027918,0.10638604584114171,0.007688241795204459
239,0.7611839892364615,0.12426120801499208,0.106914612464562,0.007640190283984431
240,0.7605613495458259,0.12438121785937425,0.10755995578411112,0.007497476810688711
241,0.7597193522033735,0.12494593685424576,0.10783795473112595,0.007496756211254746
242,0.758731683881816,0.1251501321162623,0.10852750420369925,0.0075906797982224355
243,0.7585146755055964,0.12523418359994234,0.10866119037325263,0.007589950521208627
244,0.7578901859057501,0.12552240956910218,0.10904549166546572,0.007541912859681991
245,0.7578173783563091,0.12584658244872474,0.10879485085738988,0.007541188337576252
246,0.7579104047630479,0.12546214049070917,0.10894511931627214,0.007682335429970711
247,0.7579816601853185,0.12516203370301024,0.10917470833933458,0.007681597772336646
248,0.7574506886787925,0.12549791236742333,0.10922877573547056,0.007822623218313576
249,0.7577139018187053,0.1251019722635443,0.10936225346705696,0.007821872450693412
250,0.7579043323897712,0.1250779638247853,0.10914935469941947,0.007868349086024086
251,0.7578316142959942,0.12525785560086353,0.10904293595586471,0.007867594147277524
252,0.75718190974054,0.12574936453887103,0.10910747685962303,0.007961248860965902
253,0.757275037154226,0.1262284865046263,0.10839445802770986,0.008102018313437844
254,0.7580668360742197,0.12513784340988637,0.10878841635901616,0.008006904156877787
255,0.758304970998514,0.1246344854033843,0.1090072383874215,0.008053305210680217
256,0.7584587367008531,0.12450877024825074,0.1089331927537621,0.008099300297134094
257,0.7594882116158712,0.12401763465593253,0.10839562967222542,0.008098524055970864
258,0.7600632547441059,0.12416139543799118,0.10772474602261836,0.008050603795284647
259,0.7593657181182332,0.12426942608029128,0.10822075308996838,0.008144102711507138
260,0.7594020984046376,0.124850285057251,0.10769894121592488,0.008048675322186557
261,0.7592353025729481,0.12538929615255617,0.1074217814191941,0.007953619855301615
262,0.7586950273066974,0.1258982466225927,0.10745424930535595,0.007952476765354028
263,0.7586834666794423,0.12609591338092271,0.1073635797441671,0.007857040195467829
264,0.7581549073142693,0.12688604684581117,0.10705561143842506,0.007903434401494467
265,0.7580444359318138,0.1273223520398391,0.10663665964374641,0.00799655238460065
266,0.7582112419802739,0.1271665230297807,0.10662644833860002,0.007995786651345399
267,0.7580807355265048,0.12737633481779437,0.10668965186994206,0.007853277785758752
268,0.7572160260399216,0.12756689483509645,0.10722320616533436,0.007993872959647695
269,0.7574785813430336,0.12760254630737566,0.10692576461015652,0.00799310773943426
270,0.7566636359286022,0.1283437814040293,0.10695315117002441,0.008039431497344117
271,0.7565691858517207,0.1287033934810702,0.10683003876896568,0.007897381898243431
272,0.7562586759848738,0.12881144990665838,0.1071274711598296,0.00780240294863817
273,0.7562353391737278,0.12896739910957922,0.10708985590502178,0.007707405811671214
274,0.7561886521426862,0.1290399808474982,0.10720612880057458,0.007565238209241082
275,0.7554704333253531,0.12956667464687574,0.10744553507301892,0.007517356954752214
276,0.7558523624874336,0.12968548039638086,0.10689836756187467,0.0075637895543108815
277,0.7551557490789033,0.13005406957270682,0.10703861428776497,0.0077515670606249105
278,0.7545563262377422,0.1303994259746472,0.10719923463286295,0.007845013154747667
279,0.7544128198995456,0.1304950968667783,0.10729490552499402,0.0077971777086821336
280,0.7546754675467546,0.13029128999856507,0.1072368106375855,0.007796431817094753
281,0.7548189601568852,0.1299564739082604,0.10747596498780312,0.007748600947051227
282,0.7545789297498924,0.13017072354263307,0.10745540624551671,0.007794940461957821
283,0.7546502175680199,0.13025390905178597,0.10730167838186774,0.0077941949983264
284,0.7536446632570145,0.13087328521581187,0.10754744037091918,0.007934611156254481
285,0.754002772069015,0.13043062658318597,0.10763274864981122,0.00793385269798786
286,0.7537152960290534,0.1307401920963349,0.10756439050031061,0.007980121374301142
287,0.7526876582732094,0.13144440728176215,0.10788857566056667,0.007979358784461751
288,0.7528787806393044,0.13144440728176215,0.10774523388599551,0.007931578192938028
289,0.7529625382262997,0.1310684250764526,0.10813264525993883,0.007836391437308868
290,0.7524369266055045,0.1314506880733945,0.10832377675840979,0.007788608562691131
291,0.7527590655009316,0.13114519134298408,0.1083082509196885,0.007787492236395776
292,0.7528664246130327,0.13075673609784064,0.10863749283393846,0.0077393464551882285
293,0.7531406735132553,0.1308335323620731,0.10828755672319083,0.007738237401480774
294,0.7528894832362212,0.13110134683350846,0.10827204126468622,0.007737128665584105
295,0.7527456785407315,0.13131506064368256,0.10815585903925126,0.007783401776334639
296,0.7522686025408348,0.13167446747540357,0.10841532142516,0.007641608558601585
297,0.7523045326455557,0.1318718058938721,0.10822945025552849,0.0075942112050437025
298,0.7522326758679975,0.13176369454128659,0.10841014375089546,0.007593485839820431
299,0.7512893982808023,0.13228271251193888,0.10883476599808978,0.007593123209169055
300,0.750967187276114,0.1327792902517075,0.10880259827100348,0.007450924201174954
301,0.750334288443171,0.13314231136580706,0.10907354345749762,0.007449856733524355
302,0.750799942690673,0.13310091217345624,0.10874444815893787,0.007354696976932995
303,0.7500596687192707,0.13361019619074896,0.10878800897417538,0.00754212611580505
304,0.7500119314656613,0.13382331885648832,0.10857633751730063,0.007588412160549802
305,0.7488192357234865,0.1343447354610944,0.10910738991460331,0.007728638900815801
306,0.7018072289156626,0.15943775100401605,0.12871485943775102,0.010040160642570281
307,0.6415572232645403,0.19212007504690432,0.15347091932457785,0.012851782363977486
308,0.5655136268343816,0.23401467505241091,0.1831761006289308,0.01729559748427673
309,0.46905240094942485,0.28537520540441846,0.2227496804820157,0.022822713164140952
310,0.3435288169868554,0.34908998988877654,0.27603640040444893,0.03134479271991911
311,0.20278745644599303,0.4250871080139373,0.3303135888501742,0.041811846689895474
312,0.07662835249042145,0.4846743295019157,0.38553639846743293,0.05316091954022988
313,0.016905071521456438,0.49934980494148246,0.4141742522756827,0.06957087126137841
314,0.0008865248226950354,0.49113475177304966,0.4237588652482269,0.08421985815602837
315,0.0,0.4849939975990396,0.4141656662665066,0.10084033613445378
316,0.003601440576230492,0.48139255702280914,0.4141656662665066,0.10084033613445378
317,0.006002400960384154,0.48259303721488594,0.4105642256902761,0.10084033613445378
318,0.008403361344537815,0.48139255702280914,0.40936374549819926,0.10084033613445378
319,0.00834326579261025,0.4791418355184744,0.4088200238379023,0.10369487485101311
320,0.014302741358760428,0.47794994040524436,0.40405244338498214,0.10369487485101311
321,0.0166865315852205,0.47794994040524436,0.40166865315852207,0.10369487485101311
322,0.015457788347205707,0.4780023781212842,0.40190249702734837,0.10463733650416171
323,0.017793594306049824,0.47805456702253857,0.398576512455516,0.1055753262158956
324,0.021352313167259787,0.4721233689205219,0.40094899169632264,0.1055753262158956
325,0.020118343195266272,0.47218934911242605,0.4011834319526627,0.10650887573964497
326,0.021352313167259787,0.4709371293001186,0.40213523131672596,0.1055753262158956
327,0.020118343195266272,0.47692307692307695,0.39644970414201186,0.10650887573964497
328,0.0199764982373678,0.47473560517038776,0.39600470035252644,0.10928319623971798
329,0.022274325908558032,0.47245017584994137,0.3950762016412661,0.11019929660023446
330,0.023446658851113716,0.46776084407971863,0.39859320046893315,0.11019929660023446
331,0.022170361726954493,0.46674445740956827,0.3990665110851809,0.11201866977829639
332,0.022170361726954493,0.4644107351225204,0.4014002333722287,0.11201866977829639
333,0.025670945157526253,0.46557759626604434,0.396732788798133,0.11201866977829639
334,0.027939464493597205,0.4691501746216531,0.389988358556461,0.11292200232828871
335,0.026713124274099883,0.46806039488966317,0.3914053426248548,0.11382113821138211
336,0.026589595375722544,0.4658959537572254,0.3919075144508671,0.11560693641618497
337,0.027745664739884393,0.4658959537572254,0.39075144508670523,0.11560693641618497
338,0.02531645569620253,0.46375143843498273,0.39355581127733025,0.11737629459148446
339,0.02761795166858458,0.4626006904487917,0.3924050632911392,0.11737629459148446
340,0.02761795166858458,0.46375143843498273,0.3912543153049482,0.11737629459148446
341,0.031141868512110725,0.46251441753171857,0.38985005767012687,0.11649365628604383
342,0.02957906712172924,0.46075085324232085,0.38794084186575656,0.1217292377701934
343,0.028376844494892167,0.45743473325766176,0.39160045402951194,0.12258796821793416
344,0.029312288613303268,0.45659526493799324,0.38895152198421645,0.12514092446448705
345,0.02705749718151071,0.4577226606538895,0.3900789177001127,0.12514092446448705
346,0.0281214848143982,0.4566929133858268,0.3892013498312711,0.12598425196850394
347,0.027995520716685332,0.45240761478163494,0.3919372900335946,0.1276595744680851
348,0.030100334448160536,0.4503901895206243,0.39018952062430323,0.12931995540691194
349,0.03107658157602664,0.44617092119866814,0.39178690344062156,0.1309655937846837
350,0.030871003307607496,0.4432194046306505,0.39250275633958104,0.13340683572216097
351,0.033003300330033,0.44334433443344334,0.38943894389438943,0.1342134213421342
352,0.03732162458836443,0.44017563117453345,0.38748627881448955,0.1350164654226125
353,0.038419319429198684,0.43578485181119647,0.3907793633369923,0.1350164654226125
354,0.039603960396039604,0.43564356435643564,0.39053905390539057,0.1342134213421342
355,0.04171240395170143,0.43249176728869376,0.3907793633369923,0.1350164654226125
356,0.040525739320920046,0.43263964950711936,0.3910186199342826,0.13581599123767799
357,0.04008667388949079,0.4312026002166847,0.38894907908992415,0.13976164680390032
358,0.042437431991294884,0.42872687704026113,0.3906420021762786,0.1381936887921654
359,0.04907306434023991,0.42311886586695746,0.3904034896401309,0.13740458015267176
360,0.04896626768226333,0.4232861806311208,0.3895538628944505,0.1381936887921654
361,0.04668838219326819,0.4212812160694897,0.3930510314875136,0.13897937024972856
362,0.047670639219934995,0.4171180931744312,0.39544962080173346,0.13976164680390032
363,0.04746494066882417,0.41316073354908306,0.39805825242718446,0.1413160733549083
364,0.04746494066882417,0.4099244875943905,0.40129449838187703,0.1413160733549083
365,0.04833512352309345,0.41245972073039744,0.3963480128893663,0.14285714285714285
366,0.04695837780149413,0.41088580576307365,0.39701173959445035,0.14514407684098185
367,0.044633368756641874,0.41339001062699254,0.3953241232731137,0.14665249734325186
368,0.044633368756641874,0.41339001062699254,0.3953241232731137,0.14665249734325186
369,0.042238648363252376,0.4149947201689546,0.3938753959873284,0.14889123548046462
370,0.042238648363252376,0.4160506863780359,0.3928194297782471,0.14889123548046462
371,0.045310853530031614,0.41517386722866173,0.3898840885142255,0.14963119072708114
372,0.046267087276550996,0.416403785488959,0.38696109358569925,0.15036803364879076
373,0.046267087276550996,0.41430073606729756,0.3890641430073607,0.15036803364879076
374,0.0472193074501574,0.4144805876180483,0.38719832109129065,0.15110178384050368
375,0.0473186119873817,0.4153522607781283,0.38696109358569925,0.15036803364879076
376,0.046267087276550996,0.4153522607781283,0.38801261829652994,0.15036803364879076
377,0.046267087276550996,0.41324921135646686,0.3901156677181914,0.15036803364879076
378,0.04493207941483804,0.41274817136886105,0.3897596656217346,0.15256008359456635
379,0.044745057232049947,0.40790842872008326,0.39334027055150883,0.15400624349635797
380,0.04569055036344756,0.40498442367601245,0.39460020768431986,0.15472481827622014
381,0.047569803516028956,0.4043433298862461,0.39193381592554294,0.15615305067218202
382,0.047276464542651594,0.3987667009249743,0.39568345323741005,0.15827338129496402
383,0.046153846153846156,0.39794871794871794,0.39692307692307693,0.15897435897435896
384,0.046248715313463515,0.3977389516957862,0.3977389516957862,0.15827338129496402
385,0.04531410916580844,0.4016477857878476,0.39546858908341914,0.15756951596292482
386,0.04717948717948718,0.39794871794871794,0.3958974358974359,0.15897435897435896
387,0.04912998976458546,0.3940634595701126,0.3971340839303992,0.15967246673490276
388,0.04892966360856269,0.3934760448521916,0.3965341488277268,0.16106014271151886
389,0.04853387259858443,0.38928210313447925,0.39838220424671383,0.16380182002022245
390,0.04833836858006042,0.3867069486404834,0.3997985901309164,0.16515609264853978
391,0.050454086781029264,0.3854692230070636,0.39959636730575177,0.16448032290615539
392,0.04944500504540868,0.3884964682139253,0.3975782038345106,0.16448032290615539
393,0.04954499494438827,0.3902932254802831,0.39635995955510617,0.16380182002022245
394,0.04934541792547835,0.391742195367573,0.39375629405840884,0.16515609264853978
395,0.05146316851664985,0.39152371342078707,0.39253279515640765,0.16448032290615539
396,0.05146316851664985,0.39354187689202824,0.3905146316851665,0.16448032290615539
397,0.05205205205205205,0.3943943943943944,0.3863863863863864,0.16716716716716717
398,0.05084745762711865,0.3938185443668993,0.386839481555334,0.16849451645064806
399,0.0506454816285998,0.39225422045680236,0.3872889771598808,0.16981132075471697
400,0.05153617443012884,0.39345887016848363,0.38453914767096137,0.17046580773042616
401,0.0527363184079602,0.39502487562189054,0.38308457711442784,0.1691542288557214
402,0.052947052947052944,0.3936063936063936,0.3856143856143856,0.16783216783216784
403,0.050445103857566766,0.3936696340257171,0.3847675568743818,0.17111770524233433
404,0.04827586206896552,0.39507389162561574,0.3842364532019704,0.1724137931034483
405,0.049164208456243856,0.3942969518190757,0.3834808259587021,0.17305801376597837
406,0.05024630541871921,0.39507389162561574,0.38226600985221676,0.1724137931034483
407,0.04926108374384237,0.39408866995073893,0.3842364532019704,0.1724137931034483
408,0.049164208456243856,0.3913470993117011,0.3864306784660767,0.17305801376597837
409,0.04906771344455348,0.39057899901864573,0.38665358194308147,0.17369970559371933
410,0.04897159647404505,0.38981390793339865,0.3868756121449559,0.1743388834476004
411,0.04594330400782014,0.39100684261974583,0.38807429130009774,0.17497556207233628
412,0.04603330068560235,0.3878550440744368,0.3917727717923604,0.1743388834476004
413,0.042843232716650435,0.38656280428432327,0.3943524829600779,0.1762414800389484
414,0.04364694471387003,0.3860329776915616,0.39282250242483024,0.17749757516973813
415,0.04558680892337536,0.3860329776915616,0.39088263821532493,0.17749757516973813
416,0.04259438528557599,0.39012584704743464,0.38915779283639884,0.1781219748305905
417,0.04154589371980676,0.3903381642512077,0.3893719806763285,0.178743961352657
418,0.04251207729468599,0.38743961352657,0.391304347826087,0.178743961352657
419,0.04331087584215592,0.383060635226179,0.39364773820981713,0.17998075072184794
420,0.04226705091258405,0.38328530259365995,0.39385206532180594,0.18059558117195004
421,0.042105263157894736,0.3827751196172249,0.39330143540669854,0.18181818181818182
422,0.04083570750237417,0.3817663817663818,0.39316239316239315,0.1842355175688509
423,0.04083570750237417,0.3798670465337132,0.3950617283950617,0.1842355175688509
424,0.04060434372049103,0.37865911237016053,0.3947119924457035,0.18602455146364494
425,0.04045155221072436,0.37629350893697083,0.39604891815616183,0.187206020696143
426,0.038425492033739454,0.37488284910965325,0.3983130271790066,0.18837863167760074
427,0.03734827264239029,0.37628384687208216,0.3968253968253968,0.1895424836601307
428,0.03748828491096532,0.3767572633552015,0.39737582005623245,0.18837863167760074
429,0.04029990627928772,0.37488284910965325,0.3964386129334583,0.18837863167760074
430,0.0392156862745098,0.37254901960784315,0.39869281045751637,0.1895424836601307
431,0.04029990627928772,0.37300843486410495,0.3983130271790066,0.18837863167760074
432,0.041392285983066796,0.3715898400752587,0.39981185324553153,0.187206020696143
433,0.03770028275212064,0.3770028275212064,0.3986804901036758,0.18661639962299717
434,0.036896877956480605,0.37653736991485337,0.4011352885525071,0.18543046357615894
435,0.036688617121354655,0.37347130761994357,0.4026340545625588,0.187206020696143
436,0.035480859010270774,0.37254901960784315,0.4024276377217554,0.1895424836601307
437,0.03554724041159962,0.37418147801683815,0.40130963517305895,0.18896164639850327
438,0.03461178671655753,0.372310570626754,0.40411599625818523,0.18896164639850327
439,0.032679738562091505,0.3734827264239029,0.4042950513538749,0.1895424836601307
440,0.03280224929709466,0.37300843486410495,0.40581068416119964,0.18837863167760074
441,0.03380281690140845,0.37464788732394366,0.40375586854460094,0.18779342723004694
442,0.031805425631431246,0.37043966323666977,0.4087932647333957,0.18896164639850327
443,0.031805425631431246,0.37043966323666977,0.4087932647333957,0.18896164639850327
444,0.03588290840415486,0.37110481586402266,0.40698772426817753,0.18602455146364494
445,0.03581526861451461,0.37323279924599434,0.4043355325164939,0.18661639962299717
446,0.036688617121354655,0.37347130761994357,0.4026340545625588,0.187206020696143
447,0.03467666354264293,0.37300843486410495,0.40393626991565135,0.18837863167760074
448,0.03467666354264293,0.37300843486410495,0.40393626991565135,0.18837863167760074
449,0.03474178403755868,0.37464788732394366,0.4028169014084507,0.18779342723004694
450,0.03568075117370892,0.37089201877934275,0.4056338028169014,0.18779342723004694
451,0.03380281690140845,0.37183098591549296,0.40657276995305164,0.18779342723004694
452,0.03361344537815126,0.37068160597572364,0.4061624649859944,0.1895424836601307
453,0.032618825722273995,0.3718546132339236,0.40540540540540543,0.19012115563839702
454,0.032497678737233054,0.3686165273909007,0.4076137418755803,0.19127205199628597
455,0.036211699164345405,0.3658310120705664,0.40668523676880225,0.19127205199628597
456,0.03521779425393883,0.3632993512511585,0.40963855421686746,0.19184430027803523
457,0.03441860465116279,0.36372093023255814,0.4111627906976744,0.19069767441860466
458,0.03508771929824561,0.3656509695290859,0.40627885503231764,0.19298245614035087
459,0.03508771929824561,0.3674976915974146,0.40443213296398894,0.19298245614035087
460,0.03515263644773358,0.3654024051803885,0.4070305272895467,0.19241443108233117
461,0.035944700460829496,0.36682027649769583,0.40368663594470044,0.1935483870967742
462,0.03508771929824561,0.3674976915974146,0.40443213296398894,0.19298245614035087
463,0.034164358264081256,0.36934441366574333,0.40350877192982454,0.19298245614035087
464,0.036011080332409975,0.3674976915974146,0.40350877192982454,0.19298245614035087
465,0.03785780240073869,0.36657433056325023,0.4025854108956602,0.19298245614035087
466,0.036011080332409975,0.3674976915974146,0.40350877192982454,0.19298245614035087
467,0.03403863845446182,0.36614535418583255,0.40570377184912604,0.19411223551057957
468,0.033789954337899546,0.3643835616438356,0.4054794520547945,0.1963470319634703
469,0.03190519598906107,0.3628076572470374,0.4083865086599818,0.19690063810391978
470,0.032816773017319965,0.3618960802187785,0.4083865086599818,0.19690063810391978
471,0.033789954337899546,0.3634703196347032,0.4063926940639269,0.1963470319634703
472,0.03463992707383774,0.3628076572470374,0.4056517775752051,0.19690063810391978
473,0.03476669716376944,0.3613906678865508,0.4080512351326624,0.19579139981701738
474,0.034830430797433545,0.3611365719523373,0.40879926672777267,0.19523373052245646
475,0.03489439853076217,0.3608815426997245,0.40955004591368227,0.19467401285583102
476,0.03397612488521579,0.36455463728191,0.4067952249770432,0.19467401285583102
477,0.03397612488521579,0.3627180899908173,0.4086317722681359,0.19467401285583102
478,0.03305785123966942,0.3627180899908173,0.40955004591368227,0.19467401285583102
479,0.03397612488521579,0.36639118457300274,0.4049586776859504,0.19467401285583102
480,0.03403863845446182,0.36522539098436063,0.40662373505059796,0.19411223551057957
481,0.03397612488521579,0.36363636363636365,0.40771349862258954,0.19467401285583102
482,0.032816773017319965,0.365542388331814,0.4047402005469462,0.19690063810391978
483,0.03287671232876712,0.36621004566210047,0.4045662100456621,0.1963470319634703
484,0.03299725022914757,0.3629697525206233,0.40879926672777267,0.19523373052245646
485,0.031164069660861594,0.3629697525206233,0.4106324472960587,0.19523373052245646
486,0.03035878564857406,0.3624655013799448,0.41306347746090155,0.19411223551057957
487,0.031278748850046,0.35878564857405704,0.41582336706531736,0.19411223551057957
488,0.03219871205151794,0.3578656853725851,0.41582336706531736,0.19411223551057957
489,0.0332409972299169,0.3573407202216066,0.4164358264081256,0.19298245614035087
490,0.03243744207599629,0.3568118628359592,0.41890639481000924,0.19184430027803523
491,0.03162790697674418,0.35255813953488374,0.42511627906976746,0.19069767441860466
492,0.03162790697674418,0.3516279069767442,0.42604651162790697,0.19069767441860466
493,0.03367633302151544,0.3489242282507016,0.4284377923292797,0.18896164639850327
494,0.03380281690140845,0.3502347417840376,0.428169014084507,0.18779342723004694
495,0.03367633302151544,0.3517305893358279,0.4256314312441534,0.18896164639850327
496,0.03361344537815126,0.353874883286648,0.42296918767507,0.1895424836601307
497,0.03243744207599629,0.35495829471733087,0.42075996292863765,0.19184430027803523
498,0.032497678737233054,0.3528319405756732,0.4233983286908078,0.19127205199628597
499,0.03139427516158818,0.3527239150507849,0.4228993536472761,0.19298245614035087
500,0.02841429880843263,0.3528872593950504,0.4234647112740605,0.19523373052245646
501,0.027649769585253458,0.3566820276497696,0.4221198156682028,0.1935483870967742
502,0.029657089898053754,0.3568118628359592,0.42168674698795183,0.19184430027803523
503,0.028730305838739572,0.3586654309545876,0.42075996292863765,0.19184430027803523
504,0.027700831024930747,0.3573407202216066,0.42197599261311175,0.19298245614035087
505,0.027803521779425393,0.3586654309545876,0.42168674698795183,0.19184430027803523
506,0.027700831024930747,0.3573407202216066,0.42197599261311175,0.19298245614035087
507,0.02677746999076639,0.358264081255771,0.42197599261311175,0.19298245614035087
508,0.027700831024930747,0.3601108033240997,0.41920590951061865,0.19298245614035087
509,0.02841429880843263,0.35747021081576535,0.4188817598533456,0.19523373052245646
510,0.0292772186642269,0.3586459286367795,0.4162854528819762,0.19579139981701738
511,0.03002729754322111,0.35668789808917195,0.41583257506824384,0.19745222929936307
512,0.030136986301369864,0.3552511415525114,0.4182648401826484,0.1963470319634703
513,0.03099361896080219,0.35460346399270737,0.41750227894257064,0.19690063810391978
514,0.03173164097914778,0.35176790571169536,0.41795104261106075,0.1985494106980961
515,0.03173164097914778,0.35176790571169536,0.41795104261106075,0.1985494106980961
516,0.030825022665457842,0.35176790571169536,0.4188576609247507,0.1985494106980961
517,0.02933088909257562,0.3519706691109074,0.4234647112740605,0.19523373052245646
518,0.028362305580969808,0.35224153705397987,0.42360475754803295,0.19579139981701738
519,0.028362305580969808,0.3504117108874657,0.4254345837145471,0.19579139981701738
520,0.027548209366391185,0.3516988062442608,0.426078971533517,0.19467401285583102
521,0.027548209366391185,0.35353535353535354,0.42424242424242425,0.19467401285583102
522,0.0273972602739726,0.354337899543379,0.42191780821917807,0.1963470319634703
523,0.028207461328480437,0.35122838944494994,0.42311191992720654,0.19745222929936307
524,0.02815622161671208,0.3505903723887375,0.4232515894641235,0.1980018165304269
525,0.027198549410698096,0.3499546690843155,0.4242973708068903,0.1985494106980961
526,0.027198549410698096,0.3499546690843155,0.4242973708068903,0.1985494106980961
527,0.02629193109700816,0.3499546690843155,0.4252039891205802,0.1985494106980961
528,0.025385312783318223,0.3526745240253853,0.42339075249320035,0.1985494106980961
529,0.025339366515837104,0.3502262443438914,0.4253393665158371,0.19909502262443438
530,0.023444544634806132,0.34986474301172227,0.4265103697024346,0.20018034265103696
531,0.02336028751123091,0.3504043126684636,0.4249775381850854,0.20125786163522014
532,0.02230151650312221,0.3514719000892061,0.42283675289919714,0.2033898305084746
533,0.021409455842997322,0.3514719000892061,0.423728813559322,0.2033898305084746
534,0.02129547471162378,0.3531499556344277,0.42058562555456963,0.20496894409937888
535,0.020517395182872437,0.3577163247100803,0.41837644959857273,0.2033898305084746
536,0.021409455842997322,0.3586083853702052,0.41659232827832293,0.2033898305084746
537,0.021486123545210387,0.35989256938227393,0.41629364368845123,0.20232766338406447
538,0.021447721179624665,0.36014298480786416,0.4155495978552279,0.20285969615728328
539,0.021409455842997322,0.3577163247100803,0.4174843889384478,0.2033898305084746
540,0.02230151650312221,0.3559322033898305,0.41837644959857273,0.2033898305084746
541,0.021409455842997322,0.3559322033898305,0.4192685102586976,0.2033898305084746
542,0.021524663677130046,0.35336322869955156,0.4233183856502242,0.20179372197309417
543,0.023276633840644583,0.35183527305282003,0.42256042972247093,0.20232766338406447
544,0.022381378692927483,0.35541629364368843,0.41987466427931963,0.20232766338406447
545,0.022381378692927483,0.35720680393912263,0.41808415398388543,0.20232766338406447
546,0.022341376228775692,0.3583556747095621,0.4164432529043789,0.20285969615728328
547,0.022222222222222223,0.35733333333333334,0.416,0.20444444444444446
548,0.021220159151193633,0.3572060123784262,0.4155614500442087,0.20601237842617154
549,0.021257750221434897,0.36049601417183347,0.41275465013286095,0.20549158547387067
550,0.022182786157941437,0.3593611357586513,0.4134871339840284,0.20496894409937888
551,0.021220159151193633,0.358974358974359,0.41379310344827586,0.20601237842617154
552,0.021333333333333333,0.36088888888888887,0.41333333333333333,0.20444444444444446
553,0.020480854853072127,0.36153161175422976,0.41406945681211044,0.20391807658058772
554,0.01948627103631532,0.3587245349867139,0.4162976085031001,0.20549158547387067
555,0.02040816326530612,0.35847382431233366,0.4161490683229814,0.20496894409937888
556,0.020335985853227233,0.3572060123784262,0.41644562334217505,0.20601237842617154
557,0.01948627103631532,0.35783879539415414,0.4171833480956599,0.20549158547387067
558,0.020480854853072127,0.3579697239536955,0.41763134461264473,0.20391807658058772
559,0.022182786157941437,0.35758651286601595,0.4152617568766637,0.20496894409937888
560,0.02315227070347284,0.3597506678539626,0.41317898486197685,0.20391807658058772
561,0.024128686327077747,0.36014298480786416,0.4128686327077748,0.20285969615728328
