btrf_pt-O+,btrf_pt-A+,btrf_pt-B+,btrf_pt-AB+,btrf_pt-O-,btrf_pt-A-,btrf_pt-B-,btrf_pt-AB-
1.0,0.0,0.0,0.0,0.0,0.0,0.0,0.0
1.0,0.0,0.0,0.0,0.0,0.0,0.0,0.0
1.0,0.0,0.0,0.0,0.0,0.0,0.0,0.0
1.0,0.0,0.0,0.0,0.0,0.0,0.0,0.0
1.0,0.0,0.0,0.0,0.0,0.0,0.0,0.0
1.0,0.0,0.0,0.0,0.0,0.0,0.0,0.0
1.0,0.0,0.0,0.0,0.0,0.0,0.0,0.0
1.0,0.0,0.0,0.0,0.0,0.0,0.0,0.0
1.0,0.0,0.0,0.0,0.0,0.0,0.0,0.0
1.0,0.0,0.0,0.0,0.0,0.0,0.0,0.0
1.0,0.0,0.0,0.0,0.0,0.0,0.0,0.0
1.0,0.0,0.0,0.0,0.0,0.0,0.0,0.0
1.0,0.0,0.0,0.0,0.0,0.0,0.0,0.0
1.0,0.0,0.0,0.0,0.0,0.0,0.0,0.0
1.0,0.0,0.0,0.0,0.0,0.0,0.0,0.0
1.0,0.0,0.0,0.0,0.0,0.0,0.0,0.0
1.0,0.0,0.0,0.0,0.0,0.0,0.0,0.0
1.0,0.0,0.0,0.0,0.0,0.0,0.0,0.0
1.0,0.0,0.0,0.0,0.0,0.0,0.0,0.0
1.0,0.0,0.0,0.0,0.0,0.0,0.0,0.0
1.0,0.0,0.0,0.0,0.0,0.0,0.0,0.0
1.0,0.0,0.0,0.0,0.0,0.0,0.0,0.0
1.0,0.0,0.0,0.0,0.0,0.0,0.0,0.0
1.0,0.0,0.0,0.0,0.0,0.0,0.0,0.0
1.0,0.0,0.0,0.0,0.0,0.0,0.0,0.0
1.0,0.0,0.0,0.0,0.0,0.0,0.0,0.0
1.0,0.0,0.0,0.0,0.0,0.0,0.0,0.0
1.0,0.0,0.0,0.0,0.0,0.0,0.0,0.0
1.0,0.0,0.0,0.0,0.0,0.0,0.0,0.0
1.0,0.0,0.0,0.0,0.0,0.0,0.0,0.0
1.0,0.0,0.0,0.0,0.0,0.0,0.0,0.0
1.0,0.0,0.0,0.0,0.0,0.0,0.0,0.0
1.0,0.0,0.0,0.0,0.0,0.0,0.0,0.0
1.0,0.0,0.0,0.0,0.0,0.0,0.0,0.0
1.0,0.0,0.0,0.0,0.0,0.0,0.0,0.0
1.0,0.0,0.0,0.0,0.0,0.0,0.0,0.0
1.0,0.0,0.0,0.0,0.0,0.0,0.0,0.0
1.0,0.0,0.0,0.0,0.0,0.0,0.0,0.0
1.0,0.0,0.0,0.0,0.0,0.0,0.0,0.0
1.0,0.0,0.0,0.0,0.0,0.0,0.0,0.0
1.0,0.0,0.0,0.0,0.0,0.0,0.0,0.0
1.0,0.0,0.0,0.0,0.0,0.0,0.0,0.0
1.0,0.0,0.0,0.0,0.0,0.0,0.0,0.0
1.0,0.0,0.0,0.0,0.0,0.0,0.0,0.0
1.0,0.0,0.0,0.0,0.0,0.0,0.0,0.0
1.0,0.0,0.0,0.0,0.0,0.0,0.0,0.0
1.0,0.0,0.0,0.0,0.0,0.0,0.0,0.0
1.0,0.0,0.0,0.0,0.0,0.0,0.0,0.0
1.0,0.0,0.0,0.0,0.0,0.0,0.0,0.0
1.0,0.0,0.0,0.0,0.0,0.0,0.0,0.0
1.0,0.0,0.0,0.0,0.0,0.0,0.0,0.0
1.0,0.0,0.0,0.0,0.0,0.0,0.0,0.0
1.0,0.0,0.0,0.0,0.0,0.0,0.0,0.0
1.0,0.0,0.0,0.0,0.0,0.0,0.0,0.0
1.0,0.0,0.0,0.0,0.0,0.0,0.0,0.0
1.0,0.0,0.0,0.0,0.0,0.0,0.0,0.0
1.0,0.0,0.0,0.0,0.0,0.0,0.0,0.0
1.0,0.0,0.0,0.0,0.0,0.0,0.0,0.0
1.0,0.0,0.0,0.0,0.0,0.0,0.0,0.0
1.0,0.0,0.0,0.0,0.0,0.0,0.0,0.0
1.0,0.0,0.0,0.0,0.0,0.0,0.0,0.0
1.0,0.0,0.0,0.0,0.0,0.0,0.0,0.0
1.0,0.0,0.0,0.0,0.0,0.0,0.0,0.0
1.0,0.0,0.0,0.0,0.0,0.0,0.0,0.0
1.0,0.0,0.0,0.0,0.0,0.0,0.0,0.0
1.0,0.0,0.0,0.0,0.0,0.0,0.0,0.0
1.0,0.0,0.0,0.0,0.0,0.0,0.0,0.0
1.0,0.0,0.0,0.0,0.0,0.0,0.0,0.0
1.0,0.0,0.0,0.0,0.0,0.0,0.0,0.0
1.0,0.0,0.0,0.0,0.0,0.0,0.0,0.0
1.0,0.0,0.0,0.0,0.0,0.0,0.0,0.0
1.0,0.0,0.0,0.0,0.0,0.0,0.0,0.0
1.0,0.0,0.0,0.0,0.0,0.0,0.0,0.0
1.0,0.0,0.0,0.0,0.0,0.0,0.0,0.0
1.0,0.0,0.0,0.0,0.0,0.0,0.0,0.0
1.0,0.0,0.0,0.0,0.0,0.0,0.0,0.0
1.0,0.0,0.0,0.0,0.0,0.0,0.0,0.0
1.0,0.0,0.0,0.0,0.0,0.0,0.0,0.0
1.0,0.0,0.0,0.0,0.0,0.0,0.0,0.0
1.0,0.0,0.0,0.0,0.0,0.0,0.0,0.0
1.0,0.0,0.0,0.0,0.0,0.0,0.0,0.0
1.0,0.0,0.0,0.0,0.0,0.0,0.0,0.0
1.0,0.0,0.0,0.0,0.0,0.0,0.0,0.0
1.0,0.0,0.0,0.0,0.0,0.0,0.0,0.0
1.0,0.0,0.0,0.0,0.0,0.0,0.0,0.0
1.0,0.0,0.0,0.0,0.0,0.0,0.0,0.0
1.0,0.0,0.0,0.0,0.0,0.0,0.0,0.0
1.0,0.0,0.0,0.0,0.0,0.0,0.0,0.0
1.0,0.0,0.0,0.0,0.0,0.0,0.0,0.0
1.0,0.0,0.0,0.0,0.0,0.0,0.0,0.0
1.0,0.0,0.0,0.0,0.0,0.0,0.0,0.0
1.0,0.0,0.0,0.0,0.0,0.0,0.0,0.0
1.0,0.0,0.0,0.0,0.0,0.0,0.0,0.0
1.0,0.0,0.0,0.0,0.0,0.0,0.0,0.0
1.0,0.0,0.0,0.0,0.0,0.0,0.0,0.0
1.0,0.0,0.0,0.0,0.0,0.0,0.0,0.0
1.0,0.0,0.0,0.0,0.0,0.0,0.0,0.0
1.0,0.0,0.0,0.0,0.0,0.0,0.0,0.0
1.0,0.0,0.0,0.0,0.0,0.0,0.0,0.0
1.0,0.0,0.0,0.0,0.0,0.0,0.0,0.0
0.9867346433697965,0.013265356630203435,0.0,0.0,0.0,0.0,0.0,0.0
0.9734719128928483,0.026528087107151696,0.0,0.0,0.0,0.0,0.0,0.0
0.9602118077893799,0.039788192210620084,0.0,0.0,0.0,0.0,0.0,0.0
0.9469543272799248,0.03978425454005641,0.013261418180018804,0.0,0.0,0.0,0.0,0.0
0.9336994705853249,0.03978031764880511,0.02652021176587007,0.0,0.0,0.0,0.0,0.0
0.9204967100380943,0.039726908425270865,0.03977638153663484,0.0,0.0,0.0,0.0,0.0
0.9205540440267128,0.03972297798664358,0.03972297798664358,0.0,0.0,0.0,0.0,0.0
0.9205658324265505,0.0397170837867247,0.0397170837867247,0.0,0.0,0.0,0.0,0.0
0.9205736894164194,0.03971315529179031,0.03971315529179031,0.0,0.0,0.0,0.0,0.0
0.9205854719873412,0.03970726400632943,0.03970726400632943,0.0,0.0,0.0,0.0,0.0
0.9205438813349814,0.03975278121137207,0.03970333745364648,0.0,0.0,0.0,0.0,0.0
0.9205517377762397,0.0397488505462995,0.03969941167746082,0.0,0.0,0.0,0.0,0.0
0.9205101586830787,0.03984378862029759,0.039646052696623656,0.0,0.0,0.0,0.0,0.0
0.9204685878107854,0.03983984973555435,0.03969156245366023,0.0,0.0,0.0,0.0,0.0
0.9203776009489448,0.039835911629516135,0.03978648742153907,0.0,0.0,0.0,0.0,0.0
0.920381536028467,0.03983394286843926,0.0397845211030938,0.0,0.0,0.0,0.0,0.0
0.92018779342723,0.03993081294786261,0.039881393624907335,0.0,0.0,0.0,0.0,0.0
0.9200968523002422,0.039976281069328455,0.03992686663042941,0.0,0.0,0.0,0.0,0.0
0.920005929146697,0.039972330648747466,0.04002174020455556,0.0,0.0,0.0,0.0,0.0
0.9199110671936759,0.040069169960474306,0.0400197628458498,0.0,0.0,0.0,0.0,0.0
0.9193715725507633,0.04061064176671113,0.040017785682525564,0.0,0.0,0.0,0.0,0.0
0.9182433433779578,0.041693424887615474,0.04006323173442672,0.0,0.0,0.0,0.0,0.0
0.9171194309987158,0.042823273733083075,0.04005729526820113,0.0,0.0,0.0,0.0,0.0
0.9147118376216109,0.044693565114326636,0.04059459726406242,0.0,0.0,0.0,0.0,0.0
0.9122062018566067,0.04602014615840411,0.041773651984989134,0.0,0.0,0.0,0.0,0.0
0.9088575096277278,0.04764490964747704,0.0434975807247951,0.0,0.0,0.0,0.0,0.0
0.9057563191153238,0.04921998420221169,0.045023696682464455,0.0,0.0,0.0,0.0,0.0
0.9019249753208293,0.05138203356367226,0.04664363277393879,4.935834155972359e-05,0.0,0.0,0.0,0.0
0.8983318527292469,0.05330174711282203,0.048317046688382194,4.935346954890929e-05,0.0,0.0,0.0,0.0
0.8949185989146522,0.05481006413418846,0.05007400098667982,0.0001973359644795264,0.0,0.0,0.0,0.0
0.8917546109083736,0.056317191044481706,0.05158299635072492,0.0003452016964197653,0.0,0.0,0.0,0.0
0.8880891342930388,0.05842042989548413,0.053046736343916386,0.00044369946756063895,0.0,0.0,0.0,0.0
0.8842665615141956,0.06052839116719243,0.054712145110410094,0.0004929022082018927,0.0,0.0,0.0,0.0
0.8801123484773825,0.062333694688085146,0.05696264905883512,0.0005913077756972504,0.0,0.0,0.0,0.0
0.8752955082742316,0.06461780929866036,0.05929866036249015,0.0007880220646178094,0.0,0.0,0.0,0.0
0.8717885618663255,0.0663451127079437,0.06078354168717393,0.0010827837385569445,0.0,0.0,0.0,0.0
0.86803778783704,0.06804762841960244,0.06273371383585909,0.001180869907498524,0.0,0.0,0.0,0.0
0.8629658766840397,0.07060674599272299,0.0649523060281247,0.001475071295112597,0.0,0.0,0.0,0.0
0.8588987217305801,0.07310717797443461,0.06651917404129794,0.0014749262536873156,0.0,0.0,0.0,0.0
0.8546785924906625,0.07538824454491842,0.0683113819540004,0.0016217810104187144,0.0,0.0,0.0,0.0
0.8507418689201139,0.07708558514296944,0.07045298221479808,0.0017195637221185025,0.0,0.0,0.0,0.0
0.8479713134885549,0.07800373317614696,0.07225660673936536,0.0017683465959328027,0.0,0.0,0.0,0.0
0.8456929574697967,0.07828307631863275,0.07420685590806404,0.0018171103035065318,0.0,0.0,0.0,0.0
0.843464597859177,0.07900422272414809,0.07566532456054208,0.0018658548561327703,0.0,0.0,0.0,0.0
0.8418106834249803,0.07963472113118618,0.07668892380204242,0.0018656716417910447,0.0,0.0,0.0,0.0
0.8407461953853707,0.08021600392734414,0.07717231222385862,0.0018654884634266079,0.0,0.0,0.0,0.0
0.8397958181996662,0.08074015902620987,0.0775498183959949,0.0019142043781289878,0.0,0.0,0.0,0.0
0.8383060162920797,0.08170576111492786,0.07802532142506625,0.001962901167926195,0.0,0.0,0.0,0.0
0.8367266840013737,0.08261786783103567,0.07864396801255949,0.0020114801550311532,0.0,0.0,0.0,0.0
0.8350419384902144,0.0835336243684701,0.07936430077990876,0.002060136361406779,0.0,0.0,0.0,0.0
0.8335295271728468,0.08431430253090053,0.08009613498136159,0.0020600353148911123,0.0,0.0,0.0,0.0
0.8323197645904855,0.08479646885728298,0.08082393330063757,0.0020598332515939185,0.0,0.0,0.0,0.0
0.831175836030205,0.08561341571050309,0.08110228498578013,0.002108463273511817,0.0,0.0,0.0,0.0
0.8293292802510296,0.0866836634634242,0.08187879976465974,0.0021082565208864483,0.0,0.0,0.0,0.0
0.8272954556595912,0.08799450953478112,0.08255306632678072,0.0021569684788470024,0.0,0.0,0.0,0.0
0.8252241658092018,0.0892253417609878,0.08319858885785683,0.00235190357195355,0.0,0.0,0.0,0.0
0.8226130407093519,0.09053054426101013,0.08445598393180816,0.0024004310978298143,0.0,0.0,0.0,0.0
0.8197668723675189,0.09202664315799784,0.08570868841218533,0.0024977960622979724,0.0,0.0,0.0,0.0
0.8176297747306562,0.09343780607247797,0.08643486777668952,0.0024975514201762976,0.0,0.0,0.0,0.0
0.8144430844553243,0.09468788249694002,0.08832313341493268,0.0025458996328029376,0.0,0.0,0.0,0.0
0.8114232576350823,0.09622161315583398,0.08971221613155834,0.0026429130775254502,0.0,0.0,0.0,0.0
0.8081005723230446,0.09758841657291004,0.09147385413099839,0.002837156973047009,0.0,0.0,0.0,0.0
0.8048804342510636,0.09946696659983373,0.09271847034084796,0.002934128808254682,0.0,0.0,0.0,0.0
0.802639941334637,0.10061109753116597,0.09371791737961378,0.0030310437545832316,0.0,0.0,0.0,0.0
0.7997947113739674,0.10200889584046141,0.09511706339508284,0.0030793293904882936,0.0,0.0,0.0,0.0
0.7970681651600293,0.10344490593696555,0.09631077449303689,0.0031761544099682387,0.0,0.0,0.0,0.0
0.7943833943833943,0.1049084249084249,0.09733821733821733,0.00336996336996337,0.0,0.0,0.0,0.0
0.7914652604853278,0.10634246374688736,0.09872564816171085,0.0034666276060739223,0.0,0.0,0.0,0.0
0.7894839623102085,0.10740614167846507,0.09964360689352146,0.0034662891178050092,0.0,0.0,0.0,0.0
0.7861012151676345,0.10887706798106486,0.10141037528671124,0.003611341564589332,0.0,0.0,0.0,0.0
0.7837943314308015,0.11005414898287721,0.1023952387921362,0.003756280794185082,0.0,0.0,0.0,0.0
0.7800692311442641,0.11203744332309493,0.10389547072302667,0.003997854809614353,0.0,0.0,0.0,0.0
0.7783844391361575,0.11324525910398284,0.10437283673767854,0.003997465022181056,0.0,0.0,0.0,0.0
0.7764510941079,0.11418685121107267,0.10526828792826161,0.0040937667527657295,0.0,0.0,0.0,0.0
0.7745188794153471,0.11522533495736906,0.10606577344701583,0.004190012180267966,0.0,0.0,0.0,0.0
0.773442447269716,0.11603098056408008,0.10628866481562667,0.004237907350577232,0.0,0.0,0.0,0.0
0.7715120525931337,0.11667884100316532,0.10747504261017775,0.004334063793523253,0.0,0.0,0.0,0.0
0.7704854179852962,0.11689955694045474,0.10823311748381129,0.004381907590437704,0.0,0.0,0.0,0.0
0.7692644696490288,0.11746093559850071,0.10884486199678722,0.004429732755683201,0.0,0.0,0.0,0.0
0.7684594791920175,0.1181309321002677,0.10898028717449501,0.004429301533219762,0.0,0.0,0.0,0.0
0.7689425276169156,0.11723198209158596,0.10934838678281182,0.004477103508686554,0.0,0.0,0.0,0.0
0.7693542893289864,0.11668531944917522,0.10948372341978492,0.004476667802053428,0.0,0.0,0.0,0.0
0.7701999318966776,0.11562971250668871,0.10959770394512817,0.00457265165150557,0.0,0.0,0.0,0.0
0.7719426209579382,0.11461220520301484,0.1087284220763433,0.004716751762703622,0.0,0.0,0.0,0.0
0.7752661513781537,0.11341208497399251,0.10650916338534831,0.004812600262505469,0.0,0.0,0.0,0.0
0.7782044427161814,0.11262334127254169,0.10436008360472464,0.004812132406552277,0.0,0.0,0.0,0.0
0.779980563654033,0.11175898931000972,0.1033527696793003,0.004907677356656949,0.0,0.0,0.0,0.0
0.7823826644640949,0.11097075114177436,0.10173938392770382,0.004907200466426975,0.0,0.0,0.0,0.0
0.7832021762362771,0.11094918876906636,0.10089381132808704,0.004954823666569514,0.0,0.0,0.0,0.0
0.7843613404565323,0.11019912578921806,0.1004371053909665,0.005002428363283147,0.0,0.0,0.0,0.0
0.7866161616161617,0.10751748251748251,0.10086441336441336,0.005001942501942502,0.0,0.0,0.0,0.0
0.7887276081363173,0.10553910383999224,0.10058740715568718,0.005145880868003301,0.0,0.0,0.0,0.0
0.790886149665146,0.10307677375521693,0.10074735513927982,0.005289721440357178,0.0,0.0,0.0,0.0
0.7924207870347906,0.10325585909068853,0.0990344024455335,0.005288951428987335,0.0,0.0,0.0,0.0
0.7939649735603745,0.10381797894532577,0.09688060932421287,0.0053364381700868385,0.0,0.0,0.0,0.0
0.7954600572343212,0.10452539166707087,0.09463064461366834,0.005383906484939613,0.0,0.0,0.0,0.0
0.7946567106283942,0.10526570985259891,0.09459852598913887,0.005479053529868115,0.0,0.0,0.0,0.0
0.7935899922420481,0.10613847944142746,0.09484096198603569,0.005430566330488751,0.0,0.0,0.0,0.0
0.7918181377538656,0.1068295283796229,0.09582666860549659,0.005525665261014978,0.0,0.0,0.0,0.0
0.7892748147071647,0.10788160635566536,0.09707891294869932,0.005764665988470668,0.0,0.0,0.0,0.0
0.7871361456870247,0.10916840218918003,0.09788346975347507,0.005811982370320144,0.0,0.0,0.0,0.0
0.7845766568233529,0.10989010989010989,0.09953042552161495,0.006002807764922302,0.0,0.0,0.0,0.0
0.7826760222598597,0.11062182434067264,0.10055649649165255,0.006145656907815146,0.0,0.0,0.0,0.0
0.7814390090482412,0.1110465960226448,0.10136933275269754,0.00614506217641651,0.0,0.0,0.0,0.0
0.7803957617688325,0.11142290386569258,0.10203686680536068,0.0061444675601141805,0.0,0.0,0.0,0.0
0.7786968509650268,0.11285251293958302,0.10225898514971218,0.006191650945677938,0.0,0.0,0.0,0.0
0.7780411124546553,0.1132285368802902,0.10253929866989117,0.00619105199516324,0.0,0.0,0.0,0.0
0.777116881860825,0.11398036655544272,0.10266453890420234,0.006238212679529958,0.0,0.0,0.0,0.0
0.7771867898070693,0.11396934384217397,0.10260625695082443,0.006237609399932305,0.0,0.0,0.0,0.0
0.776526320877846,0.11412964663798521,0.10301155314932083,0.0063324793348479725,0.0,0.0,0.0,0.0
0.7762795418297811,0.11420424339084626,0.10313662945241893,0.006379585326953748,0.0,0.0,0.0,0.0
0.7757429330756221,0.11437545300797294,0.1034549408069582,0.006426673109446726,0.0,0.0,0.0,0.0
0.7750519148114164,0.11435746365963201,0.10392620852851693,0.006664413000434636,0.0,0.0,0.0,0.0
0.7752667922159447,0.11405669032787677,0.10401274808054468,0.006663769375633783,0.0,0.0,0.0,0.0
0.7759111754767077,0.11339608979000725,0.10388607289403813,0.006710113444363988,9.654839488293506e-05,0.0,0.0,0.0
0.776818028277759,0.11258022487091637,0.10365294600202674,0.006852289726390967,9.651112290691502e-05,0.0,0.0,0.0
0.7777295315289237,0.11217252858590245,0.10310223380132194,0.006899213586143677,9.649249770830318e-05,0.0,0.0,0.0
0.7780618397568858,0.11224735902754329,0.10264820799768462,0.006946119338189186,9.647387969707202e-05,0.0,0.0,0.0
0.7791712893734022,0.11152380492981526,0.10231054941874487,0.00689788239834065,9.647387969707202e-05,0.0,0.0,0.0
0.7808113453282524,0.11099319859148135,0.10124933674207709,0.006849645458492113,9.647387969707202e-05,0.0,0.0,0.0
0.781700670428785,0.11030723966623257,0.10104664062123185,0.006848984710365118,9.64645733854242e-05,0.0,0.0,0.0
0.7822312255824049,0.10968021993922732,0.10119133748130998,0.006800752423672406,9.64645733854242e-05,0.0,0.0,0.0
0.7828855337417394,0.1095943273358738,0.10071873040374318,0.006704934638946505,9.647387969707202e-05,0.0,0.0,0.0
0.7835334973231081,0.10910143249891477,0.10056431775430473,0.006704287850286982,9.64645733854242e-05,0.0,0.0,0.0
0.7843638468216456,0.10899971062023729,0.09988424809491656,0.0066557345422976755,9.645992090286486e-05,0.0,0.0,0.0
0.784412076782097,0.10914440050159159,0.09973955821356227,0.006607504581846243,9.645992090286486e-05,0.0,0.0,0.0
0.7835648148148148,0.10961612654320987,0.10011574074074074,0.006606867283950617,9.645061728395061e-05,0.0,0.0,0.0
0.7838750120551644,0.10975021699295978,0.09962387886970778,0.006558009451248915,0.00019288263091908573,0.0,0.0,0.0
0.7843297974927675,0.10940212150433944,0.09951783992285439,0.006509161041465767,0.00024108003857280618,0.0,0.0,0.0
0.7854938271604939,0.10884452160493827,0.09905478395061729,0.00636574074074074,0.00024112654320987653,0.0,0.0,0.0
0.7845056163525045,0.10938629899243119,0.09935881984283855,0.00641180157161452,0.0003374632406112906,0.0,0.0,0.0
0.7842513613801745,0.10997060382632162,0.09874222929015469,0.006361139222206159,0.0006746662811430774,0.0,0.0,0.0
0.782497712276646,0.11077397293262052,0.09931127486394066,0.006453787988248326,0.0008187641477628474,0.0,9.632519385445263e-05,4.8162596927226314e-05
0.7816999759210209,0.11119672525884902,0.09963881531423067,0.006405008427642668,0.0009150012039489526,0.0,9.63159162051529e-05,4.815795810257645e-05
0.7804889787275002,0.1112234093753008,0.10034652035807104,0.0064491288863220714,0.0012513235152565214,9.62556550197324e-05,9.62556550197324e-05,4.81278275098662e-05
0.7794874260710679,0.11107371255469539,0.10068759917295764,0.006443237005337308,0.0018752704717026494,0.00019233543299514353,0.00019233543299514353,4.808385824878588e-05
0.7782101167315175,0.11101503578805784,0.10126339049815054,0.006533121967622616,0.0022097324302252966,0.00043233895373973193,0.0002882259691598213,4.803766152663688e-05
0.7771058315334773,0.11120710343172546,0.10146388288936885,0.006575473962083033,0.00283177345812335,0.00043196544276457883,0.00033597312215022796,4.7996160307175425e-05
0.7765681948973719,0.11092461154805294,0.10157299060042202,0.006570113178591981,0.003356992135046998,0.0005754843660080568,0.0003836562440053712,4.79570305006714e-05
0.7754779358919074,0.11087154424799962,0.10191174356762972,0.006564132049254947,0.003928896555028509,0.0006707872167121844,0.0005270470988452877,4.791337262229888e-05
0.7746350801627183,0.11074419717635799,0.10198612108159846,0.006700167504187605,0.004546542234984446,0.0007178750897343862,0.0006221584111031348,4.785833931562575e-05
0.7740655769046936,0.11031450148169392,0.10180671063951821,0.006691520887104483,0.005592199598508747,0.0007647452442405124,0.0007169486664754804,4.7796577765032026e-05
0.7726317799847212,0.1106283422459893,0.10198624904507257,0.0066844919786096255,0.006207028265851795,0.0009071810542398777,0.0009071810542398777,4.774637127578304e-05
0.7719490676713243,0.11073489436787638,0.10148314178072393,0.006676522485573943,0.007058038056178168,0.0009537889265105632,0.0010968572654871478,4.768944632552816e-05
0.7708174542682927,0.1111375762195122,0.10122903963414634,0.006669207317073171,0.008003048780487805,0.0009527439024390244,0.0011432926829268292,4.763719512195122e-05
0.7712082262210797,0.11068266209654384,0.10054270208511853,0.006474340664572027,0.008807007521660477,0.000999714367323622,0.00123774159763877,4.760544606302961e-05
0.7698050404184499,0.11098430813124108,0.10071326676176891,0.006562054208273894,0.00946267237280076,0.0010461245839277222,0.001378982406086543,4.75511174512601e-05
0.769179611419885,0.11087359270343451,0.10061279749180561,0.006603011733409339,0.010165787848558263,0.0011400883568476556,0.0013776067645242507,4.750368153531899e-05
0.7696837306486846,0.1105043213980435,0.10024693703105708,0.006600816791718112,0.01030487225757432,0.001187197264697502,0.0014246367176370025,4.7487890587900086e-05
0.7698186651476313,0.11036741669040159,0.10001898794265641,0.006645779929744612,0.010443368461027247,0.0012342162726668565,0.0014240956992309882,4.7469856641032946e-05
0.769895126465145,0.11033075499454278,0.09970103924453091,0.006596118255587719,0.010724623926351255,0.0012338062924120913,0.0014710767332605703,4.745408816969582e-05
0.7699387958438108,0.11040470655216587,0.09939744745457134,0.006499976277458842,0.010912368932960098,0.0012810172225648812,0.0015182426341509702,4.744508231721782e-05
0.7709974376008352,0.10975609756097561,0.09907943437411028,0.006358546075733131,0.01096137420518174,0.0012811995824238399,0.0015184587643541805,4.745183638606814e-05
0.770387589544096,0.10968262251529959,0.09962521941268561,0.006357037810142796,0.01110109587741354,0.0012808956781631008,0.0015180985815266379,4.7440580672707434e-05
0.7705773518667869,0.10982494425731772,0.09929313534797667,0.006262156648797381,0.011195977038758954,0.0012808956781631008,0.0015180985815266379,4.7440580672707434e-05
0.7707266173401631,0.10984632896983494,0.09903244166192374,0.0063081009296148734,0.011193321950294061,0.0013280212483399733,0.0015177385695313982,4.7429330297856194e-05
0.7704490492673906,0.11010479396841956,0.09891412584759827,0.0063066053392764,0.011238086206078999,0.0013277063872160842,0.0015647968135046708,9.483617051543459e-05
0.7697995165647661,0.11019479596189392,0.09919901417128774,0.006398407507464809,0.011327551068771032,0.0014218683349921798,0.0015640551684913977,9.479122233281199e-05
0.7699270211354374,0.10980001895554924,0.0993744668751777,0.006350108994408113,0.011468107288408682,0.0014216661927779358,0.0015638328120557293,9.477774618519572e-05
0.7704079215426162,0.10948974273937556,0.09911403799687307,0.006348604728289194,0.011560145923153456,0.0014213294167811626,0.0015634623584592788,9.47552944520775e-05
0.7699886320575976,0.11017430845017052,0.09871163319439182,0.006347101174687382,0.011699507389162561,0.0014209928003031452,0.0015630920803334596,9.473285335354301e-05
0.7693254437869822,0.11005917159763313,0.0992189349112426,0.006532544378698225,0.0117396449704142,0.001467455621301775,0.001562130177514793,9.467455621301775e-05
0.7689212855587637,0.10985942159322194,0.09973020305769868,0.006437260377715719,0.011927864817532068,0.0014673167037440242,0.0015619822975339612,9.466559378993705e-05
0.7685172038430593,0.11008566425292253,0.09981541956552606,0.006389322731790431,0.011974064082540583,0.0015145061290169908,0.0016091627620805529,9.465663306356192e-05
0.7693872722971374,0.10958126330731015,0.09921930447125621,0.006340193991010172,0.012254554057251005,0.0015140761769576532,0.0016087059380175065,9.462976105985333e-05
0.769048857777988,0.10958709738447713,0.09927635624083621,0.006337795014898548,0.012533699096627725,0.0015135032871399518,0.0016080972425861987,9.459395544624699e-05
0.7691471255673222,0.10925680786686838,0.09923411497730711,0.006382375189107413,0.012764750378214826,0.0015128593040847202,0.0016074130105900152,9.455370650529501e-05
0.7683439640916607,0.10999291282778172,0.09870068509331444,0.006331207181667848,0.013229388140798487,0.001700921332388377,0.001606425702811245,9.449562957713205e-05
0.7685657596371882,0.10988284202569917,0.09854497354497355,0.006330309901738473,0.013274754346182917,0.0017006802721088435,0.0016061980347694634,9.44822373393802e-05
0.7681775259678942,0.1097261567516525,0.09872521246458923,0.006373937677053824,0.013503305004721435,0.0016997167138810198,0.0016997167138810198,9.442870632672332e-05
0.7673683216915235,0.11029828204644138,0.09854634698886162,0.0062299414763073435,0.013970171795355861,0.0017934680007551443,0.001699074948083821,9.439305267132339e-05
0.7674418604651163,0.1098165007783386,0.0985423840747205,0.006226708807019199,0.014387471107127695,0.0017925373838388603,0.001698193311005236,9.434407283362423e-05
0.7671413750825238,0.10982740733754598,0.09855701216636802,0.006177496934829765,0.014712817127228143,0.0017919456757521455,0.0016976327454494011,9.431293030274451e-05
0.7659504288003016,0.11040429742719819,0.09852982753746113,0.006172839506172839,0.015031571011214778,0.001931957402695316,0.0018377155781735934,0.0001413627367825841
0.7645978527029572,0.11075532115275946,0.09898285929553588,0.0061687700131851575,0.015539649651535129,0.0019306837445846675,0.0018835938971557733,0.000141269542286683
0.7637176470588235,0.11105882352941177,0.09891764705882353,0.0060705882352941175,0.016,0.0021176470588235292,0.001976470588235294,0.00014117647058823528
0.7630737396538751,0.11093867569601204,0.09908765989465763,0.006019563581640331,0.016506772009029346,0.002210308502633559,0.0020221971407072986,0.00014108352144469525
0.7626098810699008,0.11070370892680863,0.0993747943402435,0.005923000987166831,0.016922859963333804,0.0022563813284445073,0.0020683495510741313,0.0001410238330277817
0.7626744349950665,0.11032279283935535,0.09928111638396843,0.005873232157120707,0.017337781327820326,0.0022553211483343515,0.0021143635765634543,0.00014095757177089697
0.7624906085649887,0.11072501878287003,0.09861006761833208,0.005916604057099925,0.017749812171299773,0.002253944402704733,0.0021130728775356875,0.00014087152516904582
0.7616009008586309,0.11096513864777366,0.09862525219349692,0.0059588044855252665,0.018345610660160466,0.0022521465772064,0.002111387416131,0.0001407591610754
0.7608400131252051,0.11104861013453335,0.09857966530727043,0.0060469694838981855,0.01879716870576103,0.002250035156799325,0.002250035156799325,0.00018750292973327708
0.7611639567030598,0.11039782578135983,0.09863642753385501,0.006044702684972588,0.019071271261890257,0.0022491916967339863,0.0022491916967339863,0.00018743264139449886
0.7604103236685559,0.11045013817977423,0.09906787203147688,0.00604243758489859,0.019251487189095508,0.0022483488687994753,0.0023420300716661202,0.0001873624057332896
0.7610283787580782,0.10958134307389716,0.09913833473822235,0.005994193125409759,0.019434298023789456,0.00224782242202866,0.002388311323405451,0.00018731853516905497
0.7606609558582597,0.10972241726349295,0.09909656883396527,0.006038477741890184,0.01951973037494734,0.002293685343818752,0.0024809249637223235,0.0001872396199035716
0.7603162721062974,0.10938523439693085,0.09937307008515019,0.006035370075793019,0.019930756994479274,0.0022925049125105267,0.0024796481706746516,0.00018714325816412465
0.7603591806192124,0.10920400336731831,0.09919558507155551,0.0059863436535403615,0.020297446450285285,0.0022916471798709193,0.0024787204190440558,0.0001870732391731363
0.7598896474329,0.10951089497802301,0.09927055082764426,0.005985223978303563,0.020340409613766014,0.0023379781165248294,0.002478256803516319,0.00018703824932198634
0.7604751215862326,0.10933408155630378,0.0989057239057239,0.005845491956603068,0.020342312008978677,0.0024317246539468764,0.0024784885895997007,0.00018705574261129816
0.7604191028579447,0.10940642686748679,0.0990691800364844,0.0057065344496936244,0.020300294681696994,0.0024322933720005613,0.0024790682445390336,0.00018709949015388932
0.7606397904779721,0.10953138153587129,0.09863436535403611,0.0056589654849873725,0.02043775137966514,0.002431952109250772,0.0024787204190440558,0.0001870732391731363
0.7603441021085605,0.10982280611529291,0.09846182617233157,0.005703866473420917,0.020571321707419703,0.002431156201785965,0.0024779092056664643,0.00018701201552199728
0.7602598859493316,0.10979713938487426,0.09839207254370384,0.005655791343367299,0.020706740207534824,0.0024305880153314015,0.002570814246985136,0.00018696830887164625
0.7598018598999954,0.10963129118183093,0.09888312537969064,0.00565446983503902,0.02079536426935838,0.0024767512500584138,0.002570213561381373,0.00018692462264591802
0.7597159940209267,0.10972533632286996,0.0984211509715994,0.0055119581464872945,0.021300448430493273,0.002522421524663677,0.002615844544095665,0.0001868460388639761
0.759650842552397,0.1096018298090837,0.09811884423283387,0.005601456378658451,0.021612285860990524,0.0025673341735517902,0.0026606917798627644,0.00018671521262194837
0.7586432137358279,0.11020389119581953,0.09821303597256567,0.00569215695422946,0.021742173284187934,0.0026594503802547472,0.0026594503802547472,0.00018662809685998226
0.7582878724297104,0.11013195318692591,0.09819555182543013,0.005735067841656176,0.022054366578076186,0.0027043409334638877,0.0027043409334638877,0.00018650627127337157
0.7580276832735238,0.11036025539450996,0.09787015892249616,0.005685790185021205,0.022370322039427692,0.0027962902549284615,0.0027030805797641794,0.0001864193503285641
0.757920238538949,0.11055721207603429,0.09746552366753634,0.005637346254193067,0.02264256429370108,0.0028419679463287367,0.0027487886693999255,0.00018635855385762206
0.7578932662754959,0.11050572785694328,0.0972338642078793,0.005634721058023657,0.02286485983049269,0.00288721244295427,0.002794076557697681,0.00018627177051317874
0.7581951946358726,0.11054200037250884,0.09680573663624512,0.005541069100391135,0.022955857701620414,0.0029335071707953064,0.002840379959024027,0.00018625442354255913
0.7588824214202561,0.11064027939464494,0.0959720605355064,0.00540162980209546,0.023050058207217696,0.0030267753201396975,0.002840512223515716,0.00018626309662398137
0.7585195530726258,0.11145251396648044,0.09548417132216015,0.005446927374301676,0.022998137802607076,0.003026070763500931,0.0028864059590316573,0.00018621973929236498
0.7584136293813714,0.1115765954475632,0.09533119210538565,0.005306521435553694,0.023227668388958712,0.0030721966205837174,0.002886002886002886,0.00018619373458083135
0.7581538175219839,0.1118038431117108,0.09505420369422603,0.005304052482203508,0.02354254873679803,0.003117294002698553,0.0028381333457404736,0.0001861071046387196
0.757861927800521,0.11197432080387049,0.09513397841458876,0.0052567919612951245,0.02349274283587644,0.0031633792333457386,0.0029307778191291402,0.00018608113137327876
0.7579745187389566,0.11159676369385288,0.09513624104900958,0.0053473449269971175,0.023621314981865527,0.003161908304659165,0.0029759136985027432,0.00018599460615642145
0.7580405279791783,0.11149841978062837,0.09490611637850901,0.005437813720022309,0.023703290574456217,0.003253392823944971,0.002974530581892545,0.00018590816136828406
0.757551817083372,0.11190631099544568,0.0949437680081792,0.005390835579514825,0.023794032902686123,0.0032530904359141183,0.0029742541128357654,0.00018589088205223534
0.7577221422267639,0.11180268475080124,0.09438431882576989,0.005295183241209532,0.024292814343443728,0.0033443262576060197,0.0029727344512053507,0.00018579590320033442
0.7585454207690878,0.11174066505665986,0.09348876091398849,0.005201560468140442,0.024475199702767972,0.0033903028051272526,0.002972320267508824,0.0001857700167193015
0.7572788483863478,0.11209658695147434,0.09431158579057349,0.005154399814255863,0.02456466217785001,0.003482702577199907,0.002925470164847922,0.00018574413745066172
0.7578219292544797,0.11173521492897595,0.09400241388914678,0.0052455667997400425,0.024510259028873826,0.003527991829913657,0.0029709404883483427,0.00018568378052177142
0.7571468349730833,0.1123074067198812,0.09406905513272694,0.005383330239465379,0.02445702617412289,0.0035270094672359385,0.00292370521626137,0.00018563207722294413
0.7578698114959607,0.1122202618627542,0.09392701272170118,0.005339400130002786,0.024050515368186462,0.003482217476088773,0.0029250626799145695,0.00018571826539140124
0.756497122702803,0.1129571189901615,0.09434750324856135,0.005476146278076852,0.024178578058288474,0.0035270094672359385,0.002830889177649898,0.00018563207722294413
0.7562299874704163,0.11327671817717759,0.09438953083669775,0.005522298018469534,0.024038238433337973,0.0034804399276068495,0.0028771636734883288,0.00018562346280569865
0.7549988401762932,0.11408025980051033,0.09473440037114358,0.005613546740895384,0.024031547204824866,0.003433078172117838,0.0029227557411273487,0.0001855717930874507
0.7551967334818114,0.11446733481811433,0.09437639198218263,0.005614328136599851,0.023849294729027467,0.003433556050482554,0.002876763177431329,0.0001855976243504083
0.7559537625922659,0.11420082633118239,0.0944245856738313,0.0055707720161552385,0.023350819367717376,0.0034353094099623975,0.0028782322083468733,0.00018569240053850796
0.7564882306513766,0.11397929337480849,0.09438692604113469,0.0056641441106829475,0.023074423139421516,0.0033892009842611077,0.0028320720553414737,0.0001857096429732114
0.7563161805684563,0.11434144529073008,0.09455693851012446,0.00561954300575887,0.02289615456065391,0.003436745309307078,0.002693665242429872,0.00013932751253947613
0.7562505809090064,0.11455525606469003,0.09512965889023144,0.005623199182080119,0.02230690584626824,0.0032995631564271773,0.0026954177897574125,0.0001394181615391765
0.7569589664947256,0.11399228588689066,0.09507876760072494,0.005669408429759747,0.022305869231841628,0.003206468702077234,0.0026488219712811935,0.00013941168269901018
0.7573348212209978,0.11424187473845725,0.09494583158971498,0.005533082252289952,0.022085832519644768,0.00316176128702283,0.002557306923327289,0.00013948946854512484
0.7575123267280677,0.11442924923248675,0.09503209600893106,0.005442366731789003,0.021769466927156013,0.0031165689831612244,0.0025583775234905575,0.00013954786491766677
0.7577506749837073,0.11442137603575087,0.09566148403314403,0.005446420258821339,0.02108742202774416,0.0030257890326785214,0.0024671818266455638,0.00013965180150823947
0.7577521184467828,0.11425644845888816,0.09609833317813576,0.005400875314275072,0.021044790017692522,0.002886674736940125,0.002421082037433653,0.00013967780985194153
0.757053729397523,0.11500139677809852,0.0962380109879877,0.005493993854176367,0.02090511220784058,0.0027935561970388306,0.002374522767483006,0.00013967780985194153
0.7573231500023285,0.11530759558515345,0.09588785917198342,0.005402132911097658,0.020863409863549575,0.0028407767894565268,0.0022353653425231687,0.00013971033390769804
0.7584167636786961,0.11506402793946449,0.09513387660069848,0.005448195576251455,0.020861466821885912,0.002840512223515716,0.0020954598370197903,0.00013969732246798603
0.7577350765365468,0.11510724421904807,0.09519378402270506,0.005536686363001908,0.021169683152654353,0.0029777136742195134,0.002140231703345275,0.0001395803284790397
0.7577209302325582,0.11534883720930232,0.09488372093023256,0.005627906976744186,0.021209302325581394,0.0029767441860465114,0.0020930232558139536,0.00013953488372093022
0.7574630335720264,0.11587463963545057,0.09448525992746211,0.00562633683623175,0.02124988375337115,0.0030224123500418487,0.0021389379707988467,0.0001394959546173161
0.757088407548573,0.11601747699172632,0.09454308822162313,0.005717207399832667,0.02138142604815469,0.0029748071023519567,0.002138142604815469,0.00013944408292274798
0.7572617000511224,0.1158618766556676,0.09443695682483617,0.005623460519589162,0.02175024399312172,0.002927917460612539,0.002044894734396059,9.294976065436631e-05
0.7571083441739453,0.1161029548411076,0.09417394536331537,0.005621631666976399,0.021975469243635012,0.0029269652480951496,0.0019977699312395463,9.291953168556031e-05
0.7574209132717054,0.11617968133042227,0.09369628838203187,0.005527941654666233,0.022111766618664933,0.002926557346588006,0.002043944813490036,9.290658243136526e-05
0.7569863522421316,0.11605236282610713,0.09377030916349458,0.005570513415653143,0.022514158388264784,0.0029245195432179,0.0020889425308699286,9.284189026088571e-05
0.7564168020422372,0.11645393362729171,0.09394291018797865,0.005616152239498724,0.022557437920631238,0.0028776978417266188,0.002042237177999536,9.282896263634253e-05
0.7571103790655593,0.11613232496636199,0.09330487635132,0.0056140676471952864,0.02282744861504199,0.0028766297035215517,0.0020414791444346493,9.279450656521133e-05
0.7572833549823715,0.11593059936908517,0.09333828168491372,0.00565967712005938,0.022870662460567823,0.0027834477639636294,0.0020411950269066618,9.278159213212098e-05
0.757431022490146,0.11569673081381869,0.09311384187340598,0.0056573150939021564,0.0230466032923719,0.0028750289821469974,0.0020867145838163693,9.274287039183863e-05
0.7581265940180849,0.1154648736378391,0.09274287039183862,0.0056573150939021564,0.023092974727567817,0.0027822861117551586,0.0020403431486204497,9.274287039183863e-05
0.7573832815615003,0.1162316287264129,0.09254021975984052,0.0055635402661226765,0.02336686911771524,0.00282813296861236,0.0019936019286939588,9.27256711020446e-05
0.7569673081381869,0.11662415951773708,0.09288198469742638,0.005610943658706237,0.023185717597959656,0.0026431718061674008,0.0019939717134245306,9.274287039183863e-05
0.7570600510085788,0.11699513099930443,0.09251101321585903,0.005610943658706237,0.02300023185717598,0.0027359146765592395,0.0019939717134245306,9.274287039183863e-05
0.7566314227416063,0.11718605082544982,0.09274717121127805,0.0054720831014654055,0.023186792802819513,0.0026896679651270635,0.001994064181042478,9.274717121127805e-05
0.7561981556142546,0.1173362991797581,0.09259001807312665,0.005607303396820983,0.023309699244635988,0.0027341396728300664,0.0020853607674127623,0.00013902405116085083
0.7565938905112872,0.11704445371529226,0.09275483242942567,0.005516154452324665,0.023130765308487462,0.0027349001066147498,0.0020859407592824365,0.00013906271728549575
0.756199304750869,0.11777520278099653,0.09242178447276941,0.005515643105446119,0.023128621089223637,0.0026882966396292005,0.0021320973348783316,0.00013904982618771726
0.7567780507021366,0.11743986652454003,0.09218148954905686,0.005515131853362377,0.023126477267460723,0.0026880474579413266,0.002131899708022431,0.00013903693747972378
0.7561767023594308,0.11801789273629074,0.09243035275575952,0.0054698002132294995,0.022898994113011634,0.0026885458675195845,0.002178649237472767,0.00013906271728549575
0.7567567567567568,0.11784340086226879,0.092207129942979,0.0054703073570998096,0.022715683093041585,0.0026887951416253303,0.002178851235455009,0.00013907561077372397
0.7574998840821625,0.11763342143088978,0.09185329438493996,0.00537858765706867,0.022673529002642925,0.002689293828534335,0.002132888208837576,0.00013910140492418973
0.756873290370439,0.1180861421484538,0.09203022856877927,0.005378088923918587,0.02262506374889888,0.0026890444619592935,0.002179053270898048,0.0001390885066530669
0.7573734001112966,0.1183453904655908,0.09158783157113708,0.005379335930254127,0.02235206826191801,0.0026896679651270635,0.0021331849378593954,0.0001391207568169171
0.7576193347868442,0.11898687201373104,0.09115368557777057,0.005427471355012293,0.021988217284408775,0.0027369299995361135,0.0019947116945771676,9.277728811986825e-05
0.7587214696604194,0.11829652996845426,0.09092596028947857,0.0054741139357951385,0.021803674151048433,0.0026906661718315086,0.001994804230840601,9.278159213212098e-05
0.7582463465553236,0.11876594757596845,0.09111575040593829,0.0055207608443516585,0.021619113894688007,0.0026443980514961724,0.001994896775690095,9.278589654372535e-05
0.7579328261272964,0.1191779550937094,0.09106513267767676,0.005520504731861199,0.02157172017071813,0.002644275375765448,0.001994804230840601,9.278159213212098e-05
0.7577922077922078,0.1190630797773655,0.09128014842300557,0.0055658627087198514,0.021521335807050092,0.0025974025974025974,0.0020871985157699443,9.276437847866419e-05
0.7586750788643533,0.11880682872518092,0.09078678790128039,0.005427723139729078,0.02161811096678419,0.0025051029875672666,0.0020875858229727224,9.278159213212098e-05
0.7578932727525616,0.11952339005053549,0.09045389216004451,0.005517177430571654,0.021836895544531505,0.0026890444619592935,0.0019936019286939588,9.27256711020446e-05
0.7576839274952483,0.11988317648695007,0.09026007139214687,0.0054703073570998096,0.021881229428399238,0.0026887951416253303,0.002039775624681285,9.271707384914932e-05
0.7571825764596849,0.11992585727525487,0.09036144578313253,0.005421686746987952,0.022103799814643187,0.0027803521779425394,0.0021316033364226134,9.267840593141798e-05
0.7569145239749826,0.1201760481816076,0.09038684271484827,0.00551308779244846,0.021959694232105628,0.0028723650683344917,0.0020847810979847115,9.26569376882094e-05
0.756935760270483,0.12023528321986013,0.09013014682043444,0.005465240146357278,0.02209253855773239,0.0029641980454819137,0.0020842017507294707,9.26311889213098e-05
0.7575378629984716,0.12014265203093882,0.0897596220647492,0.0055115557408179335,0.02190727617988977,0.0029641980454819137,0.0020842017507294707,9.26311889213098e-05
0.757271211559837,0.12032234160800297,0.08980177843645795,0.005464987032234161,0.022045201926639495,0.002917747313819933,0.0020841052241570954,9.262689885142645e-05
0.757271211559837,0.1204612819562801,0.08975546498703224,0.005418673582808448,0.02195257502778807,0.0029640607632456465,0.0021304186735828083,4.631344942571323e-05
0.756655400712996,0.12093152460762073,0.08977267466086393,0.0054632158896245194,0.02194546043798324,0.003009398583267744,0.0021760266679012917,4.629843974258068e-05
0.7563977972141237,0.12115322319403952,0.08963857651904299,0.005599518719052247,0.02202785876255264,0.0030080059234578187,0.0021287426535239948,4.627701420704336e-05
0.7552143550848633,0.12190722841418859,0.08971928039587476,0.005734634417055913,0.022198584840216435,0.003006058363779309,0.0021736114322711926,4.624705175045091e-05
0.755585364725473,0.1216985059438457,0.08973588047550765,0.005643184236088626,0.022110180859429205,0.002960358943521902,0.0022202692076414266,4.6255608492529716e-05
0.7562791988528609,0.12151348350987558,0.08927332439058236,0.005596928627596096,0.022110180859429205,0.002960358943521902,0.0022202692076414266,4.6255608492529716e-05
