,btrf_pt-O+,btrf_pt-A+,btrf_pt-B+,btrf_pt-AB+,btrf_pt-O-,btrf_pt-A-,btrf_pt-B-,btrf_pt-AB-
0,1.0,0.0,0.0,0.0,0.0,0.0,0.0,0.0
1,1.0,0.0,0.0,0.0,0.0,0.0,0.0,0.0
2,1.0,0.0,0.0,0.0,0.0,0.0,0.0,0.0
3,1.0,0.0,0.0,0.0,0.0,0.0,0.0,0.0
4,1.0,0.0,0.0,0.0,0.0,0.0,0.0,0.0
5,1.0,0.0,0.0,0.0,0.0,0.0,0.0,0.0
6,1.0,0.0,0.0,0.0,0.0,0.0,0.0,0.0
7,1.0,0.0,0.0,0.0,0.0,0.0,0.0,0.0
8,1.0,0.0,0.0,0.0,0.0,0.0,0.0,0.0
9,1.0,0.0,0.0,0.0,0.0,0.0,0.0,0.0
10,1.0,0.0,0.0,0.0,0.0,0.0,0.0,0.0
11,1.0,0.0,0.0,0.0,0.0,0.0,0.0,0.0
12,1.0,0.0,0.0,0.0,0.0,0.0,0.0,0.0
13,1.0,0.0,0.0,0.0,0.0,0.0,0.0,0.0
14,1.0,0.0,0.0,0.0,0.0,0.0,0.0,0.0
15,1.0,0.0,0.0,0.0,0.0,0.0,0.0,0.0
16,1.0,0.0,0.0,0.0,0.0,0.0,0.0,0.0
17,1.0,0.0,0.0,0.0,0.0,0.0,0.0,0.0
18,1.0,0.0,0.0,0.0,0.0,0.0,0.0,0.0
19,1.0,0.0,0.0,0.0,0.0,0.0,0.0,0.0
20,1.0,0.0,0.0,0.0,0.0,0.0,0.0,0.0
21,1.0,0.0,0.0,0.0,0.0,0.0,0.0,0.0
22,1.0,0.0,0.0,0.0,0.0,0.0,0.0,0.0
23,1.0,0.0,0.0,0.0,0.0,0.0,0.0,0.0
24,1.0,0.0,0.0,0.0,0.0,0.0,0.0,0.0
25,1.0,0.0,0.0,0.0,0.0,0.0,0.0,0.0
26,1.0,0.0,0.0,0.0,0.0,0.0,0.0,0.0
27,1.0,0.0,0.0,0.0,0.0,0.0,0.0,0.0
28,1.0,0.0,0.0,0.0,0.0,0.0,0.0,0.0
29,1.0,0.0,0.0,0.0,0.0,0.0,0.0,0.0
30,1.0,0.0,0.0,0.0,0.0,0.0,0.0,0.0
31,1.0,0.0,0.0,0.0,0.0,0.0,0.0,0.0
32,1.0,0.0,0.0,0.0,0.0,0.0,0.0,0.0
33,1.0,0.0,0.0,0.0,0.0,0.0,0.0,0.0
34,1.0,0.0,0.0,0.0,0.0,0.0,0.0,0.0
35,1.0,0.0,0.0,0.0,0.0,0.0,0.0,0.0
36,1.0,0.0,0.0,0.0,0.0,0.0,0.0,0.0
37,1.0,0.0,0.0,0.0,0.0,0.0,0.0,0.0
38,1.0,0.0,0.0,0.0,0.0,0.0,0.0,0.0
39,1.0,0.0,0.0,0.0,0.0,0.0,0.0,0.0
40,1.0,0.0,0.0,0.0,0.0,0.0,0.0,0.0
41,1.0,0.0,0.0,0.0,0.0,0.0,0.0,0.0
42,1.0,0.0,0.0,0.0,0.0,0.0,0.0,0.0
43,1.0,0.0,0.0,0.0,0.0,0.0,0.0,0.0
44,1.0,0.0,0.0,0.0,0.0,0.0,0.0,0.0
45,1.0,0.0,0.0,0.0,0.0,0.0,0.0,0.0
46,1.0,0.0,0.0,0.0,0.0,0.0,0.0,0.0
47,1.0,0.0,0.0,0.0,0.0,0.0,0.0,0.0
48,1.0,0.0,0.0,0.0,0.0,0.0,0.0,0.0
49,1.0,0.0,0.0,0.0,0.0,0.0,0.0,0.0
50,1.0,0.0,0.0,0.0,0.0,0.0,0.0,0.0
51,1.0,0.0,0.0,0.0,0.0,0.0,0.0,0.0
52,1.0,0.0,0.0,0.0,0.0,0.0,0.0,0.0
53,1.0,0.0,0.0,0.0,0.0,0.0,0.0,0.0
54,1.0,0.0,0.0,0.0,0.0,0.0,0.0,0.0
55,1.0,0.0,0.0,0.0,0.0,0.0,0.0,0.0
56,1.0,0.0,0.0,0.0,0.0,0.0,0.0,0.0
57,1.0,0.0,0.0,0.0,0.0,0.0,0.0,0.0
58,1.0,0.0,0.0,0.0,0.0,0.0,0.0,0.0
59,1.0,0.0,0.0,0.0,0.0,0.0,0.0,0.0
60,1.0,0.0,0.0,0.0,0.0,0.0,0.0,0.0
61,1.0,0.0,0.0,0.0,0.0,0.0,0.0,0.0
62,1.0,0.0,0.0,0.0,0.0,0.0,0.0,0.0
63,1.0,0.0,0.0,0.0,0.0,0.0,0.0,0.0
64,1.0,0.0,0.0,0.0,0.0,0.0,0.0,0.0
65,1.0,0.0,0.0,0.0,0.0,0.0,0.0,0.0
66,1.0,0.0,0.0,0.0,0.0,0.0,0.0,0.0
67,1.0,0.0,0.0,0.0,0.0,0.0,0.0,0.0
68,1.0,0.0,0.0,0.0,0.0,0.0,0.0,0.0
69,1.0,0.0,0.0,0.0,0.0,0.0,0.0,0.0
70,1.0,0.0,0.0,0.0,0.0,0.0,0.0,0.0
71,1.0,0.0,0.0,0.0,0.0,0.0,0.0,0.0
72,1.0,0.0,0.0,0.0,0.0,0.0,0.0,0.0
73,1.0,0.0,0.0,0.0,0.0,0.0,0.0,0.0
74,1.0,0.0,0.0,0.0,0.0,0.0,0.0,0.0
75,1.0,0.0,0.0,0.0,0.0,0.0,0.0,0.0
76,1.0,0.0,0.0,0.0,0.0,0.0,0.0,0.0
77,1.0,0.0,0.0,0.0,0.0,0.0,0.0,0.0
78,1.0,0.0,0.0,0.0,0.0,0.0,0.0,0.0
79,1.0,0.0,0.0,0.0,0.0,0.0,0.0,0.0
80,1.0,0.0,0.0,0.0,0.0,0.0,0.0,0.0
81,1.0,0.0,0.0,0.0,0.0,0.0,0.0,0.0
82,1.0,0.0,0.0,0.0,0.0,0.0,0.0,0.0
83,1.0,0.0,0.0,0.0,0.0,0.0,0.0,0.0
84,1.0,0.0,0.0,0.0,0.0,0.0,0.0,0.0
85,1.0,0.0,0.0,0.0,0.0,0.0,0.0,0.0
86,1.0,0.0,0.0,0.0,0.0,0.0,0.0,0.0
87,1.0,0.0,0.0,0.0,0.0,0.0,0.0,0.0
88,1.0,0.0,0.0,0.0,0.0,0.0,0.0,0.0
89,1.0,0.0,0.0,0.0,0.0,0.0,0.0,0.0
90,1.0,0.0,0.0,0.0,0.0,0.0,0.0,0.0
91,1.0,0.0,0.0,0.0,0.0,0.0,0.0,0.0
92,1.0,0.0,0.0,0.0,0.0,0.0,0.0,0.0
93,1.0,0.0,0.0,0.0,0.0,0.0,0.0,0.0
94,1.0,0.0,0.0,0.0,0.0,0.0,0.0,0.0
95,1.0,0.0,0.0,0.0,0.0,0.0,0.0,0.0
96,1.0,0.0,0.0,0.0,0.0,0.0,0.0,0.0
97,1.0,0.0,0.0,0.0,0.0,0.0,0.0,0.0
98,1.0,0.0,0.0,0.0,0.0,0.0,0.0,0.0
99,1.0,0.0,0.0,0.0,0.0,0.0,0.0,0.0
100,0.9857899688072486,0.014210031192751398,0.0,0.0,0.0,0.0,0.0,0.0
101,0.9715827516213674,0.028417248378632607,0.0,0.0,0.0,0.0,0.0,0.0
102,0.9574278501064304,0.042572149893569625,0.0,0.0,0.0,0.0,0.0,0.0
103,0.943226253526704,0.05677374647329605,0.0,0.0,0.0,0.0,0.0,0.0
104,0.9290274684484039,0.07097253155159614,0.0,0.0,0.0,0.0,0.0,0.0
105,0.9148314940367199,0.07096550700252388,0.014202998960756174,0.0,0.0,0.0,0.0,0.0
106,0.9006383294571726,0.07095848384383195,0.028403186698995497,0.0,0.0,0.0,0.0,0.0
107,0.886546929889664,0.07095146207510762,0.042501608035228344,0.0,0.0,0.0,0.0,0.0
108,0.8722730645560227,0.07098689092258224,0.05669057630472422,4.946821667078902e-05,0.0,0.0,0.0,0.0
109,0.8580897264678241,0.07097986842756096,0.0708809417816689,4.946332294603551e-05,0.0,0.0,0.0,0.0
110,0.8581532222167269,0.070972847321826,0.07082447203125773,4.945843018942579e-05,0.0,0.0,0.0,0.0
111,0.8582661589436724,0.07091637406656447,0.07076801345136244,4.9453538400672565e-05,0.0,0.0,0.0,0.0
112,0.85822371674414,0.0709623182672337,0.0707645138957571,4.945109286915241e-05,0.0,0.0,0.0,0.0
113,0.8582871835443038,0.07100474683544304,0.07065862341772151,4.944620253164557e-05,0.0,0.0,0.0,0.0
114,0.8582517551666172,0.07104716701275586,0.07065163650746564,4.9441313161277566e-05,0.0,0.0,0.0,0.0
115,0.8582587630395017,0.07104365452118455,0.07064814357047511,4.943886883868097e-05,0.0,0.0,0.0,0.0
116,0.8581668973699822,0.07123788807593436,0.07054577812932569,4.943642475776152e-05,0.0,0.0,0.0,0.0
117,0.8581809194265941,0.07123084527928819,0.07053880375679683,4.9431537320810677e-05,0.0,0.0,0.0,0.0
118,0.8579972321075524,0.07142151047844998,0.0705318307631475,4.9426650850138396e-05,0.0,0.0,0.0,0.0
119,0.8576653158050805,0.07161213798556884,0.07067312444400514,4.942176534545814e-05,0.0,0.0,0.0,0.0
120,0.8568957849483619,0.07219449523150664,0.07086030538123239,4.94144388990463e-05,0.0,0.0,0.0,0.0
121,0.8551032506669302,0.07370813160754866,0.07108981325955933,9.880446596186147e-05,0.0,0.0,0.0,0.0
122,0.8536850424817229,0.075232167555819,0.07098399525785418,9.879470460383324e-05,0.0,0.0,0.0,0.0
123,0.8519707596562284,0.07695347229082287,0.07097698310777438,9.878494517435543e-05,0.0,0.0,0.0,0.0
124,0.8496147767680758,0.07921770051363097,0.07106874753062031,9.877518767285657e-05,0.0,0.0,0.0,0.0
125,0.8457853933139104,0.08241568317613945,0.07165078267739865,0.00014814083255147893,0.0,0.0,0.0,0.0
126,0.8421780125388755,0.08476082341906502,0.07281433578516068,0.0002468282568988498,0.0,0.0,0.0,0.0
127,0.8374777975133215,0.08752713637260706,0.07455101638050128,0.0004440497335701599,0.0,0.0,0.0,0.0
128,0.8322567920713969,0.09042946600266259,0.0765741334253735,0.0007396085005670331,0.0,0.0,0.0,0.0
129,0.8271495442227149,0.09283074648928308,0.0789849716678985,0.0010347376201034738,0.0,0.0,0.0,0.0
130,0.8210329378169465,0.09566244891930481,0.08192604992368667,0.0013785633400620354,0.0,0.0,0.0,0.0
131,0.8146490235623985,0.09897191204682965,0.08460819518913867,0.0017708692016331349,0.0,0.0,0.0,0.0
132,0.8089644665061189,0.10227551973263872,0.08659753280581904,0.002162480955423404,0.0,0.0,0.0,0.0
133,0.8028867396533949,0.10555255535372379,0.08890961755609014,0.0026510874367912025,0.0,0.0,0.0,0.0
134,0.7967132695609517,0.10929605101790532,0.09099828305126319,0.0029923963698798134,0.0,0.0,0.0,0.0
135,0.7911538272936792,0.11204825185112538,0.09365958907468248,0.003138331780512921,0.0,0.0,0.0,0.0
136,0.7841081663645716,0.11546563464458923,0.09685004653897027,0.003576152451868907,0.0,0.0,0.0,0.0
137,0.7770928127599198,0.1189882088164783,0.09976026224374969,0.004158716179852243,0.0,0.0,0.0,0.0
138,0.7699301041106603,0.12263551493230364,0.10283982599345032,0.004594554963585708,0.0,0.0,0.0,0.0
139,0.7623322761649183,0.12544523054403514,0.10680653818004392,0.005415955111002684,0.0,0.0,0.0,0.0
140,0.7561058840735143,0.12816262857699995,0.10993028810997904,0.005801199239506654,0.0,0.0,0.0,0.0
141,0.7495983251375432,0.13028871902234773,0.11373484590291641,0.0063781099371926575,0.0,0.0,0.0,0.0
142,0.7443195640539094,0.13209750401401255,0.1169172383593636,0.006665693572714446,0.0,0.0,0.0,0.0
143,0.7400904625261417,0.13321336510870094,0.11988716502115655,0.006809007344000778,0.0,0.0,0.0,0.0
144,0.7362738899965958,0.13383261197296115,0.12308515294460926,0.006808345085833779,0.0,0.0,0.0,0.0
145,0.7325360945019688,0.13436391035924358,0.12614846142627972,0.006951533712507899,0.0,0.0,0.0,0.0
146,0.7290178354473441,0.13553968022549448,0.12839578169801236,0.00704670262914905,0.0,0.0,0.0,0.0
147,0.7261066031776882,0.13633934211165638,0.13046013313250085,0.007093921578154609,0.0,0.0,0.0,0.0
148,0.7240575204041975,0.13695102992615624,0.13184998056743102,0.007141469102215313,0.0,0.0,0.0,0.0
149,0.7218282494657082,0.13852729745482806,0.13245579949485137,0.0071886535846123955,0.0,0.0,0.0,0.0
150,0.7198640116561438,0.13953375424963574,0.1334142787761049,0.0071879553181155905,0.0,0.0,0.0,0.0
151,0.7175602175602176,0.1411227661227661,0.13412975912975914,0.007187257187257187,0.0,0.0,0.0,0.0
152,0.7155063598407613,0.14234391688513448,0.13486746286047188,0.007282260413632392,0.0,0.0,0.0,0.0
153,0.7134883269426783,0.1436198611852643,0.13556278211910885,0.0073290297529486,0.0,0.0,0.0,0.0
154,0.7112631630028631,0.14504779929150288,0.1363129033823458,0.007376134323288203,0.0,0.0,0.0,0.0
155,0.7079937912301125,0.1468277066356228,0.13766006984866122,0.007518432285603414,0.0,0.0,0.0,0.0
156,0.7048671708357572,0.14868140391700602,0.1386949777002133,0.0077564475470234635,0.0,0.0,0.0,0.0
157,0.7012118274357731,0.15079980610761026,0.14023267086766844,0.007755695588948134,0.0,0.0,0.0,0.0
158,0.6979257536105457,0.15299990307259861,0.14127168750605795,0.007802655810797712,0.0,0.0,0.0,0.0
159,0.6943758174683913,0.15525844111805454,0.142372717143826,0.007993024269728238,0.0,0.0,0.0,0.0
160,0.6900174283501161,0.15806545313710302,0.143638652207591,0.008278466305189776,0.0,0.0,0.0,0.0
161,0.6857433118862174,0.1606114846886943,0.14503410575201975,0.00861109767306855,0.0,0.0,0.0,0.0
162,0.6817038971085968,0.16294362247364857,0.14655255777971182,0.008799922638042742,0.0,0.0,0.0,0.0
163,0.6769409150200493,0.16537030774433548,0.1485579013478912,0.009130875887724045,0.0,0.0,0.0,0.0
164,0.6722190034762456,0.16768057164928543,0.1506855928930089,0.009414831981460023,0.0,0.0,0.0,0.0
165,0.6673260638811155,0.17055871851780371,0.1524172536910161,0.009697963910064653,0.0,0.0,0.0,0.0
166,0.6635171615888932,0.17277284998071732,0.15363478596220595,0.010075202468183572,0.0,0.0,0.0,0.0
167,0.6595816464237517,0.17529400424137268,0.1550028918449971,0.010121457489878543,0.0,0.0,0.0,0.0
168,0.6562319398959738,0.17698901945675208,0.1563282604507802,0.010450780196493932,0.0,0.0,0.0,0.0
169,0.6530759603350341,0.17829979782420333,0.15798594396842205,0.010638297872340425,0.0,0.0,0.0,0.0
170,0.649379389974021,0.1802655633599538,0.1594823438853074,0.01087270278071779,0.0,0.0,0.0,0.0
171,0.646374302750529,0.1820542412002308,0.16051163685324102,0.011059819195999231,0.0,0.0,0.0,0.0
172,0.6433445458913983,0.18390197020663143,0.16141278231619413,0.01134070158577607,0.0,0.0,0.0,0.0
173,0.6401133198886008,0.18558532603476424,0.1626332469029098,0.011668107173725151,0.0,0.0,0.0,0.0
174,0.636852207293666,0.1874760076775432,0.1637236084452975,0.011948176583493283,0.0,0.0,0.0,0.0
175,0.6342410585866334,0.18836897113817241,0.1650685588263496,0.012321411448844568,0.0,0.0,0.0,0.0
176,0.6336624173296271,0.18896769864851912,0.16490942202626283,0.012460461995590913,0.0,0.0,0.0,0.0
177,0.6329532387888079,0.18982368723648907,0.16467037178995783,0.012552702184745112,0.0,0.0,0.0,0.0
178,0.6327107279693487,0.191044061302682,0.1635536398467433,0.012691570881226053,0.0,0.0,0.0,0.0
179,0.6320022981901753,0.19232979029014652,0.16288422866992244,0.012783682849755817,0.0,0.0,0.0,0.0
180,0.6319743516125945,0.1921714996650397,0.16283854914345872,0.013015599578907073,0.0,0.0,0.0,0.0
181,0.631732516980771,0.19171529704391083,0.16339806754041902,0.013154118434899073,0.0,0.0,0.0,0.0
182,0.6332855093256815,0.1906264945002391,0.16288857006217122,0.013199426111908177,0.0,0.0,0.0,0.0
183,0.63440397667527,0.18913105821623172,0.16303412675652423,0.013430838351973999,0.0,0.0,0.0,0.0
184,0.636654566297287,0.1872850592281238,0.16235192969048529,0.013708444784103936,0.0,0.0,0.0,0.0
185,0.6403362147189455,0.18611203973446677,0.15979750704427145,0.013754238502316251,0.0,0.0,0.0,0.0
186,0.6424514342990788,0.18548040666316642,0.15808314638919382,0.013985012648560929,0.0,0.0,0.0,0.0
187,0.645860176568838,0.18487234550226675,0.15523741350513004,0.01403006442376521,0.0,0.0,0.0,0.0
188,0.6488098077565234,0.18413395029337404,0.15288842245861756,0.014167819491484997,0.0,0.0,0.0,0.0
189,0.6509177592371871,0.18502979737783076,0.1496543504171633,0.014398092967818832,0.0,0.0,0.0,0.0
190,0.653248856707317,0.18326028963414634,0.14877096036585366,0.014719893292682926,0.0,0.0,0.0,0.0
191,0.6559211466120661,0.18061044712156563,0.14856435407837723,0.014904052187991047,0.0,0.0,0.0,0.0
192,0.6589091947458595,0.17727964972396726,0.14867694650675806,0.01513420902341519,0.0,0.0,0.0,0.0
193,0.6616863342215454,0.17424819185382565,0.148886562618957,0.01517891130567187,0.0,0.0,0.0,0.0
194,0.663654522971559,0.17188243127556357,0.1491011129078284,0.015361932845048987,0.0,0.0,0.0,0.0
195,0.6644949591021495,0.1705345253947118,0.1496100437511889,0.01536047175194978,0.0,0.0,0.0,0.0
196,0.6645434234919427,0.17022389123924514,0.1496886438180349,0.015544041450777202,0.0,0.0,0.0,0.0
197,0.6629453681710213,0.17073634204275534,0.15054631828978624,0.015771971496437054,0.0,0.0,0.0,0.0
198,0.6613309267087826,0.1719944900964233,0.1509048591649646,0.015769724029829478,0.0,0.0,0.0,0.0
199,0.658104643433672,0.1734877979299212,0.15250213654923558,0.01590542208717121,0.0,0.0,0.0,0.0
200,0.6554179125729745,0.1745692723907162,0.15397028810100147,0.016042526935307798,0.0,0.0,0.0,0.0
201,0.6524028654110726,0.17628919777978083,0.1550832582190806,0.016224678590065943,0.0,0.0,0.0,0.0
202,0.6502631204665055,0.17726259896648178,0.15597591618072346,0.01649836438628929,0.0,0.0,0.0,0.0
203,0.647841948168854,0.1788506182782963,0.15653574643483203,0.016771687118017718,0.0,0.0,0.0,0.0
204,0.6446265334154313,0.18007862454411974,0.1584331928195898,0.016861649220859188,0.0,0.0,0.0,0.0
205,0.642792899408284,0.18087573964497042,0.15924260355029585,0.017088757396449702,0.0,0.0,0.0,0.0
206,0.6417112299465241,0.18101367658889783,0.16009654062751408,0.01717855283706403,0.0,0.0,0.0,0.0
207,0.6403405060297943,0.18183967841097187,0.16036888153227713,0.017450934026956726,0.0,0.0,0.0,0.0
208,0.638848172490425,0.1825145396945482,0.16114237079767366,0.017494917017353066,0.0,0.0,0.0,0.0
209,0.6389900231689442,0.18289280817059908,0.16066953520261004,0.017447633457846706,0.0,0.0,0.0,0.0
210,0.6388823223488251,0.18297007233700535,0.16070162167273416,0.017445983641435393,0.0,0.0,0.0,0.0
211,0.6379399952752185,0.1830380344909048,0.16130403968816442,0.01771793054571226,0.0,0.0,0.0,0.0
212,0.636612667075993,0.18353563500684836,0.1619987720209701,0.017852925896188542,0.0,0.0,0.0,0.0
213,0.6373340890841245,0.18308062916253365,0.16182513816069152,0.017760143592650324,0.0,0.0,0.0,0.0
214,0.6382365449132921,0.18244105278079667,0.16179180645466143,0.017530595851249824,0.0,0.0,0.0,0.0
215,0.6394310287793582,0.18193847171683758,0.16119276026652804,0.01743773923727612,0.0,0.0,0.0,0.0
216,0.6390949029240871,0.18276725400349567,0.16056497708913978,0.017572865983277435,0.0,0.0,0.0,0.0
217,0.640181397326279,0.1817279984883556,0.16056497708913978,0.017525627096225613,0.0,0.0,0.0,0.0
218,0.6419630626800813,0.18104954891124653,0.1594634169382646,0.017523971470407632,0.0,0.0,0.0,0.0
219,0.642415080077479,0.1811310058109321,0.15906836112817122,0.017385552983417586,0.0,0.0,0.0,0.0
220,0.6437248877333963,0.1802883479082959,0.1589222406050579,0.017064523753249822,0.0,0.0,0.0,0.0
221,0.6440221245213444,0.18025811941568573,0.15874816810854253,0.01697158795442727,0.0,0.0,0.0,0.0
222,0.6453001561095605,0.18009366573631677,0.15800179762524244,0.016604380528880268,0.0,0.0,0.0,0.0
223,0.6462208339249373,0.1800369160868948,0.15741398078470348,0.016328269203464432,0.0,0.0,0.0,0.0
224,0.6459841923422784,0.18084149746793507,0.15689336930285389,0.016280940886932653,0.0,0.0,0.0,0.0
225,0.6463154905580009,0.1802735576695537,0.15717733920204457,0.01623361257040087,0.0,0.0,0.0,0.0
226,0.6458786789060282,0.1804201760196839,0.1573767389041355,0.01632440617015236,0.0,0.0,0.0,0.0
227,0.6465019407365332,0.180204487361545,0.15719965918773077,0.016093912714191045,0.0,0.0,0.0,0.0
228,0.6466578299564476,0.17984283279681879,0.15749857981442908,0.016000757432304488,0.0,0.0,0.0,0.0
229,0.6470393178588347,0.17996210326859308,0.15736617716721932,0.015632401705352912,0.0,0.0,0.0,0.0
230,0.6465684649268223,0.1798891678113011,0.1578648226211339,0.01567754464074267,0.0,0.0,0.0,0.0
231,0.6449978694190616,0.18015245490270346,0.15898868424790494,0.01581364518725439,4.734624307561195e-05,0.0,0.0,0.0
232,0.6434350603264727,0.18097941802696949,0.159356517624793,0.015992429619115213,0.00018925952211970665,0.0,4.731488052992666e-05,0.0
233,0.6421809920484665,0.18184399848542218,0.15992995077622113,0.01576107535024612,0.0002366527830367285,0.0,4.73305566073457e-05,0.0
234,0.6407454708859562,0.1829147154817653,0.15992620973463886,0.015893287923939264,0.00037841161723664915,0.0,0.00014190435646374344,0.0
235,0.6392381132432177,0.183760279799603,0.16008129312789487,0.016022308346724645,0.0007089516967577276,4.726344645051517e-05,0.00014179033935154552,0.0
236,0.638339080731258,0.1841844206150503,0.16018706599272522,0.016108460484670982,0.0008975388539846001,0.00014171666115546318,0.00014171666115546318,0.0
237,0.6373118127330218,0.18419934871867477,0.1605550049554014,0.016282033130397847,0.0012270517721459247,0.00014158289678606824,0.0002831657935721365,0.0
238,0.6364493915668333,0.1849353834543911,0.1602678992547873,0.016366380530138665,0.00150929157626639,0.00014149608527497405,0.0003301575323082728,0.0
239,0.6344830835924984,0.18584487795683724,0.16068231080953727,0.01653944020356234,0.0017434737536518707,0.00023560456130430684,0.0004712091226086137,0.0
240,0.6340475629856369,0.18657876147869085,0.15983046856604663,0.01648222274546739,0.002260419119378385,0.0002354603249352484,0.0005651047798445962,0.0
241,0.6330620501481865,0.18699722444371267,0.15961800818553887,0.016606294397139766,0.002728512960436562,0.00032930328832855057,0.0006586065766571011,0.0
242,0.6330339931355494,0.1866096196342094,0.1594339179086934,0.01645587474728478,0.003291174949456956,0.00047016784992242233,0.0007052517748836334,0.0
243,0.63187071314479,0.18725923141971249,0.1591656487832378,0.01634877384196185,0.003946255754956309,0.0005637508221366156,0.0008456262332049234,0.0
244,0.6313344594594594,0.18731231231231232,0.1585960960960961,0.01637575075075075,0.004551426426426426,0.000656906906906907,0.0011261261261261261,4.692192192192192e-05
245,0.6312877971028081,0.18681730814307815,0.15836107074211242,0.016361164502367447,0.005016173643992311,0.0007500820402231494,0.0013126435703905114,9.376025502789367e-05
246,0.630462273429816,0.18687649290431363,0.15825956629666058,0.016299002388646903,0.005667181865018032,0.0008430518476886329,0.0014987588403353473,9.36724275209592e-05
247,0.6292555181444071,0.18766367377478488,0.1575944631500187,0.016601197156752713,0.006172839506172839,0.001122334455667789,0.0014964459408903852,9.352787130564908e-05
248,0.6280362481315396,0.18731315396113601,0.15825859491778774,0.016676008968609865,0.006773168908819133,0.0012612107623318385,0.0015881913303437967,9.342301943198804e-05
249,0.6266032367893288,0.1873513362249895,0.1584814141131477,0.01688354087962315,0.007415698894641108,0.0014458280863765684,0.0017256657805139685,9.327923137913344e-05
250,0.6270910022832114,0.18647779693397326,0.15800754857648758,0.016821210568007082,0.00801453799916127,0.0015376729882111738,0.0019104421974744886,0.00013978845347374308
251,0.6271131188003539,0.1856750337633307,0.15815209798351418,0.016625529735016065,0.008708610813579844,0.0016765240068923764,0.0019093745634052065,0.00013971033390769804
252,0.6274372934989995,0.18544371538926893,0.15742938247475452,0.01661315091442133,0.008981339289869236,0.0018614174694029503,0.002094094653078319,0.00013960631020522128
253,0.627763041556145,0.1846060775280376,0.15789473684210525,0.01647354460421611,0.009074410163339383,0.001907952906138024,0.002140630089813393,0.00013960631020522128
254,0.628599339442713,0.18411871423919618,0.15713820533097642,0.016327859701353677,0.009536214355491464,0.0019537609899055682,0.0021863515839419456,0.0001395543564218263
255,0.628483692364956,0.18438561392081143,0.15707439631507933,0.016144791327408925,0.009584515888894059,0.0019541245987065555,0.002233285255664635,0.0001395803284790397
256,0.6279015676606038,0.18397915988277433,0.15788249523189282,0.016048750988510024,0.00967576871191329,0.0020933153463273944,0.0022793878215564964,0.0001395543564218263
257,0.6285076085439062,0.18409418772395178,0.1573363116012844,0.015822048489925078,0.009679370840895343,0.002140630089813393,0.0022802364000186143,0.00013960631020522128
258,0.6284956493415849,0.18375133776929878,0.1576473872783956,0.015774044949048438,0.009771532269322042,0.002140430878041971,0.0022800241961751433,0.00013959331813317202
259,0.6289436947417404,0.18380642159143787,0.15718939041414612,0.015681712424383435,0.00981852024197301,0.0021405304792926944,0.002280130293159609,0.00013959981386691485
260,0.6284371655887964,0.1841995068161727,0.15726050341971803,0.015679523565812124,0.009863676545852138,0.002140231703345275,0.002279812031824315,0.0001395803284790397
261,0.6290817750488418,0.1835984742766769,0.15717741185226533,0.015768908735696342,0.009814866499209228,0.002139733928737557,0.0022792817936552238,0.00013954786491766677
262,0.6292558139534884,0.18395348837209302,0.15655813953488373,0.01567441860465116,0.009906976744186046,0.0021395348837209304,0.002372093023255814,0.00013953488372093022
263,0.6282844254290099,0.1847649165232758,0.156629307538483,0.015672231781611867,0.009952099707017626,0.002139236385620611,0.0024182672185276474,0.00013951541645351812
264,0.627888594411122,0.1851490212488957,0.1565071837076301,0.01557632398753894,0.010136234714279073,0.002138838517691914,0.0024643139442972056,0.00013948946854512484
265,0.6266672863317377,0.18594599618905983,0.1567132964632616,0.015662034670260724,0.010224473671980294,0.0021843193753776084,0.0024631686573407074,0.00013942464098154947
266,0.6266548984995587,0.18618479119245598,0.1562224183583407,0.015747665722116413,0.01040553723231291,0.002183304687137084,0.0024620244344311796,0.00013935987364704789
267,0.6263057709271554,0.18710246529551047,0.15525326152560473,0.01578531965272297,0.010678304470959655,0.0022285157156785368,0.0025070801801383535,0.00013928223222990855
268,0.6244490837392717,0.18789144050104384,0.15578752029691487,0.015912781257248897,0.010948735792159593,0.0022732544653212713,0.0025980051032243098,0.00013917884481558804
269,0.6228611175515882,0.1882216554602365,0.15668907952701136,0.015951773707396245,0.011082773011824715,0.002364943194991885,0.0026895432413633204,0.00013911430558775795
270,0.6220388484539427,0.18812294283992398,0.15734087432200639,0.015854619628204534,0.011265124472671643,0.0023642853831533075,0.002874229289323629,0.00013907561077372397
271,0.6216178650852483,0.1882876204595997,0.1571997776130467,0.015891401037805782,0.011582653817642698,0.0023628613787991105,0.00291882876204596,0.00013899184581171237
272,0.6207694800685217,0.1885735450715311,0.15722950136580396,0.01588036483170517,0.011944997453585814,0.0023612204268716143,0.003101995462752905,0.00013889531922774202
273,0.6202748345902929,0.18877527414056355,0.15703511775320408,0.015916346643223986,0.012168602230139268,0.0024059593763013,0.003238791468097904,0.0001850737981770231
274,0.6194416196727374,0.18882314874734216,0.15711380234815567,0.016039567347693445,0.0124341314597393,0.0025422945363779235,0.003420541739853934,0.00018489414810021263
275,0.6190168175937905,0.18850489743115875,0.15745703197190908,0.015985954537054148,0.012751801885048973,0.00258732212160414,0.0035113657364627612,0.00018480872297172427
276,0.6187023782036482,0.18799353498037405,0.15788501500808128,0.015977834218425305,0.013022396675132764,0.0025860078503809744,0.003601939505887786,0.00023089355806972986
277,0.6176986250807419,0.18838239365137954,0.1578388853003599,0.01605610408784719,0.01342622497001015,0.0028144320383870075,0.0035526437205868782,0.00023069115068745963
278,0.6180132816823465,0.18801881571665743,0.15739715919572034,0.015910348644161593,0.013788968824940047,0.002951484965873455,0.003689356207341819,0.0002305847629588637
279,0.6171291601364433,0.18843919977874066,0.15755508435512122,0.015949110353093023,0.01405918687194616,0.002996220153037706,0.003641559878307366,0.00023047847331059278
280,0.6175386882829772,0.18814480471628592,0.15687177597641858,0.01607406042741341,0.014415991156963891,0.0029937361827560797,0.0037306558585114224,0.0002302873986735446
281,0.6170839469808542,0.18842047128129602,0.156480117820324,0.01610824742268041,0.01486561119293078,0.003037555228276878,0.0037739322533136966,0.0002301178203240059
282,0.6164811919433459,0.18863239216407615,0.1563046077439529,0.016232870412949508,0.01522119010392716,0.003127011864250897,0.003770808424537846,0.00022992734295962475
283,0.616664368766947,0.1880601130566662,0.1562571809366239,0.01626913001516614,0.015533802104876144,0.003171101613125603,0.003814513534629349,0.00022978997196562343
284,0.6169469717856815,0.1875746714456392,0.15623564010660784,0.016083080599209633,0.015807370646080322,0.003262567778696811,0.0038599393438103115,0.00022975829427442332
285,0.61649749689983,0.18761769163643044,0.15629449317962615,0.016120883663252653,0.01593716988931245,0.003444633261378772,0.0038579892527442245,0.00022964221742525145
286,0.6168825204372187,0.18788463304859007,0.15564434646826492,0.01607421695600257,0.015982364287682557,0.0034904013961605585,0.00381188573528061,0.00022963167080003674
287,0.6163094855674361,0.1877380569960075,0.15593593685466478,0.016291129365334313,0.016199348354825387,0.003487678399339177,0.0038089119361204168,0.00022945252627231425
288,0.616401266577945,0.18787572851177092,0.155660593823138,0.016153457849570924,0.016337019870588776,0.003487678399339177,0.0038548024413748794,0.00022945252627231425
289,0.6170681348933241,0.18696948841477404,0.15576967194310623,0.01610461114934618,0.016471667813718744,0.003487038311539344,0.0038999770589584768,0.00022941041523285156
290,0.6169871059514523,0.18652778415087412,0.15633460285412748,0.01596843022989033,0.016519065755058963,0.0034873583260680036,0.0039462212637085305,0.0002294314688202634
291,0.6170085823121759,0.18660792142824362,0.1563174078663546,0.015787782826196705,0.016567993024002938,0.003533893248887053,0.003946945706549176,0.00022947358759006837
292,0.617274313527413,0.18716135549637247,0.155707594820461,0.015474331894572504,0.01648452566810543,0.003581596106162182,0.004040775094131693,0.00027550739278170633
293,0.6166452442159382,0.1866048475945648,0.15681233933161953,0.01556188027910393,0.016479985310319502,0.0035806096217407273,0.004039662137348513,0.00027543150936467134
294,0.6153669619497866,0.1874053334557305,0.15715793822003948,0.01546793959700739,0.016569513930325422,0.0037178133749483635,0.00403910588883279,0.0002753935833295084
295,0.6152470070180267,0.18769781202697125,0.1566441906334572,0.015641484335580935,0.01665061235723132,0.003715425897894592,0.004128250997660658,0.0002752167331773772
296,0.6157305433186491,0.18759177679882524,0.15647944199706315,0.015418502202643172,0.016565712187958884,0.003762848751835536,0.004175844346549193,0.00027533039647577095
297,0.615045871559633,0.18821100917431194,0.1563302752293578,0.015504587155963303,0.016605504587155963,0.0038073394495412843,0.004220183486238532,0.00027522935779816516
298,0.6159706287287746,0.18861863240018356,0.15525470399265717,0.01523634694814135,0.01661312528682882,0.0038090867370353374,0.004222120238641579,0.0002753556677374943
299,0.6159636480470005,0.18910359388626244,0.1549088906228485,0.015146647083122963,0.016569513930325422,0.0038555101666131178,0.004176802680497544,0.0002753935833295084
300,0.6156670184938736,0.18966545821669498,0.15451333119177643,0.015097976228718278,0.01675003441787894,0.0038548024413748794,0.004176035978156119,0.0002753430315267771
301,0.6153316818056702,0.19038443893935222,0.15395907881457013,0.015139003578309936,0.016790531241398295,0.003899440315625287,0.004220570694559134,0.0002752546105147261
302,0.6150213214727864,0.19070108670732266,0.1536063093218396,0.015177220413590719,0.01705717822917144,0.003897473520106378,0.00426429455729286,0.000275115777889862
303,0.6132373836916166,0.19154787550992344,0.15432919283127836,0.015217490947426318,0.017096759407801258,0.003941880185176697,0.004354402530137049,0.0002750148966402347
304,0.612906182684816,0.1915761492277373,0.15459003620697556,0.015124432833768733,0.017141023878271232,0.004033182089004996,0.0043540033915394835,0.00027498968788670426
305,0.6126225153430429,0.1920399377118256,0.15402583127232755,0.01529724283227993,0.01726664834661537,0.0040762114133919575,0.004396812311074471,0.0002748007694421544
306,0.6123580065958226,0.1924697691462074,0.15385672407475265,0.01516123122022719,0.017314034444851596,0.004122389153536094,0.004443019421033346,0.00027482594356907294
307,0.6129564301094974,0.19260548861501808,0.15334219086452558,0.015073074632336097,0.017272185824895772,0.004123333486049388,0.004352407568607688,0.0002748888990699592
308,0.6124570643462331,0.19313029539729792,0.15305701854820242,0.015113350125944584,0.01740325166017861,0.00416762079230593,0.004396610945729334,0.00027478818410808336
309,0.6129401529374056,0.1927743944319795,0.1528000366317139,0.0150190027015889,0.0176290123174138,0.004258436741609048,0.004304226383991941,0.00027473785429735795
310,0.6126167368613807,0.19314228163340047,0.15258194469877312,0.014969785753524995,0.017579197949093572,0.004303241164621864,0.004486357809924922,0.0003204541292803516
311,0.6117824773413897,0.19362812414171932,0.1531630504440172,0.01519729012176142,0.017165613842351,0.004302847203149318,0.004440172113888126,0.0003204247917238854
312,0.6115838594564919,0.19324732363436728,0.15344496294262971,0.015326196358312746,0.017247689633086285,0.0043919846280538015,0.004437734467929362,0.00032024887912892306
313,0.6119901225535028,0.19283885128955552,0.15323760746295959,0.015456374611304188,0.017331260289006768,0.0043442473019937805,0.004481434058898848,0.0003201024327784891
314,0.6117534158936161,0.19197550610062605,0.15390942740940455,0.015582872549467624,0.017502170634739297,0.004341269478590687,0.004615454919343783,0.00031988301421194534
315,0.6112990218484322,0.1927507084742664,0.15380747783161167,0.015495017826126703,0.017277630496389067,0.0043879696498765886,0.004662217752993875,0.00031995612030350125
316,0.6116926452438635,0.19253096859715682,0.15390592860081365,0.015632856424555468,0.01691273940668282,0.004388170224436623,0.004616720756959364,0.0003199707455318371
317,0.6108597285067874,0.1926961926961927,0.15457744869509576,0.01563142739613328,0.01681978152566388,0.004433475021710316,0.004662004662004662,0.00031994149641208463
318,0.6098607623830176,0.19260442821273682,0.15498744578863274,0.015978087194704404,0.017073727459484135,0.004428212736818078,0.004702122803013011,0.0003652134215932435
319,0.6099621056476282,0.1928046386339771,0.15491028626215586,0.016025202027119573,0.01684700725927955,0.00442861708441766,0.004656896315573209,0.00036524676984887915
320,0.6108041463080506,0.19261153477327733,0.1543906114434449,0.015891136581579066,0.01685008447874332,0.004520754372345769,0.00456641855792502,0.0003653134846340015
321,0.610568140299598,0.19277493606138107,0.1547314578005115,0.015938984289367922,0.016532700036536355,0.004567044208987943,0.004521373766898064,0.00036536353671903543
322,0.610291767499201,0.19314186566823432,0.15455915255011188,0.015981005433541848,0.0164376055887859,0.004611661567964933,0.0045660015524405274,0.0004109401397196475
323,0.6108142667945381,0.19226378042654244,0.15518107503310954,0.01598392473854866,0.016349271589715487,0.004612503995981184,0.004429830570397772,0.0003653468511668265
324,0.6102283105022831,0.19219178082191782,0.15584474885844748,0.01602739726027397,0.016255707762557078,0.004611872146118722,0.004429223744292238,0.00041095890410958907
325,0.6114713672481505,0.19115900995524707,0.15585898255548453,0.016074527354096264,0.016165859895880902,0.004657959631016531,0.004246963192985661,0.00036533016713855145
326,0.6116008221055036,0.19113952957296187,0.15610870061657914,0.0162137474309203,0.015802694679150492,0.004567252797442339,0.004201872573646952,0.00036538022379538706
327,0.6117356731560186,0.19175578100722054,0.15597294580020107,0.01617768028516589,0.015400786034183347,0.004569966182250251,0.004021570240380221,0.0003655972945800201
328,0.6113343684354735,0.1910220111425701,0.1567723079733309,0.016439857521234814,0.01534386701981916,0.004520960818339574,0.004201296922093342,0.00036533016713855145
329,0.6118925831202046,0.19099378881987578,0.15623858238947752,0.016304347826086956,0.015436609426379247,0.004430032882718305,0.004338691998538546,0.00036536353671903543
330,0.6118598382749326,0.19169445840376445,0.15587738133308968,0.016172506738544475,0.015350175887432043,0.004431449586550322,0.0042943944446982504,0.0003197953309881676
331,0.6122178561637577,0.19158366078771819,0.1558073654390935,0.016129032258064516,0.015215206067805903,0.004432057022754272,0.0042949830942154805,0.0003198391665905145
332,0.6125611372674499,0.19198244731910225,0.1555057823284728,0.016089957489600952,0.015084335146500892,0.0044338803309411715,0.004068199478904786,0.00027426063902728895
333,0.6125788463296462,0.19265929243989396,0.1549044702440808,0.016134930066733704,0.014992229637078344,0.0043879696498765886,0.004068013529573087,0.0002742481031172868
334,0.6126039667306462,0.1927611735673156,0.1546476556073485,0.016086280961520885,0.015080888401425829,0.004295768211315236,0.004112969564025226,0.0004112969564025226
335,0.6123400365630713,0.19287020109689215,0.15493601462522852,0.016087751371115174,0.01526508226691042,0.0040219378427787935,0.00406764168190128,0.0004113345521023766
336,0.6112,0.19474285714285713,0.15442285714285714,0.016045714285714285,0.015177142857142858,0.004022857142857143,0.003977142857142857,0.00041142857142857143
337,0.6111238060417714,0.19464375485581098,0.15438051277363923,0.016041314382340844,0.01549289337781637,0.004021754033179471,0.0038846487820483524,0.00041131575339335496
338,0.610618660330805,0.19501050900118796,0.15443662615370557,0.016083340948551586,0.01562642785342228,0.0039294526181120355,0.0038837613085991045,0.00041122178561637574
339,0.6094977168949771,0.1952054794520548,0.15497716894977168,0.016210045662100457,0.01584474885844749,0.0037899543378995433,0.004063926940639269,0.00041095890410958907
340,0.6085428740930041,0.19540911787523388,0.15534157805868662,0.016291698991466253,0.016109158946743942,0.003878975950349108,0.004015880983890841,0.00041071510062519966
341,0.6086024448093413,0.19535668673599707,0.15498996533479292,0.01632913701879219,0.016420361247947456,0.003785805509943441,0.004059478197409232,0.0004561211457763182
342,0.60788334472545,0.19553429027113237,0.15506949191159716,0.016632490316700842,0.01667805878332194,0.0037821827295511506,0.003964456596035544,0.000455684666210982
343,0.6082478924584188,0.19535201640464797,0.1548416495784917,0.01649578491683755,0.016814764183185237,0.0037366142629300524,0.004055593529277739,0.000455684666210982
344,0.6079369418625843,0.1953253143794423,0.15527610716238383,0.01658465463823583,0.01658465463823583,0.0036905412793876435,0.004100601421541826,0.0005011846181884454
345,0.6084856218383995,0.19518753133117622,0.15494690789773505,0.016360570569202024,0.016634006289021556,0.0036913822175636875,0.004147108417262908,0.0005468714396390648
346,0.6085133533861999,0.19510527754990428,0.15513626834381553,0.01636131619724729,0.016589189681888616,0.0036004010573329687,0.004147297420472154,0.0005468963631391851
347,0.6075822473343662,0.19547981408912785,0.15574592180807437,0.016495033263464867,0.016312767702542606,0.003508612047753577,0.004328807071903764,0.0005467966827667912
348,0.6071330964744466,0.1955452309374146,0.1560535665482372,0.016671221645258267,0.016124624214266192,0.003552883301448483,0.004372779447936594,0.0005465974309920743
349,0.607570719263882,0.19578189769052065,0.15542294902746778,0.016580877328838884,0.01612535872090375,0.003507493281100533,0.004464082357764315,0.0005466223295221609
350,0.606682751399827,0.19638548732189193,0.15541494059270725,0.01679792415896572,0.01602403605408112,0.0035963035462284335,0.004552282969909409,0.0005462739563891291
351,0.6069169510807736,0.19581342434584756,0.15544937428896474,0.016746302616609785,0.016291240045506257,0.0035949943117178614,0.004641638225255973,0.0005460750853242321
352,0.607696856661966,0.19533275713050993,0.15489241686757949,0.016740208342810352,0.016467270163308012,0.003684665423281627,0.004639949051539826,0.0005458763590046854
353,0.6072662786467806,0.19538923244816297,0.15505638413968717,0.01682429974536195,0.016460531102218987,0.003728628592215351,0.004683521280465624,0.0005911240451073117
354,0.6066930386941299,0.1960169144727868,0.15514027190469695,0.0169144727867958,0.01623243759377984,0.003682990042286182,0.004728777338243987,0.0005910971672804983
355,0.6065827158248852,0.19561758421602946,0.15565758967131882,0.017002318497976995,0.01622948583897804,0.003682320316406783,0.0046369959539937266,0.0005909896804109651
356,0.6056831097976813,0.19595362582405093,0.15630825187542624,0.016912934757899522,0.016230961582177766,0.0036826551488974768,0.004637417594907933,0.0005910434189588542
357,0.6057023327724979,0.19598926833704697,0.15638215633668318,0.016779591651130008,0.016233913873857485,0.003683324996589514,0.004638261106816425,0.000591150925378564
358,0.6058085628579221,0.19580038178347423,0.15612217071175347,0.016816653031542585,0.016407599309153715,0.003772384328697391,0.0046813926006726665,0.0005908553767839288
359,0.6056888404216648,0.19592875318066158,0.156034169392948,0.016902944383860415,0.016266812068338785,0.003771355870592512,0.004816430388949473,0.0005906942929843693
360,0.6055166772698355,0.19626465509406527,0.15609379260201764,0.01694992274834136,0.016041079705534853,0.0036808143233663547,0.004862310279014814,0.0005907479778242298
361,0.6059876431037616,0.19598400872251498,0.1556878066509177,0.01689987279665637,0.016172996547337816,0.003725240777757587,0.0049518444484826455,0.0005905869525713247
362,0.6062616440223565,0.19561957558958512,0.15590493933748353,0.016721952106148043,0.016131230971963464,0.0037715272413323033,0.004998409596946426,0.0005907211341845776
363,0.6063510812284209,0.19580228966018534,0.15546065782300564,0.01667272396874432,0.016263856078502635,0.003906959840087225,0.0049518444484826455,0.0005905869525713247
364,0.6060606060606061,0.19590204897551225,0.1558311753214302,0.01671891327063741,0.01608286765708055,0.003907137340420698,0.004906637590295761,0.0005906137840170824
365,0.6071915628693517,0.19601781980180016,0.15496863351213747,0.01645604145831439,0.016092372033821255,0.003909446313301209,0.004818619874534048,0.0005455041367397036
366,0.6069952305246423,0.1960935725641608,0.1546218487394958,0.016625028389734273,0.016352486940722236,0.0039064274358392,0.004860322507381331,0.0005450828980240745
367,0.606167961120952,0.1965299541263569,0.1550165780987419,0.01666893763909706,0.016123904255802336,0.00395149202888677,0.004996139346868329,0.0005450333832947268
368,0.6054937570942112,0.19664018161180477,0.15545970488081726,0.016799091940976164,0.016072644721906924,0.00395005675368899,0.005039727582292849,0.0005448354143019296
369,0.6059079771304111,0.1964334331609039,0.15495961521009166,0.01692531082675379,0.016335420637081405,0.0039477266539613394,0.0049460023595607585,0.0005445140212360468
370,0.6054937570942112,0.19700340522133938,0.15527809307604995,0.016753688989784337,0.01611804767309875,0.0038592508513053347,0.004948921679909194,0.0005448354143019296
371,0.6046553836380961,0.1975588729071192,0.1553155769318027,0.017015291074912654,0.01624393121284995,0.003720676981714234,0.004945777939107945,0.000544489314397205
