btrf_pt-O+,btrf_pt-A+,btrf_pt-B+,btrf_pt-AB+,btrf_pt-O-,btrf_pt-A-,btrf_pt-B-,btrf_pt-AB-
1.0,0.0,0.0,0.0,0.0,0.0,0.0,0.0
1.0,0.0,0.0,0.0,0.0,0.0,0.0,0.0
1.0,0.0,0.0,0.0,0.0,0.0,0.0,0.0
1.0,0.0,0.0,0.0,0.0,0.0,0.0,0.0
1.0,0.0,0.0,0.0,0.0,0.0,0.0,0.0
1.0,0.0,0.0,0.0,0.0,0.0,0.0,0.0
1.0,0.0,0.0,0.0,0.0,0.0,0.0,0.0
1.0,0.0,0.0,0.0,0.0,0.0,0.0,0.0
1.0,0.0,0.0,0.0,0.0,0.0,0.0,0.0
1.0,0.0,0.0,0.0,0.0,0.0,0.0,0.0
1.0,0.0,0.0,0.0,0.0,0.0,0.0,0.0
1.0,0.0,0.0,0.0,0.0,0.0,0.0,0.0
1.0,0.0,0.0,0.0,0.0,0.0,0.0,0.0
1.0,0.0,0.0,0.0,0.0,0.0,0.0,0.0
1.0,0.0,0.0,0.0,0.0,0.0,0.0,0.0
1.0,0.0,0.0,0.0,0.0,0.0,0.0,0.0
1.0,0.0,0.0,0.0,0.0,0.0,0.0,0.0
1.0,0.0,0.0,0.0,0.0,0.0,0.0,0.0
1.0,0.0,0.0,0.0,0.0,0.0,0.0,0.0
1.0,0.0,0.0,0.0,0.0,0.0,0.0,0.0
1.0,0.0,0.0,0.0,0.0,0.0,0.0,0.0
1.0,0.0,0.0,0.0,0.0,0.0,0.0,0.0
1.0,0.0,0.0,0.0,0.0,0.0,0.0,0.0
1.0,0.0,0.0,0.0,0.0,0.0,0.0,0.0
1.0,0.0,0.0,0.0,0.0,0.0,0.0,0.0
1.0,0.0,0.0,0.0,0.0,0.0,0.0,0.0
1.0,0.0,0.0,0.0,0.0,0.0,0.0,0.0
1.0,0.0,0.0,0.0,0.0,0.0,0.0,0.0
1.0,0.0,0.0,0.0,0.0,0.0,0.0,0.0
1.0,0.0,0.0,0.0,0.0,0.0,0.0,0.0
1.0,0.0,0.0,0.0,0.0,0.0,0.0,0.0
1.0,0.0,0.0,0.0,0.0,0.0,0.0,0.0
1.0,0.0,0.0,0.0,0.0,0.0,0.0,0.0
1.0,0.0,0.0,0.0,0.0,0.0,0.0,0.0
1.0,0.0,0.0,0.0,0.0,0.0,0.0,0.0
1.0,0.0,0.0,0.0,0.0,0.0,0.0,0.0
1.0,0.0,0.0,0.0,0.0,0.0,0.0,0.0
1.0,0.0,0.0,0.0,0.0,0.0,0.0,0.0
1.0,0.0,0.0,0.0,0.0,0.0,0.0,0.0
1.0,0.0,0.0,0.0,0.0,0.0,0.0,0.0
1.0,0.0,0.0,0.0,0.0,0.0,0.0,0.0
1.0,0.0,0.0,0.0,0.0,0.0,0.0,0.0
1.0,0.0,0.0,0.0,0.0,0.0,0.0,0.0
1.0,0.0,0.0,0.0,0.0,0.0,0.0,0.0
1.0,0.0,0.0,0.0,0.0,0.0,0.0,0.0
1.0,0.0,0.0,0.0,0.0,0.0,0.0,0.0
1.0,0.0,0.0,0.0,0.0,0.0,0.0,0.0
1.0,0.0,0.0,0.0,0.0,0.0,0.0,0.0
1.0,0.0,0.0,0.0,0.0,0.0,0.0,0.0
1.0,0.0,0.0,0.0,0.0,0.0,0.0,0.0
1.0,0.0,0.0,0.0,0.0,0.0,0.0,0.0
1.0,0.0,0.0,0.0,0.0,0.0,0.0,0.0
1.0,0.0,0.0,0.0,0.0,0.0,0.0,0.0
1.0,0.0,0.0,0.0,0.0,0.0,0.0,0.0
1.0,0.0,0.0,0.0,0.0,0.0,0.0,0.0
1.0,0.0,0.0,0.0,0.0,0.0,0.0,0.0
1.0,0.0,0.0,0.0,0.0,0.0,0.0,0.0
1.0,0.0,0.0,0.0,0.0,0.0,0.0,0.0
1.0,0.0,0.0,0.0,0.0,0.0,0.0,0.0
1.0,0.0,0.0,0.0,0.0,0.0,0.0,0.0
1.0,0.0,0.0,0.0,0.0,0.0,0.0,0.0
1.0,0.0,0.0,0.0,0.0,0.0,0.0,0.0
1.0,0.0,0.0,0.0,0.0,0.0,0.0,0.0
1.0,0.0,0.0,0.0,0.0,0.0,0.0,0.0
1.0,0.0,0.0,0.0,0.0,0.0,0.0,0.0
1.0,0.0,0.0,0.0,0.0,0.0,0.0,0.0
1.0,0.0,0.0,0.0,0.0,0.0,0.0,0.0
1.0,0.0,0.0,0.0,0.0,0.0,0.0,0.0
1.0,0.0,0.0,0.0,0.0,0.0,0.0,0.0
1.0,0.0,0.0,0.0,0.0,0.0,0.0,0.0
1.0,0.0,0.0,0.0,0.0,0.0,0.0,0.0
1.0,0.0,0.0,0.0,0.0,0.0,0.0,0.0
1.0,0.0,0.0,0.0,0.0,0.0,0.0,0.0
1.0,0.0,0.0,0.0,0.0,0.0,0.0,0.0
1.0,0.0,0.0,0.0,0.0,0.0,0.0,0.0
1.0,0.0,0.0,0.0,0.0,0.0,0.0,0.0
1.0,0.0,0.0,0.0,0.0,0.0,0.0,0.0
1.0,0.0,0.0,0.0,0.0,0.0,0.0,0.0
1.0,0.0,0.0,0.0,0.0,0.0,0.0,0.0
1.0,0.0,0.0,0.0,0.0,0.0,0.0,0.0
1.0,0.0,0.0,0.0,0.0,0.0,0.0,0.0
1.0,0.0,0.0,0.0,0.0,0.0,0.0,0.0
1.0,0.0,0.0,0.0,0.0,0.0,0.0,0.0
1.0,0.0,0.0,0.0,0.0,0.0,0.0,0.0
1.0,0.0,0.0,0.0,0.0,0.0,0.0,0.0
1.0,0.0,0.0,0.0,0.0,0.0,0.0,0.0
1.0,0.0,0.0,0.0,0.0,0.0,0.0,0.0
1.0,0.0,0.0,0.0,0.0,0.0,0.0,0.0
1.0,0.0,0.0,0.0,0.0,0.0,0.0,0.0
1.0,0.0,0.0,0.0,0.0,0.0,0.0,0.0
1.0,0.0,0.0,0.0,0.0,0.0,0.0,0.0
1.0,0.0,0.0,0.0,0.0,0.0,0.0,0.0
1.0,0.0,0.0,0.0,0.0,0.0,0.0,0.0
1.0,0.0,0.0,0.0,0.0,0.0,0.0,0.0
1.0,0.0,0.0,0.0,0.0,0.0,0.0,0.0
1.0,0.0,0.0,0.0,0.0,0.0,0.0,0.0
1.0,0.0,0.0,0.0,0.0,0.0,0.0,0.0
1.0,0.0,0.0,0.0,0.0,0.0,0.0,0.0
1.0,0.0,0.0,0.0,0.0,0.0,0.0,0.0
1.0,0.0,0.0,0.0,0.0,0.0,0.0,0.0
0.9866910746091431,0.013308925390856917,0.0,0.0,0.0,0.0,0.0,0.0
0.9734342534876818,0.026565746512318196,0.0,0.0,0.0,0.0,0.0,0.0
0.9601800554016621,0.026563118322121094,0.013256826276216858,0.0,0.0,0.0,0.0,0.0
0.946928479572658,0.02656049065189435,0.02651102977544762,0.0,0.0,0.0,0.0,0.0
0.9469337289812068,0.02655786350148368,0.026508407517309596,0.0,0.0,0.0,0.0,0.0
0.9469363532960783,0.02655655012116117,0.026507096582760497,0.0,0.0,0.0,0.0,0.0
0.9469416011472086,0.02655392375018543,0.026504475102605944,0.0,0.0,0.0,0.0,0.0
0.946946847960445,0.026551297898640296,0.02650185414091471,0.0,0.0,0.0,0.0,0.0
0.9469520937360953,0.02654867256637168,0.026499233697533,0.0,0.0,0.0,0.0,0.0
0.9469573384744674,0.02654604775322557,0.026496613772307085,0.0,0.0,0.0,0.0,0.0
0.9469625821758687,0.026543423459047994,0.026493994365083286,0.0,0.0,0.0,0.0,0.0
0.9469704457843234,0.02653948799051102,0.026490066225165563,0.0,0.0,0.0,0.0,0.0
0.9469756868946432,0.026536864993081638,0.026487448112275155,0.0,0.0,0.0,0.0,0.0
0.9469288926224243,0.026535553688787863,0.026535553688787863,0.0,0.0,0.0,0.0,0.0
0.9468847275062997,0.026532931468946093,0.026582341024754187,0.0,0.0,0.0,0.0,0.0
0.9468899757917099,0.026530309767303986,0.026579714440986116,0.0,0.0,0.0,0.0,0.0
0.9467937950795376,0.02657840134374074,0.02662780357672167,0.0,0.0,0.0,0.0,0.0
0.9467964234550215,0.02657708837622882,0.02662648816874969,0.0,0.0,0.0,0.0,0.0
0.9467549145510225,0.02657315025190161,0.026671935197075964,0.0,0.0,0.0,0.0,0.0
0.9468095614381667,0.02657052548399842,0.026619913077834848,0.0,0.0,0.0,0.0,0.0
0.9463236383388475,0.027060392079403486,0.026615969581749048,0.0,0.0,0.0,0.0,0.0
0.9455883079050017,0.027847726262775884,0.026563965832222387,0.0,0.0,0.0,0.0,0.0
0.9437725230784421,0.029027003011304734,0.027151108258873475,4.936565137976995e-05,0.0,0.0,0.0,0.0
0.9416234887737478,0.029755736491487786,0.028423390081421168,0.00019738465334320256,0.0,0.0,0.0,0.0
0.9396555977697735,0.030690284699264814,0.029456752356046775,0.00019736517491488628,0.0,0.0,0.0,0.0
0.9374475852202654,0.0318681860786345,0.030437570914113758,0.00024665778698633516,0.0,0.0,0.0,0.0
0.9352340551472401,0.03299955605978395,0.031519755339614264,0.000246633453361614,0.0,0.0,0.0,0.0
0.9331196054254007,0.033982737361282364,0.032651048088779284,0.0002466091245376079,0.0,0.0,0.0,0.0
0.9312589378174466,0.034962276246363236,0.03348291335864688,0.0002958725775432714,0.0,0.0,0.0,0.0
0.9292510969777646,0.035990731154168516,0.03441305526795839,0.0003451166001084652,0.0,0.0,0.0,0.0
0.9268497067087297,0.03751170700448563,0.035244245083058116,0.00039434120372652435,0.0,0.0,0.0,0.0
0.9241535656202258,0.03903208318959144,0.036370804790301116,0.00044354639988172096,0.0,0.0,0.0,0.0
0.9210720796176775,0.04049859585160369,0.03788737251810612,0.0005419520126127014,0.0,0.0,0.0,0.0
0.9179843357470076,0.042017634599280825,0.03940692576720359,0.0005911038865080538,0.0,0.0,0.0,0.0
0.9153902979561684,0.043388327998030045,0.04058113765082492,0.0006402363949766067,0.0,0.0,0.0,0.0
0.9120181182610408,0.04500024617202501,0.04224311949190094,0.0007385160750332332,0.0,0.0,0.0,0.0
0.90908195914349,0.04627122815653458,0.0438592173270982,0.0007875953728771843,0.0,0.0,0.0,0.0
0.9058516659284414,0.04798464491362764,0.04532703381071903,0.0008366553472119691,0.0,0.0,0.0,0.0
0.9031734317343173,0.04920049200492005,0.04669126691266913,0.0009348093480934809,0.0,0.0,0.0,0.0
0.9001918441635103,0.0507649171134832,0.048059422499877026,0.0009838162231295194,0.0,0.0,0.0,0.0
0.898057536267519,0.051389230390951564,0.04947135480698303,0.0010818785345463487,0.0,0.0,0.0,0.0
0.8964059196617337,0.05157579035350804,0.05088745759378534,0.0011308323909730075,0.0,0.0,0.0,0.0
0.8949567440031458,0.05185804168305151,0.052005505308690525,0.0011797090051120724,0.0,0.0,0.0,0.0
0.8942298240440382,0.05224614174776369,0.05234444116779711,0.0011795930404010617,0.0,0.0,0.0,0.0
0.8938962060153332,0.05248673088264203,0.052437586003538435,0.0011794770984863377,0.0,0.0,0.0,0.0
0.8933608531131751,0.052582436483365275,0.05287729126738415,0.0011794191360754828,0.0,0.0,0.0,0.0
0.892202623691839,0.05316169606446224,0.053407360094334985,0.0012283201493637301,0.0,0.0,0.0,0.0
0.8913289118152788,0.053549496438221565,0.05389339228690739,0.0012281994595922379,0.0,0.0,0.0,0.0
0.8900132632509702,0.054231959522522966,0.05452669843297146,0.0012280787935353933,0.0,0.0,0.0,0.0
0.8891344925827684,0.05476962373514098,0.054867865212692796,0.0012280184693977798,0.0,0.0,0.0,0.0
0.8877866719049256,0.055492805578745766,0.05544369690124245,0.0012768256150861856,0.0,0.0,0.0,0.0
0.8866683034618218,0.055978394303952864,0.056076602013258044,0.001276700220967346,0.0,0.0,0.0,0.0
0.8853593872741555,0.056559308719560095,0.056804791830322075,0.0012765121759622938,0.0,0.0,0.0,0.0
0.8841113238109263,0.05718352721739557,0.05737986550827075,0.001325283463407451,0.0,0.0,0.0,0.0
0.8827714804455568,0.05790274301977526,0.05790274301977526,0.0014230335148927818,0.0,0.0,0.0,0.0
0.8813600902801629,0.05873117118885236,0.05848584465924145,0.0014228938717432903,0.0,0.0,0.0,0.0
0.8799489770887504,0.059755678751901097,0.058872589903350835,0.001422754255997645,0.0,0.0,0.0,0.0
0.8781265326140265,0.0605689063266307,0.05978420794507111,0.0015203531142717018,0.0,0.0,0.0,0.0
0.8759807767752059,0.061494703805413886,0.06100431541781091,0.0015202040015692428,0.0,0.0,0.0,0.0
0.8734803921568628,0.0625,0.06235294117647059,0.0016666666666666668,0.0,0.0,0.0,0.0
0.871238113910401,0.06347416919909812,0.06362121360650917,0.0016665032839917656,0.0,0.0,0.0,0.0
0.8694267515923567,0.06403723664870162,0.06472317491425772,0.0018128368446839785,0.0,0.0,0.0,0.0
0.8669410150891632,0.06550068587105624,0.06574563981971389,0.0018126592200666276,0.0,0.0,0.0,0.0
0.8643843667352337,0.0666078949946126,0.06709765892839652,0.001910079341757273,0.0,0.0,0.0,0.0
0.8624657265961614,0.06781237759498629,0.0677144535840188,0.0020074422248335293,0.0,0.0,0.0,0.0
0.8596671561429271,0.0693587860988742,0.06886930983847284,0.0021047479197258932,0.0,0.0,0.0,0.0
0.8576042278332354,0.07041495400274027,0.06977882168721863,0.002201996476805637,0.0,0.0,0.0,0.0
0.8550738819845386,0.07187591740874841,0.0708484196105294,0.0022017809961835796,0.0,0.0,0.0,0.0
0.8525584580765091,0.0731826631445064,0.07200860972507582,0.0022502690539086194,0.0,0.0,0.0,0.0
0.8507922535211268,0.07423708920187794,0.07262323943661972,0.002347417840375587,0.0,0.0,0.0,0.0
0.8495843520782396,0.07486552567237163,0.07320293398533008,0.00234718826405868,0.0,0.0,0.0,0.0
0.8477899471934285,0.07554273420692353,0.07432035986700568,0.002346958732642284,0.0,0.0,0.0,0.0
0.8458642940946421,0.07631012905748924,0.07543019163081736,0.002395385217051232,0.0,0.0,0.0,0.0
0.843939393939394,0.07712609970674487,0.07649071358748778,0.0024437927663734115,0.0,0.0,0.0,0.0
0.8429437060203284,0.07755082095387021,0.07701329163408913,0.002492181391712275,0.0,0.0,0.0,0.0
0.8421284080914688,0.07793413466236686,0.07744551939802599,0.002491937848138376,0.0,0.0,0.0,0.0
0.8413520246177892,0.07829824647096176,0.07761441899086602,0.002491085820348752,0.00024422410003419135,0.0,0.0,0.0
0.840218771364391,0.07920695380408244,0.07774196698896377,0.0025393104795390174,0.0002929973630237328,0.0,0.0,0.0
0.8394278181906947,0.07938290289508373,0.07821119953131865,0.0025386906214909925,0.0004393887614119026,0.0,0.0,0.0
0.8381649585163494,0.07964860907759883,0.07896534895070766,0.002537823328452904,0.0006832601268911664,0.0,0.0,0.0
0.8384484020492803,0.07953159307148085,0.07865333008050744,0.0025372041961454015,0.000780678214198585,4.879238838741156e-05,0.0,0.0
0.8381226520954286,0.07957262038347075,0.07888959359906328,0.00253695662779919,0.0008293896667805044,4.878762745767673e-05,0.0,0.0
0.8389834642212575,0.07955709477586459,0.07799619530754598,0.0025852397444027122,0.0008292278425442661,4.877810838495683e-05,0.0,0.0
0.8405090448095958,0.07962357989175484,0.07621044419523136,0.002632990394460968,0.0009264225461992296,9.751816275781364e-05,0.0,0.0
0.8424490591790972,0.07872672321341523,0.07507068343570245,0.0026323486399532025,0.0010236911377595789,9.749439407234084e-05,0.0,0.0
0.8420077972709552,0.07914230019493178,0.07490253411306043,0.002631578947368421,0.0012183235867446393,9.746588693957115e-05,0.0,0.0
0.8422975738088279,0.07946019682354087,0.07410114001753873,0.002630809704764689,0.0014128422488551107,9.743739647276625e-05,0.0,0.0
0.8421232042853665,0.08000973946919893,0.07338690041392744,0.002629656683710738,0.0017044071098125152,0.00014609203798392987,0.0,0.0
0.8420155793573515,0.0802823758519961,0.07307692307692308,0.002677702044790652,0.0018013631937682571,0.00014605647517039922,0.0,0.0
0.8417773884265343,0.08020635615904999,0.07314936487078405,0.002725458704433737,0.0019467562174526696,0.00019467562174526695,0.0,0.0
0.8433881482923032,0.07823294735817846,0.07331906198306899,0.0027731828354578183,0.0020920502092050207,0.00019460932178651358,0.0,0.0
0.8455403170897773,0.0757708394125085,0.07343643614434393,0.002869370683785624,0.002139869662484194,0.0001945336056803813,4.8633401420095325e-05,0.0
0.8480046663102124,0.07466096339862927,0.0717931269139163,0.003013658678850921,0.0022359403101151996,0.00024303699022991298,4.86073980459826e-05,0.0
0.8508891264211447,0.07389952385579633,0.06942959867845691,0.0030609270236128657,0.0023807210183655622,0.00024293071615975125,9.717228646390049e-05,0.0
0.8518698397280233,0.07323943661971831,0.06891694997571637,0.003108305002428363,0.0025254978144730452,0.00024283632831471587,9.713453132588635e-05,0.0
0.8513933391591416,0.07287115253908147,0.06961840955432566,0.0032527429847558015,0.0025245169433925625,0.0002427420137877464,9.709680551509856e-05,0.0
0.8503688604154533,0.07284993205202873,0.07052028732284993,0.0033003300330033004,0.0026208503203261502,0.00024267132595612501,9.706853038245001e-05,0.0
0.8493642628360671,0.07332815684752014,0.07104726778608172,0.0033000097059108996,0.002620595942929244,0.00024264777249344852,9.705910899737941e-05,0.0
0.8479041335144576,0.07374345041723268,0.07199689501261401,0.0033960799534251893,0.002619833106928003,0.00024257713953037066,9.703085581214826e-05,0.0
0.8462844392704696,0.07421420256111758,0.07309856422196352,0.003443927046953822,0.002619324796274738,0.00024253007372914242,9.701202949165696e-05,0.0
0.8449898147249976,0.07488602192259192,0.07372199049374333,0.0034435929770103794,0.0026190707149093026,0.00024250654767678728,9.700261907071492e-05,0.0
0.8445425010910149,0.07481937642438055,0.07414052271735441,0.003491247636134413,0.0026669252776026766,0.00024244775250933424,9.697910100373369e-05,0.0
0.8432969696969697,0.07539393939393939,0.07481212121212122,0.003490909090909091,0.0026666666666666666,0.00024242424242424242,9.696969696969698e-05,0.0
0.8416,0.07675151515151515,0.0752,0.0034424242424242425,0.0026666666666666666,0.00024242424242424242,9.696969696969698e-05,0.0
0.840564254205245,0.07726986281448446,0.07567017305734645,0.003490232197392021,0.002666149595230016,0.00024237723593000145,9.695089437200058e-05,0.0
0.8391255877078183,0.07803790412486064,0.07634142794823325,0.003489893849062091,0.0026658911347002085,0.00024235373951820077,9.69414958072803e-05,0.0
0.8381469276991665,0.0786005039736383,0.07666214382632293,0.0035375072688505526,0.0027137042062415195,0.0002422950184144214,9.691800736576855e-05,0.0
0.8370560589175832,0.0791220504869422,0.0771839720916711,0.003536993071369737,0.0027617617132613013,0.00024225979940888608,9.690391976355444e-05,0.0
0.8364904801123977,0.07906593672787171,0.07780630783392277,0.003536650356087399,0.002761494113657284,0.00024223632575941088,9.689453030376436e-05,0.0
0.8347771378793012,0.07927212892609979,0.07835261094710352,0.003532884866669893,0.003678071915985094,0.00024197841552533515,0.00014518704931520108,0.0
0.834018275878741,0.07934052120098632,0.0781801479475898,0.0035294686457477157,0.004496446356911473,0.0002900933133491273,0.00014504665667456365,0.0
0.8326572008113591,0.07968704723268617,0.07823819182845553,0.0035738433304356226,0.005215879455230368,0.00043465662126919734,0.00019318072056408772,0.0
0.831099324975892,0.0798457087753134,0.0781099324975892,0.003567984570877531,0.006605593056894889,0.00048216007714561236,0.0002892960462873674,0.0
0.8296346218649208,0.08000770230587782,0.07808212583642228,0.0037067347037019207,0.00746160881914023,0.000577672940836663,0.00043325470562749724,9.627882347277717e-05
0.8299634122857693,0.08001155401502022,0.07779703446947814,0.003610629693818602,0.007510109763142692,0.0005777007510109763,0.0004332755632582322,9.628345850182938e-05
0.8299725684585398,0.07974397227970548,0.07781895182636316,0.0036094133500168438,0.0077482073247028245,0.000577506136002695,0.0004331296020020213,9.625102266711584e-05
0.8298609440408026,0.07972862435644518,0.07785209065101285,0.0036087186642929318,0.007842948563729971,0.0005773949862868691,0.0004330462397151518,9.623249771447818e-05
0.8301668991390505,0.07969794622673272,0.0772930594968977,0.003607330094752537,0.008128517146842384,0.0005771728151604059,0.0004328796113703045,9.619546919340099e-05
0.8311775736885127,0.079049862961004,0.07674183776506227,0.003606289368658941,0.008318507477039957,0.0005770062989854306,0.00043275472423907294,9.616771649757177e-05
0.8319873089126045,0.07898279011633497,0.07590616286895491,0.003653494856263821,0.008364580328814536,0.0005768676088837611,0.0004326507066628209,9.614460148062687e-05
0.8323560511390945,0.07877535326348169,0.07560319138709988,0.0036047294049793327,0.008507161395751226,0.0005767567047966932,0.00048063058733057774,9.612611746611554e-05
0.8330369587158168,0.07843514201951267,0.07516701110203297,0.0034603739126255586,0.00874705627913683,0.0005767289854375932,0.0004806074878646609,9.612149757293218e-05
0.8331731693253892,0.07812800307514896,0.07519700172977128,0.0034595425715933117,0.008889102440899481,0.0005765904285988853,0.00048049202383240437,9.609840476648087e-05
0.833061028351754,0.07823161941374339,0.07530033637674195,0.0033157135992311387,0.008938010571840462,0.0005766458433445459,0.0004805382027871216,9.610764055742432e-05
0.832732689443083,0.07808370573254529,0.07572918168276392,0.0032675027629618953,0.00903368410936524,0.0005766181346403345,0.0004805151122002787,9.610302244005574e-05
0.8328048428942059,0.0778322283078697,0.07586240030748535,0.0032670318055155185,0.009080426635918131,0.0005765350245027386,0.0004804458537522821,9.608917075045643e-05
0.8325887495796704,0.07806119998078494,0.07575539222750637,0.003266560983811308,0.009175193351587644,0.0005764519383196426,0.00048037661526636886,9.607532305327377e-05
0.8326289501488809,0.07789837671693402,0.07578522716357698,0.0033138027086735185,0.009172990106618,0.000624339640764576,0.00048026126212659685,9.605225242531937e-05
0.8335254009411313,0.07711514453087487,0.07557860366849131,0.003313166234514549,0.00926726207625084,0.0006242197253433209,0.0004801690194948622,9.603380389897244e-05
0.833061263683503,0.07710773958133282,0.07600345688496254,0.0033128480891108122,0.009314384482427501,0.0006241597849049356,0.0004801229114653351,9.602458229306702e-05
0.8326052517882003,0.07700062406989583,0.07656857568047622,0.0033123709855503816,0.009313043060822812,0.0006240698958283327,0.0004800537660217944,9.601075320435889e-05
0.832829373650108,0.07688984881209503,0.07631389488840892,0.0032157427405807536,0.00955123590112791,0.0006239500839932805,0.00047996160307175426,9.599232061435085e-05
0.8328614616824224,0.07658716829022506,0.07644320744757425,0.0031671385383175775,0.009741350352704065,0.0006238303181534623,0.0004798694755026633,9.597389510053266e-05
0.8317748045844723,0.07691938809763584,0.07682347863616745,0.003356831151393085,0.009878674531242507,0.0006234114995444301,0.0005275020380760562,9.590946146837385e-05
0.8301534036433366,0.07766059443911794,0.0774209012464046,0.0033077660594439118,0.010210930009587728,0.0006232023010546501,0.0005273250239693193,9.587727708533077e-05
0.829308031435691,0.07811002491853555,0.07753498179030094,0.0033064979873490513,0.010398696568909335,0.0006708836496070539,0.0005750431282346176,9.584052137243626e-05
0.8282731539124605,0.07844076237908246,0.07772244037927402,0.0033521693324394214,0.010774829997126712,0.0007183219998084475,0.0006225457331673212,9.577626664112633e-05
0.8270629906184185,0.07864254260003829,0.07840321654221712,0.003398430021060693,0.011008998659774076,0.0007179781734635267,0.0006701129618992916,9.573042312847023e-05
0.8256003061322108,0.07911604324117479,0.07892471060939443,0.00349182052999139,0.011336458432985745,0.000717497369176313,0.000717497369176313,9.566631589017506e-05
0.8246629052309458,0.07908577986038061,0.07961174332982691,0.0034904848426891076,0.011571196327818686,0.0007650377737400784,0.0007172229128813235,9.56297217175098e-05
0.8238161227122855,0.07951450279543174,0.07956228795336169,0.0035361016868160748,0.011898504324556792,0.0008601328427390452,0.0007167773689492043,9.557031585989391e-05
0.8233748865644552,0.07981086115489325,0.07933323780866408,0.003534412762095811,0.012274919998089507,0.0008597220232124946,0.0007164350193437455,9.552466924583273e-05
0.8228917963900296,0.08055582083850635,0.078932289179639,0.0035335689045936395,0.012415242097220896,0.0008595167605768313,0.0007162639671473593,9.550186228631458e-05
0.8220302581969169,0.08089533718321959,0.07893857681477592,0.0034362621104376463,0.012981434639431107,0.0008590655276094116,0.0007636138023194769,9.545172528993462e-05
0.821316165951359,0.08092513113972341,0.07896995708154507,0.0034811635670004767,0.013495469718645684,0.0008583690987124463,0.0008583690987124463,9.537434430138292e-05
0.821345154678488,0.08065208065208065,0.0787930787930788,0.003384336717670051,0.013966347299680633,0.000905667572334239,0.000858000858000858,9.5333428666762e-05
0.820506714925231,0.08086484427088295,0.07867415944375655,0.003428897990284789,0.014525192875511954,0.0010000952471663968,0.0009048480807695972,9.524716639679969e-05
0.8196830533479275,0.08094988816446962,0.07880835673154714,0.0034264502926759626,0.01489554085566078,0.0010469709227620997,0.001094560510160377,9.517917479655451e-05
0.8201835735007371,0.08061064345841061,0.07804251676416037,0.0033766110239216245,0.015456318067246873,0.001093831740143625,0.0011413896418889999,9.511580349075e-05
0.8193916349809885,0.08098859315589353,0.0779467680608365,0.0033745247148288973,0.015922053231939164,0.0011406844106463879,0.0011406844106463879,9.505703422053231e-05
0.8193606611884292,0.08074858689972926,0.07766114093003372,0.0033249418135182633,0.01643471239253313,0.0011874792191136655,0.0011874792191136655,9.499833752909324e-05
0.8197141636199611,0.0801006599876549,0.07777408480129148,0.003418641090166659,0.016523431935805518,0.0011870281563078676,0.0011870281563078676,9.49622525046294e-05
0.8199040881249703,0.07986325435639334,0.0778215659275438,0.003323678837662029,0.016618394188310147,0.0011870281563078676,0.0011870281563078676,9.49622525046294e-05
0.8203399487228183,0.07952711043585604,0.0777229133035799,0.003276042161238249,0.016665084037603268,0.0011869717975500902,0.0011869717975500902,9.495774380400722e-05
0.8204568118144261,0.07939598271522864,0.07792392801177644,0.0031815375848805736,0.016572486822736123,0.0011871408898808111,0.0011871408898808111,9.497127119046488e-05
0.8209181977875896,0.07923847505103736,0.0774818401937046,0.003085980154773774,0.01671176945354413,0.00128186867967526,0.0011869154441437593,9.495323553150074e-05
0.8198728290784854,0.07962418145582234,0.07777355983676568,0.003131821201480497,0.016940305589826326,0.0013761032551959762,0.0011862959096517035,9.490367277213628e-05
0.8195017793594306,0.08004744958481613,0.07776986951364176,0.003131672597864769,0.0168920521945433,0.0013760379596678529,0.0011862396204033216,9.489916963226571e-05
0.8196697978935383,0.08017838504601954,0.07737925799411709,0.003083784040231521,0.017031976468355633,0.0013758421102571402,0.0011860707847044312,9.48856627763545e-05
0.8203643955209717,0.0796640728791042,0.07729170620611121,0.0030366293414310114,0.016938698045169863,0.0013759726703359272,0.0012336306699563485,9.48946669197191e-05
0.8193456614509246,0.07956377430061641,0.07809388335704125,0.003224276908487435,0.016974869606448555,0.001375059269796112,0.0012802275960170698,0.0001422475106685633
0.8188972644953302,0.07964727634760348,0.07846204902100223,0.0032238183283553787,0.01697245531692979,0.001374863698857441,0.0012800455127293415,0.00014222727919214906
0.8188927860460707,0.07967579865390084,0.07825386292539577,0.003175656460327993,0.017205422314911366,0.0013745378708882358,0.0012797421556545645,0.00014219357285050717
0.8175832504381602,0.08000568424044337,0.07872673014068494,0.0031737009142153378,0.017668514044810762,0.0014210601108426886,0.0012789540997584197,0.00014210601108426886
0.8168773973575792,0.07993559691244022,0.07931997916370696,0.0032201543779892977,0.017758204290382155,0.0014206563432305726,0.0013259459203485344,0.00014206563432305724
0.8160473372781065,0.0800473372781065,0.07971597633136095,0.0031715976331360947,0.017940828402366864,0.0014201183431952662,0.001467455621301775,0.0001893491124260355
0.8159613746094859,0.0798542080848244,0.08009088327179778,0.0031714475054435295,0.01779797406039951,0.0014200511218403862,0.0015147211966297454,0.00018934014957871817
0.8148919059558163,0.08008893514357349,0.08056199441790056,0.003264108992856805,0.01802355835186149,0.001466483750413927,0.0015137896778466343,0.00018922370973082928
0.8150775633749527,0.08035376466136966,0.08002270147559591,0.00331063185773742,0.018019296254256526,0.001513431706394249,0.001513431706394249,0.00018917896329928113
0.8148515787483456,0.08035545471733788,0.07988277557194176,0.003403289846851957,0.018339950841368878,0.001465305350727926,0.0015125732652675364,0.00018907165815844205
0.8148270648270648,0.08018333018333018,0.07980532980532981,0.003402003402003402,0.018616518616518616,0.0014647514647514648,0.001512001512001512,0.000189000189000189
0.8147500708683738,0.08012850798450345,0.07989228007181329,0.003354436360200321,0.018662005102522913,0.0014646130586790135,0.0015591042237550789,0.0001889823301521308
0.8149232585596222,0.07995277449822905,0.0795749704840614,0.0033530106257378986,0.018984651711924438,0.0014639905548996458,0.0015584415584415584,0.00018890200708382527
0.814120425029516,0.08028335301062574,0.08004722550177096,0.003258559622195986,0.019079102715466353,0.0014639905548996458,0.0015584415584415584,0.00018890200708382527
0.8138041733547352,0.08054008120101973,0.07997356245869135,0.0033519025587763194,0.019025587763195167,0.0015107166462090453,0.0016051364365971107,0.00018883958077613066
0.813428962393243,0.08097013164724201,0.07950738451375454,0.00335016278960034,0.019487566649365358,0.0014627471334874723,0.0016043033076959374,0.00018874156561128676
0.8136056989196584,0.08062461669104118,0.07958673397178846,0.0033495305939519743,0.019578242204085484,0.0014624711044015663,0.0016040005661178468,0.0001887059489550408
0.8132692035648607,0.08072806148913095,0.07954920545103032,0.0034422596312538314,0.01975762719856651,0.0015089357287688028,0.001556089970292828,0.00018861696609610035
0.8139732227041298,0.0806618894965114,0.07877616443522534,0.0034414482368470677,0.01989439939656798,0.0015085800490288515,0.0015557231755610032,0.00018857250612860644
0.8137462876537972,0.08046952340545892,0.07919671899307029,0.0033941450997030122,0.01998774336491774,0.001461368029038797,0.0015556498373638806,0.00018856361665016736
0.8140938015555031,0.08036766438840443,0.07895357058684893,0.0033938251237332078,0.020032995522036294,0.0014140938015555031,0.0015555031817110535,0.00018854584020740043
0.8135217903415783,0.08042402826855123,0.07915194346289753,0.0034393404004711427,0.020259128386336867,0.0014605418138987044,0.0015547703180212014,0.0001884570082449941
0.8139808752178623,0.08031466390315135,0.07876018653728391,0.003485797729520938,0.020302416505723304,0.0014602666164209336,0.0015073719911441895,0.00018842149889302368
0.8141309467734338,0.0802637776731041,0.07861516721620349,0.003391427225624117,0.020301460197833254,0.0015544041450777201,0.0015544041450777201,0.00018841262364578426
0.8142810041919835,0.07978898780085723,0.0790353728039188,0.0034383684235316284,0.020112100230794593,0.0015543309311855306,0.001601431868494183,0.00018840374923460976
0.8141242937853107,0.07951977401129944,0.07909604519774012,0.003389830508474576,0.020433145009416197,0.0015536723163841809,0.001694915254237288,0.00018832391713747646
0.8136502706519181,0.0797834784655213,0.07912449988232526,0.0033419628147799483,0.02066368557307602,0.0015533066603906802,0.001694516356789833,0.00018827959519887032
0.8140147771659842,0.0792507882723893,0.07920372723422278,0.0033413337098216387,0.020659795755094357,0.0015530142594945644,0.0017883194503270743,0.0001882441526660078
0.8140355831685965,0.07963852019203614,0.07897957262543538,0.0032947378330038597,0.02052150993128118,0.0015532335498446767,0.0017885719664878096,0.00018827073331450627
0.8143563191339138,0.07931277947752412,0.07907742998352553,0.003247823017180513,0.020475405977877146,0.0015533066603906802,0.001788656154389268,0.00018827959519887032
0.8143946526077951,0.07917529655432122,0.07931651289775937,0.0032479758990773865,0.020335153455093204,0.0015533797778196196,0.0017887403502165318,0.00018828845791752966
0.8139622463870452,0.07894365202654992,0.08012051028574119,0.0032010544650002354,0.020100739066986773,0.0016005272325001177,0.0018829732147060208,0.00018829732147060207
0.8139655334777286,0.0785855541953103,0.08079856860344665,0.0032018080798568603,0.01977587343441002,0.0015538186269893586,0.0019305019305019305,0.0001883416517562859
0.8140509488157461,0.07863634223289542,0.080802373216556,0.0032019588454113104,0.019588454113104486,0.0016009794227056552,0.001930592833262702,0.00018835052031831239
0.8133622110268846,0.07891143650831019,0.08121851311267009,0.0031545741324921135,0.01958660953905551,0.0016008286642497293,0.001977494232308489,0.00018833278402937992
0.8132328702613609,0.07869084059336001,0.08184600894749235,0.003155168354132329,0.01930774664469037,0.0016011302095596891,0.0019778667294560867,0.00018836825994819872
0.8134092942228919,0.07900560290032488,0.08131267950468478,0.0031545741324921135,0.01930411036301144,0.0016008286642497293,0.0020245774283158342,0.00018833278402937992
0.8134802882577363,0.07927087749046206,0.08139041966935143,0.0031086618623710613,0.018981677735386934,0.0015543309311855306,0.002025340304272055,0.00018840374923460976
0.8133653574456061,0.07916548930959781,0.08156729773005557,0.0031082226617688614,0.019026090232645756,0.0015541113308844307,0.002025054158425167,0.00018837713101629462
0.812991292068722,0.07959519887032243,0.08124264532831255,0.0032007531183807954,0.019204518710284772,0.0015533066603906802,0.002024005648387856,0.00018827959519887032
0.81268526796217,0.07947113348703712,0.08135322072178046,0.0031995482990636614,0.019526655060462052,0.0015527219686632474,0.00202324377734908,0.00018820872347433302
0.8122118731771568,0.07987581145921535,0.08128704487722269,0.0031987957474833005,0.019663185624235583,0.0015523567598080723,0.002022767899143852,0.00018816445573431178
0.8122882950696274,0.07969514490026346,0.08157696650357546,0.00319909672563041,0.019476853594279264,0.0015525028227324049,0.0020229582235604063,0.0001881821603312006
0.812364731344688,0.07965559424108404,0.08167874282488002,0.0031523477933565447,0.019619836266114615,0.0014585489790157147,0.0019760986167309683,9.409993413004611e-05
0.8124647224835372,0.07977422389463781,0.0812793979303857,0.003151458137347131,0.019849482596425213,0.0014111006585136407,0.001975540921919097,9.407337723424271e-05
0.8125382119174153,0.07971593848469172,0.08122090015519917,0.0031510134976249823,0.019893712082020412,0.0014109015661007383,0.0019752621925410337,9.406010440671589e-05
0.8127761586913603,0.07958070884647928,0.08070884647927047,0.003149384224875435,0.02016546018614271,0.0014101720409890007,0.002115258061483501,9.401146939926671e-05
0.8128025567514218,0.07966348639375852,0.08055646942708089,0.0031489401701367673,0.020162616910278704,0.0014099732105090003,0.0021619589227804673,9.399821403393336e-05
0.8124794436874501,0.07954705633604285,0.08090964619649485,0.0032420241507306303,0.020156932763238267,0.0014095757177089697,0.00216134943382042,9.397171451393131e-05
0.8130432739745337,0.0789362401917023,0.08105060376826576,0.0032420241507306303,0.020015975191467368,0.0014565615749659352,0.00216134943382042,9.397171451393131e-05
0.8137840251986272,0.07874571012176203,0.08104931597010014,0.003149828404870481,0.01960415589299986,0.001457383291805745,0.00211555639133092,9.402472850359644e-05
0.8131578947368421,0.0787124060150376,0.08139097744360903,0.0031484962406015038,0.019830827067669175,0.0015037593984962407,0.002161654135338346,9.398496240601504e-05
0.8135744480976984,0.07844058243306717,0.08097698449976515,0.0032409581963363083,0.019962423673085955,0.0015030530765617661,0.002207609206200094,9.394081728511038e-05
0.8141085853841818,0.07801052038324253,0.08087544617696787,0.0032406537666729287,0.019960548562840505,0.0015029118917903438,0.0022074018410670674,9.393199323689649e-05
0.8137089201877934,0.07793427230046948,0.08112676056338028,0.0032863849765258214,0.020093896713615025,0.0015023474178403756,0.0022535211267605635,9.389671361502347e-05
0.8140200957836417,0.07747206310451686,0.08146304817353742,0.00328669358625223,0.019861019814067047,0.001502488496572448,0.002300685510376561,9.3905531035778e-05
0.8144896234388206,0.07719034651140952,0.08132218987698375,0.0032397408207343412,0.01981406704854916,0.0015494412620903372,0.002300685510376561,9.3905531035778e-05
0.8145070422535211,0.07727699530516433,0.08126760563380282,0.0032863849765258214,0.01976525821596244,0.0015023474178403756,0.002300469483568075,9.389671361502347e-05
0.8145748227449876,0.0773348358923792,0.08137296332816829,0.0032868479128515754,0.019627177536742264,0.001502559045875006,0.002206883598628915,9.390994036718787e-05
0.8137471242781351,0.07751537630874689,0.08211653129254895,0.0033804403962627355,0.019390581717451522,0.0015493685149537537,0.002206676369782619,9.390112211840932e-05
0.8137853319560522,0.07742511033899897,0.08226124518734153,0.003333646351770119,0.01929758662785238,0.001502488496572448,0.002300685510376561,9.3905531035778e-05
0.8133333333333334,0.0776056338028169,0.08262910798122065,0.003427230046948357,0.01915492957746479,0.0015023474178403756,0.0022535211267605635,9.389671361502347e-05
0.8137646119900475,0.07774282897516549,0.08206187502934134,0.0033801229989202384,0.019247922632740246,0.0014553307356462138,0.0022534153326134922,9.389230552556218e-05
0.8136850009386146,0.07790501220198986,0.08184719354233153,0.00347287403792003,0.019288530129528816,0.0014548526375070395,0.0022526750516238033,9.386146048432514e-05
0.813506030315829,0.07827678445727157,0.08165563846262143,0.0034257825332019336,0.019334553475057487,0.001501712891266601,0.00220564080904782,9.385705570416256e-05
0.8128783967710143,0.07917585769934764,0.08161637020697424,0.00347303703008401,0.019054770732623082,0.0015018538508471395,0.002205847843431736,9.386586567794622e-05
0.8128783967710143,0.07912892476650867,0.08180410193833013,0.003519969962922983,0.01886703900126719,0.0014549209180081664,0.002252780776270709,9.386586567794622e-05
0.8130485801455057,0.07890166627552218,0.08195259328796058,0.003426425721661582,0.018962684815770944,0.0013142454822811546,0.0022999295939920205,9.387467730579676e-05
0.8133508590742653,0.07858417050042249,0.08210496666979626,0.003379964322598817,0.018871467467843395,0.0013613745188245235,0.0022533095483992112,9.388789784996713e-05
0.813439143501127,0.07827761081893313,0.08264462809917356,0.0033809166040570998,0.018688955672426746,0.0013617580766341097,0.002160030052592036,4.695717505634861e-05
0.8138650133859378,0.07824902540979757,0.0825231318397445,0.00333474237940914,0.018458503593067492,0.0013151096707529003,0.002207505518763797,4.69682025268893e-05
0.813591959421379,0.07815141837309787,0.0829419500281796,0.003287619763291377,0.018410670674431712,0.0013620139019349992,0.0022074018410670674,4.6965996618448245e-05
0.8135712608593566,0.078093449166471,0.08297722470063396,0.003240197229396572,0.018408077013383425,0.001408781404085466,0.0022540502465367455,4.6959380136182205e-05
0.8137765882518665,0.07794525050476593,0.08287552237404329,0.0032398929426679813,0.018547213222519603,0.0013616941353242241,0.002206883598628915,4.6954970183593935e-05
0.8139731430181237,0.07765987416658841,0.08301248943562776,0.0032397408207343412,0.018593295145084045,0.001361630200018781,0.0021128744483050054,4.6952765517889e-05
0.8137940748391943,0.07793793135827973,0.08296164139161463,0.003286539274144326,0.01845157049626743,0.001361566270716935,0.002159725808723414,4.695056105920466e-05
0.8136532231560167,0.07798488191933893,0.08314944363585144,0.003286539274144326,0.018404619935208227,0.001361566270716935,0.0021127752476642098,4.695056105920466e-05
0.8134097098319091,0.07812940182176731,0.08348201709080665,0.0034275518828058974,0.018123767489905157,0.001314677434500892,0.002065921682787116,4.6952765517889e-05
0.8136380702083724,0.07776422001126337,0.08330204617983855,0.00347287403792003,0.01844377698516989,0.0012671297165383893,0.002064952130655153,4.693073024216257e-05
0.813394659032243,0.07809640024405125,0.08339982165485521,0.00347303703008401,0.018303843807199512,0.0012671891866522739,0.0020181161120758438,4.693293283897311e-05
0.813996057448606,0.07781845489533465,0.08321599549422698,0.0034732000375481084,0.01825776776494884,0.0011733783910635501,0.002018210832629306,4.693513564254201e-05
0.8135410312954535,0.07802749495613007,0.08323558391591986,0.0034720593065265333,0.018298690939802,0.0012199127293201332,0.0021583071364894664,4.6919720358466666e-05
0.8134352863911433,0.07829431908805179,0.08303232162124126,0.0034714077965942677,0.01838907913871558,0.0011727729042548202,0.002157902143828869,4.69109161701928e-05
0.8131069099779519,0.07801285359103063,0.08373598536379416,0.0034714077965942677,0.018248346390205002,0.0011727729042548202,0.0022048130599990616,4.69109161701928e-05
0.8130893736805067,0.07787942763312221,0.08397841895378841,0.003377902885292048,0.018250058644147315,0.001172882946281961,0.0022050199390100866,4.691531785127844e-05
0.8133120690463905,0.07781790890754726,0.08372812983723439,0.003377269102678362,0.01824663445752615,0.0012195693981894085,0.002251512735118908,4.690651531497725e-05
0.8137898686679175,0.07739212007504691,0.08377110694183865,0.003424015009380863,0.018105065666041274,0.0011726078799249532,0.002298311444652908,4.6904315196998124e-05
0.81443782541395,0.07702049814719264,0.08358741029128947,0.003377269102678362,0.01805900839626624,0.0011726628828744312,0.0022984192504338853,4.690651531497725e-05
0.8150476101130447,0.0765045264787279,0.08358741029128947,0.003377269102678362,0.01796519536563629,0.0011726628828744312,0.0022984192504338853,4.690651531497725e-05
0.8152525678908119,0.07607523099291778,0.08381408001500867,0.0033769523005487546,0.01791660803902256,0.0012194549974203837,0.002298203648984569,4.690211528539937e-05
0.8152821426896196,0.07626999390215301,0.08368122332191942,0.0032834560720484077,0.017871382335006333,0.0012195693981894085,0.0023453257657488624,4.690651531497725e-05
0.8151796603808987,0.07613284548269068,0.08396660099446478,0.003189792663476874,0.017872220658598368,0.0012665353222628764,0.00234543578196829,4.690871563936579e-05
0.8153586339541211,0.07613641694422292,0.08392362902847493,0.0031899422995731105,0.017685415396162685,0.0012665947365952056,0.002392456724679833,4.69109161701928e-05
0.8150093808630394,0.07617260787992496,0.08419324577861163,0.0031894934333958724,0.017589118198874296,0.0013602251407129457,0.0024390243902439024,4.6904315196998124e-05
0.8152056657755264,0.07616903522348858,0.08409549270672108,0.003236245954692557,0.017541391116739365,0.0013601613432765818,0.0023451057642699686,4.690211528539937e-05
0.8153550323609418,0.07597786323984616,0.08423224838195291,0.003282994090610637,0.017399868680236377,0.0013600975518244067,0.002344995779007598,4.689991558015196e-05
0.8156783636704823,0.07604616250703697,0.08416213173203228,0.003237005066616626,0.017357853255770314,0.0013135672734096453,0.002204916494651905,0.0
0.8151327516652594,0.07627357162960878,0.08443568815085843,0.003189792663476874,0.017450042217844075,0.0013134440379022423,0.002204709635050192,0.0
0.8155376243197598,0.07557703133796209,0.08495965471945956,0.003237005066616626,0.017264027021955338,0.001266654156502158,0.0021580033777444173,0.0
0.8157043013274544,0.07556639617242834,0.0847600731741639,0.00323654955673343,0.01726159763591163,0.001313382428819363,0.0021576997044889536,0.0
0.8155216881594373,0.07540445486518171,0.08492379835873388,0.0032356389214536927,0.01735052754982415,0.0013599062133645954,0.0022039859320046895,0.0
