,btrf_pt-O+,btrf_pt-A+,btrf_pt-B+,btrf_pt-AB+,btrf_pt-O-,btrf_pt-A-,btrf_pt-B-,btrf_pt-AB-
0,1.0,0.0,0.0,0.0,0.0,0.0,0.0,0.0
1,1.0,0.0,0.0,0.0,0.0,0.0,0.0,0.0
2,1.0,0.0,0.0,0.0,0.0,0.0,0.0,0.0
3,1.0,0.0,0.0,0.0,0.0,0.0,0.0,0.0
4,1.0,0.0,0.0,0.0,0.0,0.0,0.0,0.0
5,1.0,0.0,0.0,0.0,0.0,0.0,0.0,0.0
6,1.0,0.0,0.0,0.0,0.0,0.0,0.0,0.0
7,1.0,0.0,0.0,0.0,0.0,0.0,0.0,0.0
8,1.0,0.0,0.0,0.0,0.0,0.0,0.0,0.0
9,1.0,0.0,0.0,0.0,0.0,0.0,0.0,0.0
10,1.0,0.0,0.0,0.0,0.0,0.0,0.0,0.0
11,1.0,0.0,0.0,0.0,0.0,0.0,0.0,0.0
12,1.0,0.0,0.0,0.0,0.0,0.0,0.0,0.0
13,1.0,0.0,0.0,0.0,0.0,0.0,0.0,0.0
14,1.0,0.0,0.0,0.0,0.0,0.0,0.0,0.0
15,1.0,0.0,0.0,0.0,0.0,0.0,0.0,0.0
16,1.0,0.0,0.0,0.0,0.0,0.0,0.0,0.0
17,1.0,0.0,0.0,0.0,0.0,0.0,0.0,0.0
18,1.0,0.0,0.0,0.0,0.0,0.0,0.0,0.0
19,1.0,0.0,0.0,0.0,0.0,0.0,0.0,0.0
20,1.0,0.0,0.0,0.0,0.0,0.0,0.0,0.0
21,1.0,0.0,0.0,0.0,0.0,0.0,0.0,0.0
22,1.0,0.0,0.0,0.0,0.0,0.0,0.0,0.0
23,1.0,0.0,0.0,0.0,0.0,0.0,0.0,0.0
24,1.0,0.0,0.0,0.0,0.0,0.0,0.0,0.0
25,1.0,0.0,0.0,0.0,0.0,0.0,0.0,0.0
26,1.0,0.0,0.0,0.0,0.0,0.0,0.0,0.0
27,1.0,0.0,0.0,0.0,0.0,0.0,0.0,0.0
28,1.0,0.0,0.0,0.0,0.0,0.0,0.0,0.0
29,1.0,0.0,0.0,0.0,0.0,0.0,0.0,0.0
30,1.0,0.0,0.0,0.0,0.0,0.0,0.0,0.0
31,1.0,0.0,0.0,0.0,0.0,0.0,0.0,0.0
32,1.0,0.0,0.0,0.0,0.0,0.0,0.0,0.0
33,1.0,0.0,0.0,0.0,0.0,0.0,0.0,0.0
34,1.0,0.0,0.0,0.0,0.0,0.0,0.0,0.0
35,1.0,0.0,0.0,0.0,0.0,0.0,0.0,0.0
36,1.0,0.0,0.0,0.0,0.0,0.0,0.0,0.0
37,1.0,0.0,0.0,0.0,0.0,0.0,0.0,0.0
38,1.0,0.0,0.0,0.0,0.0,0.0,0.0,0.0
39,1.0,0.0,0.0,0.0,0.0,0.0,0.0,0.0
40,1.0,0.0,0.0,0.0,0.0,0.0,0.0,0.0
41,1.0,0.0,0.0,0.0,0.0,0.0,0.0,0.0
42,1.0,0.0,0.0,0.0,0.0,0.0,0.0,0.0
43,1.0,0.0,0.0,0.0,0.0,0.0,0.0,0.0
44,1.0,0.0,0.0,0.0,0.0,0.0,0.0,0.0
45,1.0,0.0,0.0,0.0,0.0,0.0,0.0,0.0
46,1.0,0.0,0.0,0.0,0.0,0.0,0.0,0.0
47,1.0,0.0,0.0,0.0,0.0,0.0,0.0,0.0
48,1.0,0.0,0.0,0.0,0.0,0.0,0.0,0.0
49,1.0,0.0,0.0,0.0,0.0,0.0,0.0,0.0
50,1.0,0.0,0.0,0.0,0.0,0.0,0.0,0.0
51,1.0,0.0,0.0,0.0,0.0,0.0,0.0,0.0
52,1.0,0.0,0.0,0.0,0.0,0.0,0.0,0.0
53,1.0,0.0,0.0,0.0,0.0,0.0,0.0,0.0
54,1.0,0.0,0.0,0.0,0.0,0.0,0.0,0.0
55,1.0,0.0,0.0,0.0,0.0,0.0,0.0,0.0
56,1.0,0.0,0.0,0.0,0.0,0.0,0.0,0.0
57,1.0,0.0,0.0,0.0,0.0,0.0,0.0,0.0
58,1.0,0.0,0.0,0.0,0.0,0.0,0.0,0.0
59,1.0,0.0,0.0,0.0,0.0,0.0,0.0,0.0
60,1.0,0.0,0.0,0.0,0.0,0.0,0.0,0.0
61,1.0,0.0,0.0,0.0,0.0,0.0,0.0,0.0
62,1.0,0.0,0.0,0.0,0.0,0.0,0.0,0.0
63,1.0,0.0,0.0,0.0,0.0,0.0,0.0,0.0
64,1.0,0.0,0.0,0.0,0.0,0.0,0.0,0.0
65,1.0,0.0,0.0,0.0,0.0,0.0,0.0,0.0
66,1.0,0.0,0.0,0.0,0.0,0.0,0.0,0.0
67,1.0,0.0,0.0,0.0,0.0,0.0,0.0,0.0
68,1.0,0.0,0.0,0.0,0.0,0.0,0.0,0.0
69,1.0,0.0,0.0,0.0,0.0,0.0,0.0,0.0
70,1.0,0.0,0.0,0.0,0.0,0.0,0.0,0.0
71,1.0,0.0,0.0,0.0,0.0,0.0,0.0,0.0
72,1.0,0.0,0.0,0.0,0.0,0.0,0.0,0.0
73,1.0,0.0,0.0,0.0,0.0,0.0,0.0,0.0
74,1.0,0.0,0.0,0.0,0.0,0.0,0.0,0.0
75,1.0,0.0,0.0,0.0,0.0,0.0,0.0,0.0
76,1.0,0.0,0.0,0.0,0.0,0.0,0.0,0.0
77,1.0,0.0,0.0,0.0,0.0,0.0,0.0,0.0
78,1.0,0.0,0.0,0.0,0.0,0.0,0.0,0.0
79,1.0,0.0,0.0,0.0,0.0,0.0,0.0,0.0
80,1.0,0.0,0.0,0.0,0.0,0.0,0.0,0.0
81,1.0,0.0,0.0,0.0,0.0,0.0,0.0,0.0
82,1.0,0.0,0.0,0.0,0.0,0.0,0.0,0.0
83,1.0,0.0,0.0,0.0,0.0,0.0,0.0,0.0
84,1.0,0.0,0.0,0.0,0.0,0.0,0.0,0.0
85,1.0,0.0,0.0,0.0,0.0,0.0,0.0,0.0
86,1.0,0.0,0.0,0.0,0.0,0.0,0.0,0.0
87,1.0,0.0,0.0,0.0,0.0,0.0,0.0,0.0
88,1.0,0.0,0.0,0.0,0.0,0.0,0.0,0.0
89,1.0,0.0,0.0,0.0,0.0,0.0,0.0,0.0
90,1.0,0.0,0.0,0.0,0.0,0.0,0.0,0.0
91,1.0,0.0,0.0,0.0,0.0,0.0,0.0,0.0
92,1.0,0.0,0.0,0.0,0.0,0.0,0.0,0.0
93,1.0,0.0,0.0,0.0,0.0,0.0,0.0,0.0
94,1.0,0.0,0.0,0.0,0.0,0.0,0.0,0.0
95,1.0,0.0,0.0,0.0,0.0,0.0,0.0,0.0
96,1.0,0.0,0.0,0.0,0.0,0.0,0.0,0.0
97,1.0,0.0,0.0,0.0,0.0,0.0,0.0,0.0
98,1.0,0.0,0.0,0.0,0.0,0.0,0.0,0.0
99,1.0,0.0,0.0,0.0,0.0,0.0,0.0,0.0
100,0.9867385818199812,0.013261418180018804,0.0,0.0,0.0,0.0,0.0,0.0
101,0.97347978823413,0.02652021176587007,0.0,0.0,0.0,0.0,0.0,0.0
102,0.9602236184633651,0.03977638153663484,0.0,0.0,0.0,0.0,0.0,0.0
103,0.9469700717289141,0.03977244620331437,0.013257482067771456,0.0,0.0,0.0,0.0,0.0
104,0.9337191472523124,0.03976851164861255,0.026512341099075035,0.0,0.0,0.0,0.0,0.0
105,0.9204708442554034,0.03976457787229833,0.03976457787229833,0.0,0.0,0.0,0.0,0.0
106,0.9204787102517185,0.039760644874140744,0.039760644874140744,0.0,0.0,0.0,0.0,0.0
107,0.9205360233397617,0.03970726400632943,0.03975671265390891,0.0,0.0,0.0,0.0,0.0
108,0.9205438813349814,0.03970333745364648,0.03975278121137207,0.0,0.0,0.0,0.0,0.0
109,0.9206011766450783,0.03969941167746082,0.03969941167746082,0.0,0.0,0.0,0.0,0.0
110,0.9206623826000989,0.03964409293129016,0.03969352446861097,0.0,0.0,0.0,0.0,0.0
111,0.9206247219888302,0.03968763900558493,0.03968763900558493,0.0,0.0,0.0,0.0,0.0
112,0.920685906305594,0.039681755287606243,0.039632338406799764,0.0,0.0,0.0,0.0,0.0
113,0.9206443324439174,0.03977665777250716,0.03957900978357545,0.0,0.0,0.0,0.0,0.0
114,0.920602766798419,0.03977272727272727,0.039624505928853755,0.0,0.0,0.0,0.0,0.0
115,0.9204624049007015,0.039917004248592035,0.039620590850706454,0.0,0.0,0.0,0.0,0.0
116,0.9203220707370084,0.04001185536455246,0.03966607389843904,0.0,0.0,0.0,0.0,0.0
117,0.9200296369473944,0.0401580637194369,0.03981229933316868,0.0,0.0,0.0,0.0,0.0
118,0.9198893663258755,0.04025287696942757,0.03985775670469699,0.0,0.0,0.0,0.0,0.0
119,0.9197491234135019,0.04029828633512766,0.03995259025137044,0.0,0.0,0.0,0.0,0.0
120,0.9190697215089868,0.04088485087892554,0.040045427612087695,0.0,0.0,0.0,0.0,0.0
121,0.9178433889602053,0.04206576478720253,0.04009084625259208,0.0,0.0,0.0,0.0,0.0
122,0.9163210900473934,0.04354265402843602,0.04013625592417062,0.0,0.0,0.0,0.0,0.0
123,0.9142645607107601,0.04521224086870681,0.040473840078973346,4.935834155972359e-05,0.0,0.0,0.0,0.0
124,0.9115673114883537,0.04712791156731149,0.04120607974733517,9.869719699960521e-05,0.0,0.0,0.0,0.0
125,0.9084764160252615,0.048697454114860865,0.04267811328202092,0.00014801657785671994,0.0,0.0,0.0,0.0
126,0.9042805010356051,0.05079396390176546,0.04458033336620969,0.0003452016964197653,0.0,0.0,0.0,0.0
127,0.9015383098313776,0.051967261611280936,0.046099990139039544,0.0003944384183019426,0.0,0.0,0.0,0.0
128,0.8985114353312302,0.053381309148264985,0.04761435331230284,0.0004929022082018927,0.0,0.0,0.0,0.0
129,0.896057171020207,0.05441103992114342,0.049038935436175456,0.0004928536224741252,0.0,0.0,0.0,0.0
130,0.8927867560110366,0.056119432400473,0.050502562081198264,0.0005912495072920772,0.0,0.0,0.0,0.0
131,0.8898029556650247,0.057980295566502464,0.051576354679802955,0.0006403940886699507,0.0,0.0,0.0,0.0
132,0.8857480547621392,0.060425490002954794,0.05308775731310943,0.0007386979217965133,0.0,0.0,0.0,0.0
133,0.8815854258985721,0.06282619399310685,0.05480059084194978,0.0007877892663712457,0.0,0.0,0.0,0.0
134,0.8769185360094451,0.06498425816607635,0.056916568280204645,0.0011806375442739079,0.0,0.0,0.0,0.0
135,0.8726512543039843,0.06724053123462863,0.05892769306443679,0.0011805213969503198,0.0,0.0,0.0,0.0
136,0.8679087602005703,0.06941303706616851,0.06125258086717137,0.0014256218660898634,0.0,0.0,0.0,0.0
137,0.8634398034398034,0.07144963144963144,0.06353808353808353,0.0015724815724815725,0.0,0.0,0.0,0.0
138,0.8584266352386565,0.07424867413081909,0.06545865252406206,0.0018660381064623847,0.0,0.0,0.0,0.0
139,0.8543875147232037,0.07616804083235179,0.06733411857086768,0.002110325873576757,0.0,0.0,0.0,0.0
140,0.8494359980382541,0.07817557626287396,0.06998528690534576,0.002403138793526238,0.0,0.0,0.0,0.0
141,0.8458823529411764,0.07887254901960784,0.07264705882352941,0.0025980392156862743,0.0,0.0,0.0,0.0
142,0.8435937653171258,0.0793059503970199,0.07450249975492598,0.0025977845309283405,0.0,0.0,0.0,0.0
143,0.8416486963340521,0.07978827680846892,0.07596549696138012,0.002597529896098804,0.0,0.0,0.0,0.0
144,0.8403979026804528,0.08002156122899005,0.07698338805311902,0.002597148037438134,0.0,0.0,0.0,0.0
145,0.8394493165450002,0.08069178384204595,0.07721326735583754,0.0026456322571162608,0.0,0.0,0.0,0.0
146,0.8384852789888796,0.08127173859795228,0.07759760936658013,0.0026453730465879587,0.0,0.0,0.0,0.0
147,0.8374154991672381,0.08185558930145978,0.07808366807093171,0.002645243460370334,0.0,0.0,0.0,0.0
148,0.8369496008228438,0.08218641328304845,0.07821913111622668,0.0026448547778811773,0.0,0.0,0.0,0.0
149,0.8355942994270043,0.08291297321122484,0.07884813164209804,0.002644595719672854,0.0,0.0,0.0,0.0
150,0.8341821743388834,0.08364348677766895,0.07952987267384917,0.002644466209598433,0.0,0.0,0.0,0.0
151,0.8325907065563335,0.08465945257797582,0.08010576311021887,0.002644077755471772,0.0,0.0,0.0,0.0
152,0.8307142507465609,0.08562197092084006,0.08097126352376756,0.0026925148088314485,0.0,0.0,0.0,0.0
153,0.8287895844549948,0.08687778375997258,0.08159169888894327,0.0027409328960892763,0.0,0.0,0.0,0.0
154,0.8272487031418224,0.08808847998433983,0.08192228638543604,0.0027405304884016834,0.0,0.0,0.0,0.0
155,0.8253168273229926,0.0892009590448696,0.08274208543328278,0.002740128198855018,0.0,0.0,0.0,0.0
156,0.8238172121923774,0.09012182592103332,0.0833211018151573,0.002739860071432066,0.0,0.0,0.0,0.0
157,0.821356943697109,0.09157168713006897,0.08428312869931028,0.0027882404735117155,0.0,0.0,0.0,0.0
158,0.8184129467559771,0.09323815577176943,0.08536644990954873,0.002982447562704738,0.0,0.0,0.0,0.0
159,0.8152274837511606,0.09475638958119532,0.08683966182866637,0.0031764648389776672,0.0,0.0,0.0,0.0
160,0.8118923144574193,0.0966922362827967,0.08819074607905408,0.0032247031807299555,0.0,0.0,0.0,0.0
161,0.808986568986569,0.09821733821733822,0.08942612942612943,0.00336996336996337,0.0,0.0,0.0,0.0
162,0.8059665055417216,0.09965333723939261,0.09091352961281188,0.0034666276060739223,0.0,0.0,0.0,0.0
163,0.8028210259163454,0.10137146761676998,0.09219581238713456,0.0036116940797501097,0.0,0.0,0.0,0.0
164,0.79987315216861,0.1027467434258672,0.09362345709128166,0.0037566473142411085,0.0,0.0,0.0,0.0
165,0.7973467297468663,0.10398478271472468,0.0948153928693362,0.0038530946690728185,0.0,0.0,0.0,0.0
166,0.7948217855575601,0.10551465210395436,0.0957140767467941,0.003949485591691453,0.0,0.0,0.0,0.0
167,0.7925420424079942,0.10650743358518157,0.09690470387521326,0.004045820131611017,0.0,0.0,0.0,0.0
168,0.7898377746382813,0.1081015248209675,0.09777366395479126,0.004287036585959955,0.0,0.0,0.0,0.0
169,0.7877075926557249,0.10909268007597527,0.09881653922953294,0.0043831880387668635,0.0,0.0,0.0,0.0
170,0.7852447041636231,0.1103481860238617,0.10002434867299732,0.004382761139517896,0.0,0.0,0.0,0.0
171,0.7830468864112177,0.11154389210769755,0.10097862602853108,0.004430595452553678,0.0,0.0,0.0,0.0
172,0.7808986029304386,0.11225234873192814,0.10237063720001947,0.004478411137613786,0.0,0.0,0.0,0.0
173,0.7781671290212683,0.11373923200467222,0.10356743076848202,0.004526208205577456,0.0,0.0,0.0,0.0
174,0.7766262832676495,0.11458181287403299,0.10416970758526736,0.004622196273050163,0.0,0.0,0.0,0.0
175,0.7751082145810029,0.11550994601429891,0.10461553426389766,0.004766305140800545,0.0,0.0,0.0,0.0
176,0.7740069042641124,0.11591384256332961,0.10521709534691497,0.004862157825643021,0.0,0.0,0.0,0.0
177,0.7733968593514512,0.11638874033740094,0.10535271525110604,0.00486168506004181,0.0,0.0,0.0,0.0
178,0.7722521996986048,0.116960770016042,0.105925817898984,0.004861212386369161,0.0,0.0,0.0,0.0
179,0.7706997084548105,0.11758989310009718,0.10670553935860058,0.0050048590864917395,0.0,0.0,0.0,0.0
180,0.7706136728050144,0.11719547155143094,0.10718623973567853,0.0050046159078761965,0.0,0.0,0.0,0.0
181,0.7717380744195084,0.11624404935392986,0.10696589915476537,0.005051977071796367,0.0,0.0,0.0,0.0
182,0.7732769925688474,0.11452717470493953,0.1070960221477488,0.0050998105784642285,0.0,0.0,0.0,0.0
183,0.774848264141782,0.11323136683661082,0.10672493323622238,0.005195435785384802,0.0,0.0,0.0,0.0
184,0.7765425506092529,0.11291810282052527,0.10529637361036943,0.00524297295985242,0.0,0.0,0.0,0.0
185,0.7784518320795923,0.11307934967240961,0.10313030817762679,0.005338510070371269,0.0,0.0,0.0,0.0
186,0.7808026398796526,0.11248604843014509,0.10137331974571748,0.005337991944484884,0.0,0.0,0.0,0.0
187,0.7821931101407084,0.11251819505094614,0.09995147986414361,0.005337214944201844,0.0,0.0,0.0,0.0
188,0.783285638065674,0.11281951787359945,0.09846243391376049,0.005432410146966096,0.0,0.0,0.0,0.0
189,0.7837641239513118,0.11304010474758741,0.09771592066340139,0.005479850637699433,0.0,0.0,0.0,0.0
190,0.7850770871715311,0.11126733249297004,0.0981285755842141,0.005527004751284786,0.0,0.0,0.0,0.0
191,0.7884149297140087,0.10814348036839554,0.09786718371303926,0.005574406204556471,0.0,0.0,0.0,0.0
192,0.7898153980328504,0.10562527254227433,0.09884199815882552,0.005717331266049712,0.0,0.0,0.0,0.0
193,0.7921046258173892,0.10462581738919835,0.09745701138290143,0.00581254541051102,0.0,0.0,0.0,0.0
194,0.7936177424822043,0.10474069052346133,0.09573386276693623,0.0059077042273981886,0.0,0.0,0.0,0.0
195,0.7953808163462935,0.105117900547136,0.09359415097080327,0.005907132135767201,0.0,0.0,0.0,0.0
196,0.7936861472909504,0.10632837844380962,0.09412676124533965,0.0058587130199002566,0.0,0.0,0.0,0.0
197,0.7910556120226514,0.10764241808237743,0.09530032428246454,0.006001645612506655,0.0,0.0,0.0,0.0
198,0.7897972024587386,0.10856202507139054,0.09568752722520692,0.00595324524466386,0.0,0.0,0.0,0.0
199,0.7868582764794116,0.10978855179755165,0.0973048821793197,0.006048289543717037,0.0,0.0,0.0,0.0
200,0.7846674727932286,0.11085852478839178,0.09828295042321644,0.00619105199516324,0.0,0.0,0.0,0.0
201,0.7827747956864451,0.11209439528023599,0.09889259635378887,0.006238212679529958,0.0,0.0,0.0,0.0
202,0.7814358230601886,0.11264201111916848,0.09958907420836355,0.006333091612279429,0.0,0.0,0.0,0.0
203,0.7798888083152042,0.11370558375634518,0.10012086052695189,0.0062847474014986705,0.0,0.0,0.0,0.0
204,0.7791096718062739,0.11426361834791435,0.10029484267001788,0.0063318671757939,0.0,0.0,0.0,0.0
205,0.7770475960376902,0.11553515341870017,0.10099057743416284,0.006426673109446726,0.0,0.0,0.0,0.0
206,0.7757812877360769,0.11621504129836256,0.10143457469931894,0.006569096266241608,0.0,0.0,0.0,0.0
207,0.7752765566880827,0.11661272402299405,0.10163760204821023,0.006473117240713009,0.0,0.0,0.0,0.0
208,0.7749710200927357,0.1169339258114374,0.10162287480680061,0.006472179289026275,0.0,0.0,0.0,0.0
209,0.7742683280208635,0.11721240220226022,0.10204771563797933,0.006471554138896938,0.0,0.0,0.0,0.0
210,0.7743431221020093,0.11741692426584235,0.10186437403400309,0.006375579598145286,0.0,0.0,0.0,0.0
211,0.7742901294185822,0.11739424377052347,0.10189298821711416,0.006422638593780182,0.0,0.0,0.0,0.0
212,0.7746982134234669,0.11685176243360695,0.10202800579430227,0.006422018348623854,0.0,0.0,0.0,0.0
213,0.7745968909915999,0.11697402722796177,0.10196002703485565,0.006469054745582697,0.0,0.0,0.0,0.0
214,0.774034749034749,0.11718146718146719,0.10222007722007723,0.006563706563706564,0.0,0.0,0.0,0.0
215,0.7752678830002896,0.11651703832416256,0.10174727290278984,0.006467805772757988,0.0,0.0,0.0,0.0
216,0.7761583011583012,0.11611969111969112,0.10125482625482625,0.006467181467181467,0.0,0.0,0.0,0.0
217,0.7764211948653604,0.11610848373709101,0.10100376411543287,0.0064665572821156255,0.0,0.0,0.0,0.0
218,0.7773486530848701,0.11552573138939848,0.10089794341990924,0.006227672105822149,0.0,0.0,0.0,0.0
219,0.7784590132277687,0.11533262527759004,0.10002896591677127,0.00617939557787004,0.0,0.0,0.0,0.0
220,0.7785876333445962,0.11536419365738283,0.09986967224984312,0.006178500748177825,0.0,0.0,0.0,0.0
221,0.7790916550026545,0.11467734929291955,0.10005309136541339,0.006177904339012501,0.0,0.0,0.0,0.0
222,0.7800569525556252,0.11424296539408273,0.09957044258892804,0.006129639461363965,0.0,0.0,0.0,0.0
223,0.7807703446278599,0.1143450139974901,0.09880297325996718,0.006081668114682885,0.0,0.0,0.0,0.0
224,0.7813057954929306,0.11441393620614776,0.09810355643487911,0.006176711866042561,0.0,0.0,0.0,0.0
225,0.7811641028113999,0.11467425374933693,0.09769976370738294,0.006461879731880214,0.0,0.0,0.0,0.0
226,0.7815875771604939,0.11482445987654322,0.09717399691358025,0.00636574074074074,4.8225308641975306e-05,0.0,0.0,0.0
227,0.7824661233543907,0.1143366928678208,0.09678352702898202,0.006317210782659015,4.822298307373294e-05,0.0,4.822298307373294e-05,0.0
228,0.7823969134313962,0.11439594887870749,0.09688931757897275,0.006221364842054497,4.8227634434530984e-05,0.0,4.8227634434530984e-05,0.0
229,0.7819882364285026,0.11474303345868286,0.09676019670234307,0.006219265258894996,0.0001446340757882557,9.642271719217047e-05,4.8211358596085236e-05,0.0
230,0.781424715635242,0.114420667052246,0.09740697898592636,0.006169269327164064,0.00043377674956622325,9.63948332369385e-05,4.819741661846925e-05,0.0
231,0.7811189822177245,0.11464507734567009,0.09739289672786854,0.006120186978940774,0.0005782853838369235,9.638089730615392e-05,4.819044865307696e-05,0.0
232,0.7799402639946045,0.11561807495905194,0.09736005395510165,0.006118123133249832,0.0008189613642932846,9.634839579920994e-05,4.817419789960497e-05,0.0
233,0.7785961871750433,0.11611785095320624,0.09767956865010591,0.006162141344117081,0.001251684960523782,9.628345850182938e-05,9.628345850182938e-05,0.0
234,0.777414232786412,0.11682625222537651,0.09772410142905259,0.006158879853726603,0.00158783621228889,0.00014434874657171727,0.00014434874657171727,0.0
235,0.7764100591431456,0.1171803625522912,0.09789873539452806,0.006250901572342165,0.0019714381882002213,0.00014425157474635766,0.00014425157474635766,0.0
236,0.7749699735767476,0.11736728320922411,0.09848666826807591,0.006341580590920009,0.002450156137400913,0.00019216910881575787,0.00019216910881575787,0.0
237,0.7739318290926548,0.11819491118578973,0.09812770043206913,0.006385021603456553,0.0028324531925108015,0.0002880460873739798,0.00024003840614498319,0.0
238,0.7721039509014193,0.11847909474491752,0.09867663981588032,0.00652090525508247,0.003212504794783276,0.0003356348293057154,0.0006233218258534715,4.794783275795934e-05
239,0.7709590878604963,0.11856855418223627,0.09892689470154259,0.006467375682667433,0.0038804254096004597,0.00043115837884449555,0.0007185972980741593,4.790648653827728e-05
240,0.7695806204519341,0.1182497127537342,0.10000957487552661,0.006415166602834164,0.004404442742244351,0.0004308693986978169,0.0008617387973956338,4.787437763309077e-05
241,0.7688812359496819,0.11838140335772708,0.09977519491079542,0.006409336585832496,0.005117903094657292,0.000526139570478787,0.0008609556607834697,4.783087004352609e-05
242,0.7677197342637289,0.1181474931893132,0.10051139893896668,0.006404435310423936,0.0054485494431964826,0.0006213258136978445,0.0010514744539501983,9.55885867227453e-05
243,0.7673241320024834,0.11810497158412532,0.1001958068675677,0.006304025980228282,0.006112994889918334,0.0006686088160848178,0.0011939443144371746,9.551554515497398e-05
244,0.7664536436474628,0.11798931705455933,0.09991415490270888,0.00629530713468142,0.007106066386875239,0.0007630675314765357,0.001383059900801221,9.538344143456696e-05
245,0.7656361644357643,0.11808698137474397,0.09965226504072786,0.006383080074310484,0.007907397703996571,0.0008574286666984233,0.0013814128519030152,9.526985185538037e-05
246,0.7653804063377266,0.11819003663700814,0.09887234143788362,0.006470952086406243,0.00856449540847885,0.0009516106009420945,0.0014749964314602466,9.516106009420945e-05
247,0.7645018765737089,0.11796284859138201,0.09867452135493372,0.006556130932585871,0.009549147227896812,0.0010926884887643119,0.0015677704404009692,9.501639032733146e-05
248,0.7641558688119987,0.11756609236318762,0.09867577958137548,0.0066448336418434666,0.010062176657648678,0.0011391143386017372,0.0016612084104608666,9.49261948834781e-05
249,0.7631379244925062,0.11800417378106622,0.09865300701954088,0.006640106241699867,0.010481881995826219,0.0012331625877442611,0.0017548852210206793,9.485866059571239e-05
250,0.7632389892381358,0.11785900535722751,0.0984686862940312,0.006684682122031006,0.010667045939411179,0.0012326364196652917,0.0017541364433698383,9.481818612809937e-05
251,0.7630893153281213,0.11712864250177683,0.0990286661928453,0.006775645581615731,0.010755745084103293,0.001279317697228145,0.0018479033404406539,9.476427386875148e-05
252,0.7640704945992041,0.11649611521697935,0.09858821299981049,0.006727307182111048,0.010896342618912262,0.0012791358726549175,0.001847640704945992,9.475080538184574e-05
253,0.7644356022926436,0.11605324238548624,0.09852683435175974,0.006678982520960637,0.011036900194211548,0.0013263227701198427,0.0018473781440954953,9.47373407228459e-05
254,0.7648981525343439,0.11586925627664614,0.09829464708668877,0.006584557081951682,0.011084793936522975,0.0013263855992420653,0.0018474656560871624,9.474182851729038e-05
255,0.7650262871216786,0.11604224885141856,0.0979491308672382,0.006583621465447828,0.011083218869890589,0.0013735613129351584,0.0018472031449817648,9.472836640932126e-05
256,0.764012497633024,0.11645521681499715,0.09832418102632078,0.006769551221359591,0.011124786972164362,0.001372846051884113,0.0018462412421889794,9.46790380609733e-05
257,0.7637508283631544,0.11658619710309572,0.09840954274353876,0.006721575310044495,0.01121840386253905,0.0013727160844457067,0.001846066458392502,9.467007478935909e-05
258,0.7628763491762923,0.11697595152433252,0.09898693429274759,0.006627532664268131,0.011219466010225335,0.001372846051884113,0.0018462412421889794,9.46790380609733e-05
259,0.763405745657627,0.1166169719343083,0.09872686828529509,0.006625964314449335,0.01131146765109565,0.001372521179421648,0.0018458043447394576,9.465663306356192e-05
260,0.7632886827282624,0.11653334595541251,0.09892554551048421,0.006484593174610687,0.011407204051687414,0.0013726511099540872,0.001893311875798741,9.466559378993705e-05
261,0.7629685725104127,0.11709579704657327,0.09863687996970845,0.006436955698599016,0.011501325255585006,0.0013725861416130254,0.001893222264293828,9.46611132146914e-05
262,0.762743149226182,0.11751620994841214,0.09839557006957263,0.006294666098726869,0.011642765866818117,0.0014198494959534289,0.0018931326612712386,9.465663306356192e-05
263,0.7624680609444497,0.11739377306709567,0.09865619381092079,0.006340493990725844,0.011687328475442415,0.0014195135800132489,0.0019400018926847733,9.463423866754992e-05
264,0.7620353731202119,0.11732715407169204,0.09883665941549229,0.006431476402156436,0.011869857183391659,0.0014659982975503642,0.0019389009741795139,9.458053532582995e-05
265,0.7610627836611196,0.11781391830559758,0.09909228441754916,0.006335098335854766,0.01215015128593041,0.0014655824508320726,0.001985627836611195,9.455370650529501e-05
266,0.7604875283446711,0.11810279667422524,0.09892290249433107,0.006519274376417234,0.012329931972789115,0.001464474678760393,0.0020786092214663643,9.44822373393802e-05
267,0.7602096218308861,0.11769982531514092,0.09914546055427034,0.0065152731221377646,0.012747273499834757,0.001463575846277324,0.002124545583305793,9.442424814692413e-05
268,0.7603075761864326,0.11746391168978206,0.09864138126238324,0.006557222379469761,0.01320879328238513,0.0015095763751297292,0.00221719030097179,9.434852344560808e-05
269,0.759087266041205,0.11786337277827542,0.09895808778464005,0.006553203526472114,0.013530715194946018,0.0015557965206732356,0.0023572674555655086,9.429069822262034e-05
270,0.7584240539139451,0.11791319100805882,0.09929779914227815,0.006550732833781045,0.01376125170837457,0.0015552099533437014,0.0024035062915311748,9.425514868749706e-05
271,0.7582065652522018,0.11835350633447934,0.09847878302642114,0.006499317100739415,0.014364432722648706,0.0015541845240898602,0.0024490180379597797,9.419300145999152e-05
272,0.7568101623147495,0.11884262526464362,0.09856504351917196,0.006586685485768054,0.014961185603387439,0.0015996236179722418,0.0025405786873676783,9.409550693954363e-05
273,0.7565000705251775,0.1185763317504349,0.0986412149137242,0.006629366683906154,0.015280455122478725,0.001645587474728478,0.002632939959565565,9.403356998448446e-05
274,0.7569091934574168,0.11825531114871217,0.09827975183305132,0.006580184245158865,0.01551043429216018,0.001692047377326565,0.002679075014100395,9.400263207369807e-05
275,0.7567516791132404,0.11784322013996525,0.0983044478887793,0.006622516556291391,0.01601615706166925,0.0016908552909680147,0.0026771875440326897,9.39364050537786e-05
276,0.7556682157442614,0.11810543115993052,0.09876543209876543,0.0067126695770548745,0.016241843871755153,0.0016899028305872412,0.002722621227057222,9.388349058818007e-05
277,0.7553720559256827,0.11809139532701511,0.0986206249413531,0.006662287698226518,0.016655719245566296,0.0017359482030590222,0.0027681336210941166,9.38350380031904e-05
278,0.7555107400806679,0.11785948785292187,0.09853672263389926,0.0067535878435418814,0.016696369946534097,0.0017352968764656224,0.0028139949348091175,9.379983116030391e-05
279,0.7553555524305067,0.11789246706979796,0.09825153518023719,0.006750105470397975,0.017062766605728214,0.0017812778324661322,0.0028125439459991564,9.375146486663854e-05
280,0.7556919329148318,0.11763328023985758,0.09777007401855148,0.0068396889346950245,0.017333458259158625,0.0018270401948842874,0.00281083106905275,9.3694368968425e-05
281,0.7554546305833879,0.11784811311920591,0.09738739582357898,0.006882666916377938,0.017651465493023693,0.0018728345350688266,0.00280925180260324,9.364172675344133e-05
282,0.7552539199625555,0.1178095015211795,0.09730868242452609,0.006786800842499415,0.018066931897963958,0.001872220922068804,0.002808331383103206,9.361104610344021e-05
283,0.7549129702414374,0.11842597791502901,0.09680890885270448,0.006784577952461164,0.018294965375257346,0.0018716077110237693,0.002807411566535654,9.358038555118848e-05
284,0.7542440256278352,0.11836505635317776,0.09722676892858813,0.006874620025253706,0.01851938455782631,0.0018706449048309405,0.0028059673572464108,9.353224524154703e-05
285,0.7544991352311504,0.11816949469452624,0.0969008554199972,0.006964895059131492,0.018650960594587013,0.0019165147478147058,0.0028046557285093254,9.348852428364418e-05
286,0.7538662804279774,0.11816100546652339,0.09727608279213194,0.007055085735644536,0.018782413680325186,0.001962341727795169,0.0028033453254216697,9.344484418072232e-05
287,0.7542277866018873,0.11767728674203494,0.0972624497804354,0.006960665234046529,0.019013360739979446,0.001962066710268149,0.002802952443240213,9.34317481080071e-05
288,0.753747023392632,0.11789699771209787,0.09725918662744548,0.007097165802866881,0.019143670915627773,0.0019610589718447964,0.0028015128169211374,9.338376056403791e-05
289,0.753255238717506,0.11821533579129136,0.0969804452326504,0.007000513370980539,0.01950809726046577,0.0020534839221542913,0.0028468754375320857,0.00014001026741961077
290,0.7530795072788354,0.11818775662560657,0.09705113848450915,0.007045539380365808,0.01959686450167973,0.002053004852556924,0.0028462112728630086,0.00013997760358342665
291,0.7526465513221098,0.11850020985869515,0.0968148113603507,0.007135195634939141,0.019726717343655272,0.002145222217040526,0.0028913864664459263,0.00013990579676351257
292,0.7523316545420631,0.11928744637194554,0.09629733258720388,0.007088229807871666,0.01981906360753591,0.002191755269539265,0.0028446185413169185,0.0001398992725237829
293,0.7531353443050958,0.11925963914401604,0.09538906242715278,0.007086577462818779,0.01995431022425288,0.002191244347055807,0.0028439554291575363,0.00013986666045037065
294,0.7528901734104047,0.11938280812977811,0.09542233824352042,0.007038970725340294,0.019998135371993287,0.0022841693082230096,0.0028435577102368078,0.00013984710050344958
295,0.752831507807038,0.1196457702167327,0.09512934048007457,0.006944768119319506,0.020135166627825683,0.0023304591004427873,0.0028431601025402002,0.00013982754602656722
296,0.7529707814902838,0.119250664057039,0.0952048091709772,0.006850272612889697,0.020411016356773382,0.0023300246982618017,0.002842630131879398,0.0001398014818957081
297,0.753331469574131,0.11876805516727239,0.09519150125803746,0.006802721088435374,0.02059453918553723,0.00228310502283105,0.002888826763582145,0.0001397819401733296
298,0.7534942228848304,0.11861721953037645,0.09513604174431606,0.0067554975773388,0.020639209839731644,0.002329481923220276,0.002888557584793142,0.00013976891539321654
299,0.7534450651769088,0.11810986964618249,0.09515828677839851,0.006843575418994413,0.021042830540037243,0.0023277467411545625,0.0029329608938547485,0.00013966480446927373
300,0.7532461488341788,0.11802485223623586,0.09526690557081026,0.006841345930097268,0.021082515009075254,0.0023735281798296644,0.003025084935077023,0.00013961930469586262
301,0.7534201954397394,0.11768264308980922,0.09534667287110284,0.0068403908794788275,0.021219171707771056,0.002326663564448581,0.003024662633783155,0.00013959981386691485
302,0.7535106481912025,0.117827583000093,0.09467125453361852,0.006974797730865805,0.02124988375337115,0.002417929880033479,0.0031154096531200593,0.00023249325769552682
303,0.7528580723115531,0.11785481922111721,0.09485082256715308,0.006924435356445767,0.021656287759085416,0.0024165814666790592,0.0032066177154010597,0.00023236360256529418
304,0.753473028852855,0.11736282116805279,0.09464294011057937,0.006922826743483715,0.021790642568415185,0.0023695581470984527,0.003205872787250848,0.0002323096222645542
305,0.7536588765506668,0.11726989731914696,0.09450355433722064,0.006783440970124983,0.021930028341773915,0.0023695581470984527,0.003252334711703759,0.0002323096222645542
306,0.7534259302271566,0.11701584057230455,0.09485762066242394,0.006735727226273982,0.02206531332744925,0.002369117851999814,0.0032981836763134667,0.00023226645607841314
307,0.7530887134231306,0.11704598235020901,0.09516953088713423,0.006781235485369252,0.02196934509986066,0.002368787738039944,0.003344170924291686,0.00023223409196470042
308,0.7522867623160143,0.11751868876816642,0.09527789385708316,0.006779031434275897,0.022240794911083252,0.0023680178297813066,0.0032966522728327995,0.0002321586107628732
309,0.7526347555596824,0.11699707507312317,0.09550118389897395,0.0068248293792655184,0.022099447513812154,0.0023677979479084454,0.0033892009842611077,0.0001857096429732114
310,0.7520423319717787,0.11715558856294096,0.09575751949498701,0.0067768288154474565,0.02227998514667657,0.0023672484218343853,0.003434831043445971,0.0001856665428889714
311,0.7523787421675563,0.1169644929217916,0.09556741703411464,0.006683685309816663,0.02232536551404038,0.002413553028544906,0.0034810860988628454,0.00018565792527268506
312,0.7520760844351658,0.11686383669682208,0.09561586638830898,0.006680584551148226,0.02268615170494085,0.002458826258408722,0.003433078172117838,0.0001855717930874507
313,0.7524238066521316,0.11699216031915387,0.09509672032286497,0.00663357610057058,0.022637658301247855,0.002504986779236443,0.0034791483044950594,0.00023194322029967065
314,0.753434831043446,0.11692350538432975,0.09473635350909766,0.006544745636836242,0.022187151875232083,0.002506498329001114,0.003434831043445971,0.00023208317861121426
315,0.7539347230604949,0.11695064766237986,0.09443335345187799,0.006453410093319095,0.021960165281582247,0.0025999350016249595,0.0034356283950044107,0.00023213705371651422
316,0.7537618428385658,0.11749953557495821,0.09437116849340517,0.006362623072636076,0.021735091956158276,0.0026472227382500465,0.0033903028051272526,0.00023221252089912687
317,0.7539605110336818,0.1178164924506388,0.09421602787456446,0.006318234610917538,0.021463414634146343,0.002694541231126597,0.0032984901277584204,0.00023228803716608595
318,0.7543549960514703,0.11757328006689274,0.09402146142054164,0.006271194314117155,0.021507873832861058,0.002787197472940958,0.0032517303850977844,0.00023226645607841314
319,0.7538197185714949,0.11740119816096224,0.09469186829517484,0.006408767937584173,0.02145544048669484,0.0026935401476803045,0.003297264663539683,0.0002322017368689918
320,0.7539018952062431,0.11770717205499814,0.09466740988480118,0.006456707543664065,0.02104236343366778,0.0026477146042363435,0.0033444816053511705,0.00023225566703827572
321,0.7543207582233785,0.11763612711391934,0.09454562349005761,0.006411447686303661,0.02081397509756551,0.002741126184724029,0.0032986433748373907,0.00023229882921390075
322,0.7545661569921458,0.11762792210810057,0.09462285634614491,0.006274108844169726,0.02058837198494214,0.0027420179393038064,0.0033461913835571874,0.00023237440163591578
323,0.7550669393826701,0.11779471922647824,0.09427296392711045,0.0062755671253253995,0.02026775753068055,0.002742655262179249,0.00334696913350688,0.00023242841204908888
324,0.7552434544017114,0.11789052690322281,0.09445193693903177,0.006231688601590475,0.01990419941403525,0.002743803190252523,0.0033018648560665955,0.00023252569408919684
325,0.7550109287076222,0.11849509370785472,0.09435892666139609,0.0063712040180439935,0.019439148025856858,0.002743803190252523,0.0033018648560665955,0.00027903083290703625
326,0.7553602158039161,0.11832007813590066,0.09432119436305288,0.006325287195944375,0.019301427840565554,0.0027905678805636948,0.003302171992000372,0.0002790567880563695
327,0.7558978176911265,0.11814247824670793,0.09441161416406868,0.0062351682099483505,0.019031222372155786,0.00274533525661905,0.0032571774231073473,0.00027918663626634403
328,0.756202001396323,0.11831510356062369,0.09420525948336049,0.006143821270653944,0.01903653711892018,0.0027461019315801723,0.003071910635326972,0.00027926460321154293
329,0.7565290256505749,0.11833713514268424,0.09412969601042782,0.006191518085750198,0.01880731809506075,0.0027000605185978307,0.0030259298915320514,0.0002793166053721894
330,0.75664602635132,0.11848782531775222,0.09409190371991247,0.006238651706317799,0.018576283812095536,0.0027003119325853158,0.0029796545463010382,0.0002793426137157223
331,0.7564484588881646,0.11895893472390352,0.093956606760406,0.006238942173386722,0.018344352360554986,0.002700437657137536,0.0030729118167427136,0.00027935561970388306
332,0.7561929595827901,0.11906314024958092,0.09419817470664928,0.006192959582790091,0.018392624324827713,0.0026541255354814676,0.003026634382566586,0.0002793816353138387
333,0.7561804553284603,0.11918618185204152,0.09409190371991247,0.006238651706317799,0.01848316960752363,0.002653754830299362,0.0029330974440150846,0.0002327855114297686
334,0.7554117592290862,0.11936129602904892,0.0946883292211722,0.006238070853312229,0.018574554257250592,0.0026069549834737676,0.002886271588845957,0.00023276383781015782
335,0.7548285009540653,0.11960720435612231,0.09494112719318658,0.006282868711313817,0.018662447061013637,0.0025596872527574813,0.0028854656303811607,0.00023269884115977103
336,0.7553983618763961,0.11950856291883842,0.09442479523454951,0.006189501116902457,0.018801191362620998,0.0025595681310498883,0.002885331347728965,0.00023268801191362622
337,0.7556775874906925,0.11927587490692479,0.09442479523454951,0.006142963514519732,0.0189873417721519,0.0023734177215189874,0.002885331347728965,0.00023268801191362622
338,0.7555255688427714,0.11916616257968451,0.09478386301242381,0.0062351682099483505,0.018845097947978222,0.002326555302219534,0.0028849285747522217,0.00023265553022195338
339,0.7564687267311988,0.11871742367833209,0.09442479523454951,0.0060964259121370065,0.018847728965003724,0.0024199553239017124,0.0027922561429635146,0.00023268801191362622
340,0.7565051436019178,0.11888469952986082,0.09449332029977191,0.006004747940231811,0.018712470325373553,0.0023739701159055998,0.0027929060187124703,0.0002327421682260392
341,0.7568058076225045,0.11913071804178882,0.09372236958443855,0.005956535902089441,0.018986458187910095,0.0024198427102238356,0.0027455907673693517,0.0002326771836753688
342,0.7558388387456965,0.12003349772029404,0.09374709221178003,0.006048199497534196,0.018982041499953476,0.0023727551874941845,0.0027449520796501347,0.00023262305759746906
343,0.756093023255814,0.12009302325581396,0.09320930232558139,0.006,0.019209302325581396,0.002372093023255814,0.0027906976744186047,0.00023255813953488373
344,0.7573276263143203,0.12017307155485252,0.09216525542011725,0.005908625662975714,0.019075090722992464,0.0023727551874941845,0.0027449520796501347,0.00023262305759746906
345,0.7576674268162145,0.12016568157490576,0.09214874109926932,0.005817471028994276,0.018895145902173408,0.0023735281798296644,0.0026993065574533437,0.00023269884115977103
346,0.7580284836637811,0.12007819044959508,0.09192032020850786,0.005724657916783021,0.01884948338452946,0.002420180582705017,0.0027459741226845387,0.00023270967141394397
347,0.758224372993346,0.12005025359452794,0.09161974780140524,0.005723326043460053,0.018938160160067004,0.002466148620352706,0.00274533525661905,0.00023265553022195338
348,0.7582100660526561,0.12001116382919341,0.09154339938598939,0.005814494371569449,0.019025025583775234,0.0024188296585728906,0.0027444413433807798,0.00023257977486277793
349,0.7582228425215166,0.12053966038613631,0.09132356361944638,0.005908350779250989,0.018655501279367295,0.002419167248197255,0.0026983019306815537,0.00023261223540358222
350,0.758093023255814,0.12009302325581396,0.09186046511627907,0.006,0.018697674418604652,0.002372093023255814,0.0026511627906976743,0.00023255813953488373
351,0.7588612894222718,0.1194994883244953,0.09182249511582473,0.005954042236487115,0.01865289794399479,0.0023723137036003347,0.002604893478463113,0.00023257977486277793
352,0.7599460239169885,0.11902656926155135,0.09166627890744963,0.006002512679726397,0.018379786887534316,0.002326555302219534,0.002419617514308315,0.00023265553022195338
353,0.7600967801972827,0.1192071468453378,0.09142936906756002,0.006048762330169365,0.018285873813512005,0.0023264470500651406,0.002372975991066443,0.00023264470500651406
354,0.7599925550230329,0.1193057558978177,0.09152668558931645,0.006002512679726397,0.018286724675445537,0.002326555302219534,0.002326555302219534,0.00023265553022195338
355,0.7598287814637323,0.11971339505885638,0.09137858837761131,0.006095007676918066,0.01809891592611548,0.0023263388079839947,0.0023263388079839947,0.0002326338807983995
356,0.7599813866914844,0.11991624011167985,0.0911586784550954,0.006002791996277338,0.018054909260120988,0.002326663564448581,0.002326663564448581,0.00023266635644485808
357,0.7595142830557365,0.12017307155485252,0.09132781241276636,0.006048199497534196,0.0180515492695636,0.0023262305759746906,0.0023262305759746906,0.00023262305759746906
358,0.7598622999627838,0.11983624860439152,0.09131931522143655,0.006047636769631559,0.01804986974320804,0.0023260141421659842,0.0023260141421659842,0.00023260141421659844
359,0.7603497999813936,0.12019722764908364,0.09047353242162062,0.006047074146432226,0.017955158619406456,0.0024188296585728906,0.0023257977486277792,0.00023257977486277793
360,0.7600111622715222,0.12041300404632342,0.09050741825961583,0.0059997209432119435,0.018045672294311893,0.002418492163155202,0.0023719826984791403,0.0002325473233803079
361,0.7593359066176812,0.12086685578756452,0.09068502069478677,0.00595265776868344,0.017904478444868158,0.0026042877737990047,0.0024182672185276474,0.00023252569408919684
362,0.7593005952380952,0.12114025297619048,0.09049479166666667,0.005952380952380952,0.017857142857142856,0.002650669642857143,0.0023716517857142855,0.00023251488095238094
363,0.7587649958151214,0.12154747512322142,0.09062587184971636,0.0059518273970054865,0.017808983539477356,0.002650423137729006,0.002417929880033479,0.00023249325769552682
364,0.7581830016737958,0.12214059884694067,0.09057095034405803,0.00590477961688674,0.017807327506044263,0.002743165333829273,0.002417705039985122,0.00023247163846010788
365,0.7587441860465116,0.12237209302325582,0.09018604651162791,0.00586046511627907,0.01744186046511628,0.002697674418604651,0.0024651162790697676,0.00023255813953488373
366,0.7592075892857143,0.1220703125,0.08989025297619048,0.005812872023809524,0.017578125,0.002650669642857143,0.0025576636904761905,0.00023251488095238094
367,0.7598121279761905,0.12193080357142858,0.08947172619047619,0.005766369047619048,0.017671130952380952,0.0025576636904761905,0.0025576636904761905,0.00023251488095238094
368,0.7593152532911569,0.12243568870074895,0.08982648741684886,0.005721728613294878,0.017397776433921014,0.0026050146532074245,0.002465460296785598,0.00023259059403637716
369,0.7600465116279069,0.12204651162790697,0.08948837209302325,0.005720930232558139,0.017395348837209303,0.0026046511627906975,0.0024651162790697676,0.00023255813953488373
